0.079657729
0.013435311
0.013332161
0.013461099
0.013744762
0.014415238
0.015859341
0.018695971
0.020810549
0.023905055
0.02679326
0.028649963
0.03120293
0.033962198
0.036618315
0.040434872
0.041982125
0.044638242
0.047294359
0.049434725
0.051987692
0.055597949
0.056938901
0.059646593
0.062070623
0.064984615
0.067253919
0.070013187
0.07303033
0.075041758
0.078755165
0.080637656
0.08321641
0.085511502
0.088348132
0.090875311
0.094201905
0.096213333
0.099178901
0.101525568
0.102608645
0.105135824
0.108256117
0.111582711
0.114754579
0.115502418
0.118442198
0.123264469
0.123702857
0.127493626
0.12965978
0.13249641
0.133682637
0.137318681
0.139613773
0.144668132
0.145725421
0.148175238
0.15047033
0.152094945
0.155344176
0.157304029
0.16075956
0.163209377
0.165246593
0.168366886
0.171229304
0.173343883
0.175020073
0.178243516
0.180693333
0.185412454
0.185928205
0.18840381
0.191163077
0.193380806
0.196475311
0.198254652
0.200446593
0.206248791
0.205990916
0.209755897
0.212386227
0.214990769
0.217156923
0.219580952
0.221153993
0.226234139
0.228787106
0.229457582
0.232629451
0.234898755
0.238870037
0.239953114
0.241139341
0.245677949
0.249778168
0.250526007
0.253182125
0.256250842
0.257127619
0.26037685
0.264244982
0.265792234
0.268474139
0.271001319
0.27339956
0.274714725
0.27855707
0.281445275
0.283482491
0.286319121
0.290238828
0.291915018
0.29451956
0.296324689
0.299702857
0.301275897
0.304499341
0.307439121
0.31102359
0.313112381
0.314814359
0.319765568
0.321312821
0.321338608
0.325903004
0.329435897
0.331782564
0.332478828
0.335831209
0.338229451
0.339338315
0.343567473
0.346275165
0.349240733
0.351690549
0.354810842
0.356719121
0.35767326
0.361644542
0.36344967
0.366930989
0.369329231
0.371701685
0.374718828
0.377349158
0.379309011
0.382584029
0.384879121
0.388179927
0.391093919
0.392176996
0.395090989
0.397257143
0.400196923
0.401821538
0.40548337
0.408010549
0.410254066
0.41399326
0.416649377
0.418067692
0.420878535
0.422116337
0.425494505
0.427995897
0.43111619
0.434262271
0.436067399
0.438465641
0.440657582
0.443777875
0.445608791
0.449038535
0.451746227
0.455072821
0.457522637
0.458734652
0.461545495
0.463943736
0.466625641
0.470596923
0.472453626
0.474929231
0.477611136
0.481169817
0.482433407
0.484444835
0.486894652
0.490840147
0.492567912
0.495352967
0.497029158
0.498215385
0.502186667
0.505951648
0.506286886
0.509871355
0.513275311
0.515931429
0.518046007
0.519412747
0.522300952
0.525859634
0.527819487
0.531971282
0.533312234
0.536148864
0.538933919
0.540300659
0.544529817
0.545277656
0.548243223
0.551337729
0.553735971
0.558326154
0.559228718
0.56193641
0.562400586
0.567326007
0.570007912
0.573411868
0.575887473
0.576532161
0.581173919
0.582437509
0.584165275
0.58705348
0.58989011
0.592752527
0.595279707
0.597806886
0.600359853
0.603170696
0.604227985
0.608715018
0.610597509
0.613098901
0.616064469
0.61784381
0.620242051
0.623156044
0.62645685
0.627746227
0.631820659
0.635224615
0.636746081
0.63917011
0.642084103
0.644430769
0.646339048
0.648969377
0.652012308
0.653740073
0.657118242
0.66008381
0.663694066
0.665499194
0.668825788
0.671249817
0.672023443
0.676587839
0.678908718
0.680816996
0.683008938
0.686387106
0.688063297
0.691260952
0.693478681
0.697140513
0.70000293
0.700621832
0.703871062
0.706424029
0.708899634
0.711865201
0.713335092
0.71640381
0.71975619
0.722025495
0.724862125
0.727518242
0.728652894
0.731670037
0.734094066
0.737214359
0.739638388
0.741907692
0.745646886
0.747632527
0.748947692
0.752093773
0.754079414
0.758179634
0.759855824
0.762666667
0.765658022
0.766612161
0.771047619
0.773420073
0.775921465
0.776566154
0.779944322
0.783528791
0.786288059
0.789511502
0.793431209
0.793328059
0.795468425
0.798846593
0.800316484
0.803359414
0.806015531
0.80970315
0.81117304
0.813107106
0.816072674
0.818238828
0.821384908
0.824324689
0.827290256
0.830307399
0.832576703
0.835052308
0.836212747
0.83902359
0.841576557
0.844774212
0.847224029
0.850009084
0.852201026
0.855115018
0.857100659
0.860788278
0.862902857
0.865997363
0.867209377
0.87022652
0.872598974
0.875435604
0.877808059
0.88136674
0.882501392
0.885802198
0.88820044
0.890366593
0.893409524
0.89534359
0.899572747
0.900320586
0.902177289
0.906225934
0.90942359
0.911847619
0.914297436
0.915045275
0.919016557
0.920486447
0.923890403
0.927397509
0.930775678
0.931626667
0.936010549
0.936629451
0.938872967
0.941838535
0.94599033
0.946609231
0.9504
0.954061832
0.956640586
0.958213626
0.960663443
0.964093187
0.9642737
0.968528645
0.973015678
0.973815092
0.974795018
0.979797802
0.980906667
0.983279121
0.986605714
0.989854945
0.991814799
0.995889231
0.997436484
0.999164249
1.001330403
1.004424908
1.007029451
1.009530842
1.011722784
1.015307253
1.017550769
1.020335824
1.022089377
1.024410256
1.027917363
1.029696703
1.032120733
1.035885714
1.03781978
1.040630623
1.043132015
1.045195018
1.048908425
1.051048791
1.053730696
1.057057289
1.059146081
1.062214799
1.064071502
1.065515604
1.068996923
1.071575678
1.073329231
1.076810549
1.079028278
1.081993846
1.083592674
1.087460806
1.088982271
1.0914063
1.094681319
1.096589597
1.099787253
1.102727033
1.105769963
1.107575092
1.110437509
1.1121137
1.115930256
1.117322784
1.120468864
1.121835604
1.124775385
1.127534652
1.130061832
1.132743736
1.134961465
1.137772308
1.14048
1.143032967
1.145818022
1.148009963
1.150124542
1.152471209
1.15572044
1.158118681
1.161058462
1.162296264
1.166628571
1.168407912
1.171244542
1.172482344
1.177201465
1.179548132
1.182230037
1.185298755
1.187181245
1.189141099
1.191204103
1.19386022
1.196155311
1.199198242
1.201158095
1.204020513
1.207295531
1.210209524
1.211782564
1.214387106
1.218590476
1.219647766
1.223206447
1.226068864
1.22759033
1.231561612
1.232696264
1.234759267
1.238601612
1.240355165
1.244145934
1.24597685
1.247498315
1.250025495
1.252501099
1.255286154
1.258612747
1.261758828
1.263048205
1.266349011
1.269056703
1.271351795
1.273131136
1.277153993
1.278778608
1.282827253
1.285895971
1.288809963
1.290486154
1.292910183
1.296288352
1.299718095
1.302142125
1.305391355
1.308047473
1.31111619
1.313204982
1.315783736
1.318259341
1.320451282
1.322591648
1.324551502
1.328084396
1.330998388
1.332261978
1.336001172
1.339585641
1.340771868
1.343866374
1.345826227
1.348482344
1.351422125
1.354877656
1.356373333
1.359674139
1.362201319
1.365502125
1.367565128
1.370865934
1.37153641
1.374785641
1.376668132
1.379994725
1.382186667
1.384172308
1.387679414
1.390722344
1.392295385
1.395725128
1.397968645
1.400934212
1.403512967
1.40536967
1.407690549
1.411326593
1.413234872
1.415426813
1.418985495
1.421177436
1.42365304
1.426128645
1.42754696
1.432446593
1.434406447
1.436031062
1.438635604
1.44152381
1.443999414
1.446552381
1.449027985
1.451142564
1.454494945
1.457331575
1.459317216
1.461947546
1.463752674
1.466769817
1.468652308
1.47252044
1.473319853
1.47682696
1.479018901
1.482861245
1.483170696
1.486471502
1.489823883
1.493537289
1.494852454
1.498024322
1.499674725
1.502717656
1.506611575
1.508442491
1.510118681
1.513728938
1.516127179
1.518938022
1.519917949
1.524018168
1.524585495
1.529201465
1.531109744
1.532914872
1.536525128
1.53892337
1.541837363
1.544416117
1.545911795
1.54890315
1.551327179
1.555143736
1.556278388
1.561435897
1.562441612
1.565149304
1.567444396
1.571235165
1.572086154
1.574535971
1.579229304
1.580363956
1.583845275
1.586088791
1.587739194
1.589260659
1.592561465
1.595784908
1.598260513
1.602128645
1.604011136
1.606151502
1.608446593
1.611695824
1.614094066
1.615667106
1.617085421
1.623480733
1.624460659
1.625131136
1.629515018
1.631320147
1.634208352
1.63632293
1.639365861
1.641738315
1.645013333
1.647127912
1.649964542
1.652388571
1.654864176
1.657468718
1.660408498
1.663399853
1.665617582
1.668067399
1.669692015
1.673224908
1.675958388
1.677995604
1.680806447
1.684158828
1.685319267
1.68813011
1.690476777
1.69359707
1.696046886
1.698625641
1.702467985
1.704556777
1.706465055
1.708270183
1.711777289
1.71376293
1.716367473
1.719461978
1.722453333
1.724387399
1.727817143
1.730009084
1.731994725
1.734341392
1.73751326
1.739988864
1.742000293
1.744424322
1.747647766
1.75012337
1.752805275
1.755306667
1.757653333
1.761031502
1.762810842
1.764925421
1.767865201
1.771011282
1.773100073
1.775472527
1.777844982
1.780630037
1.782899341
1.785658608
1.788624176
1.790970842
1.793704322
1.796283077
1.798732894
1.800795897
1.803452015
1.805025055
1.809125275
1.810285714
1.815236923
1.816913114
1.818718242
1.820910183
1.824339927
1.826815531
1.829059048
1.831250989
1.833262418
1.8376463
1.839141978
1.841772308
1.843654799
1.84731663
1.850411136
1.852809377
1.854021392
1.858379487
1.859591502
1.863330696
1.865367912
1.867611429
1.869442344
1.874548278
1.874857729
1.877823297
1.880634139
1.883419194
1.885533773
1.888705641
1.890330256
1.893321612
1.895823004
1.898118095
1.900671062
1.903765568
1.905983297
1.908407326
1.911166593
1.913461685
1.916839853
1.918748132
1.921301099
1.924730842
1.927000147
1.929321026
1.933601758
1.935097436
1.936489963
1.94010022
1.942214799
1.944638828
1.948739048
1.950518388
1.952942418
1.955727473
1.957970989
1.960523956
1.963644249
1.96583619
1.968930696
1.970323223
1.973598242
1.976176996
1.979323077
1.981747106
1.984429011
1.986492015
1.989328645
1.991236923
1.994150916
1.997554872
1.999514725
2.00229978
2.004414359
2.008101978
2.009365568
2.010990183
2.015245128
2.018313846
2.020841026
2.022078828
2.025482784
2.028009963
2.030872381
2.033064322
2.035849377
2.038840733
2.040697436
2.043817729
2.045751795
2.047582711
2.050780366
2.053900659
2.056015238
2.059058168
2.060708571
2.064060952
2.066252894
2.068676923
2.071152527
2.073705495
2.076490549
2.078888791
2.081519121
2.083607912
2.086496117
2.08794022
2.090647912
2.094516044
2.096811136
2.09949304
2.101813919
2.103567473
2.106945641
2.108879707
2.112232088
2.113392527
2.117415385
2.11904
2.122340806
2.124120147
2.128091429
2.13018022
2.131907985
2.135492454
2.137735971
2.140675751
2.143899194
2.144672821
2.147870476
2.150423443
2.152383297
2.154884689
2.15844337
2.161641026
2.163884542
2.164890256
2.167185348
2.170511941
2.173039121
2.176185201
2.177758242
2.181677949
2.183947253
2.184720879
2.188898462
2.191141978
2.193411282
2.196015824
2.199265055
2.201921172
2.204603077
2.206047179
2.210044249
2.210379487
2.213963956
2.21633641
2.219250403
2.222164396
2.225336264
2.227012454
2.230751648
2.231731575
2.234671355
2.236682784
2.240241465
2.242949158
2.24586315
2.248906081
2.249628132
2.252516337
2.254424615
2.257467546
2.261619341
2.264069158
2.266493187
2.267730989
2.272140659
2.273017436
2.276034579
2.278303883
2.282043077
2.283512967
2.287071648
2.288696264
2.291223443
2.294240586
2.296123077
2.299527033
2.301899487
2.304787692
2.30628337
2.310151502
2.31175033
2.314458022
2.317758828
2.319486593
2.322220073
2.325237216
2.327377582
2.329904762
2.332431941
2.335835897
2.337615238
2.339781392
2.342411722
2.346047766
2.348059194
2.349580659
2.352752527
2.35546022
2.357600586
2.360695092
2.362938608
2.366033114
2.36827663
2.370391209
2.373485714
2.376090256
2.377585934
2.38119619
2.38362022
2.387256264
2.389628718
2.391047033
2.394554139
2.396256117
2.399582711
2.402032527
2.404327619
2.406983736
2.409820366
2.411316044
2.415699927
2.416886154
2.419800147
2.421321612
2.424751355
2.427820073
2.429934652
2.432281319
2.434499048
2.43720674
2.440662271
2.442441612
2.44455619
2.447676484
2.449455824
2.453066081
2.454742271
2.4571663
2.459512967
2.462065934
2.464773626
2.467558681
2.470369524
2.47387663
2.475114432
2.477770549
2.479807766
2.483160147
2.485919414
2.488549744
2.49099956
2.493243077
2.497008059
2.498684249
2.501211429
2.503171282
2.50634315
2.509205568
2.511732747
2.514337289
2.516529231
2.519443223
2.52168674
2.524497582
2.526637949
2.529887179
2.530789744
2.534786813
2.537417143
2.54007326
2.542677802
2.545024469
2.547500073
2.550285128
2.553276484
2.555494212
2.556551502
2.560264908
2.562637363
2.564855092
2.568749011
2.570244689
2.573184469
2.575814799
2.579167179
2.582880586
2.583937875
2.586542418
2.590797363
2.593401905
2.59618696
2.598275751
2.60175707
2.604413187
2.606914579
2.608951795
2.611324249
2.614625055
2.616275458
2.620272527
2.622258168
2.624398535
2.627235165
2.629633407
2.632031648
2.634919853
2.638194872
2.640489963
2.643378168
2.646343736
2.64850989
2.650908132
2.653074286
2.655936703
2.65838652
2.661738901
2.663776117
2.666922198
2.668959414
2.671306081
2.674245861
2.675999414
2.678475018
2.681234286
2.683735678
2.686391795
2.689512088
2.691291429
2.694282784
2.696784176
2.699827106
2.701296996
2.704649377
2.706428718
2.710477363
2.712411429
2.714422857
2.718136264
2.720096117
2.72290696
2.725150476
2.727703443
2.730488498
2.732474139
2.735284982
2.737270623
2.741216117
2.743330696
2.744800586
2.747895092
2.750215971
2.752562637
2.756559707
2.758751648
2.760530989
2.763625495
2.765533773
2.769144029
2.772006447
2.773785788
2.776622418
2.778247033
2.781186813
2.78353348
2.785802784
2.789387253
2.791579194
2.795395751
2.796504615
2.799109158
2.802048938
2.804318242
2.805968645
2.807902711
2.811745055
2.813885421
2.816412601
2.81904293
2.822627399
2.825825055
2.827810696
2.829641612
2.832761905
2.83448967
2.836630037
2.840008205
2.843051136
2.846429304
2.847177143
2.850349011
2.854578168
2.855326007
2.858085275
2.860199853
2.864248498
2.865563663
2.868426081
2.871082198
2.874589304
2.875311355
2.878637949
2.880675165
2.884156484
2.886425788
2.888411429
2.892124835
2.894368352
2.895528791
2.899990037
2.901459927
2.904941245
2.906230623
2.908654652
2.912058608
2.913837949
2.916287766
2.921187399
2.922889377
2.925622857
2.92864
2.930522491
2.932869158
2.93568
2.938748718
2.940760147
2.943519414
2.945092454
2.94839326
2.951049377
2.953937582
2.956310037
2.958863004
2.960719707
2.964613626
2.965774066
2.969281172
2.972169377
2.975341245
2.976321172
2.980008791
2.981942857
2.984624762
2.986687766
2.988931282
2.992489963
2.995094505
2.99767326
3.000819341
3.001928205
3.004842198
3.007704615
3.010953846
3.013352088
3.01595663
3.017864908
3.021449377
3.023357656
3.025884835
3.028592527
3.030500806
3.033208498
3.035941978
3.038727033
3.040893187
3.043781392
3.046308571
3.048964689
3.05105348
3.054354286
3.055953114
3.059253919
3.061213773
3.065159267
3.06639707
3.068898462
3.071477216
3.074004396
3.076712088
3.079497143
3.081353846
3.083958388
3.087362344
3.08939956
3.091514139
3.094582857
3.097342125
3.100101392
3.102241758
3.104820513
3.107089817
3.109926447
3.112453626
3.114800293
3.117997949
3.120705641
3.122484982
3.125398974
3.127977729
3.130685421
3.1325937
3.135352967
3.138937436
3.140355751
3.143063443
3.146699487
3.148504615
3.151238095
3.153197949
3.156318242
3.158355458
3.160779487
3.163487179
3.166401172
3.169134652
3.170707692
3.172873846
3.175994139
3.179630183
3.182105788
3.184168791
3.185973919
3.189919414
3.191879267
3.195695824
3.197114139
3.198816117
3.201575385
3.20466989
3.207377582
3.209956337
3.212303004
3.214417582
3.218182564
3.220090842
3.223830037
3.224861538
3.228600733
3.231849963
3.234506081
3.236285421
3.238864176
3.24144293
3.244537436
3.247270916
3.249927033
3.252351062
3.25552293
3.256425495
3.259674725
3.262408205
3.264522784
3.267772015
3.270428132
3.273006886
3.275456703
3.277751795
3.280562637
3.283192967
3.285152821
3.287937875
3.290671355
3.293430623
3.295313114
3.298356044
3.301270037
3.304467692
3.306865934
3.308310037
3.310940366
3.315040586
3.315659487
3.319321319
3.321951648
3.323627839
3.327109158
3.329223736
3.331957216
3.334922784
3.337604689
3.340209231
3.34253011
3.34536674
3.347326593
3.349595897
3.352458315
3.355707546
3.357693187
3.360065641
3.362567033
3.364604249
3.36785348
3.370844835
3.372727326
3.376002344
3.378271648
3.380592527
3.383790183
3.386472088
3.389540806
3.390804396
3.392738462
3.396916044
3.398695385
3.40148044
3.403543443
3.4071537
3.409216703
3.411872821
3.414451575
3.41597304
3.419841172
3.421594725
3.425256557
3.427654799
3.429588864
3.431780806
3.434823736
3.437686154
3.440264908
3.442482637
3.445112967
3.44792381
3.449084249
3.453364982
3.455505348
3.457826227
3.460998095
3.462339048
3.46631033
3.468553846
3.470668425
3.472989304
3.47659956
3.478610989
3.480906081
3.484258462
3.485805714
3.488642344
3.491272674
3.493567766
3.497745348
3.499576264
3.501561905
3.504037509
3.506642051
3.509581832
3.511103297
3.51422359
3.515487179
3.519200586
3.521753553
3.524229158
3.526756337
3.528896703
3.531991209
3.535008352
3.537948132
3.53954696
3.5413263
3.545710183
3.547231648
3.54983619
3.55352381
3.556050989
3.557134066
3.561750037
3.563787253
3.566933333
3.567113846
3.571549304
3.574128059
3.576345788
3.57905348
3.582328498
3.583282637
3.586016117
3.589574799
3.591328352
3.592772454
3.596717949
3.599657729
3.601720733
3.603835311
3.606439853
3.608967033
3.612164689
3.613944029
3.616729084
3.619462564
3.62266022
3.624207473
3.628204542
3.630087033
3.632150037
3.635992381
3.638751648
3.640659927
3.641949304
3.646126886
3.648937729
3.649866081
3.653166886
3.654894652
3.658247033
3.661367326
3.663456117
3.666834286
3.668690989
3.671785495
3.673384322
3.675602051
3.678438681
3.681687912
3.684395604
3.686097582
3.689475751
3.691074579
3.694065934
3.6962063
3.700254945
3.701724835
3.705231941
3.707578608
3.709925275
3.712942418
3.714824908
3.7173263
3.719672967
3.722277509
3.724933626
3.727899194
3.729987985
3.73277304
3.734578168
3.737414799
3.740303004
3.742907546
3.74517685
3.747188278
3.74968967
3.751984762
3.755208205
3.757477509
3.760082051
3.762377143
3.765652161
3.767792527
3.769546081
3.772872674
3.775709304
3.778416996
3.780712088
3.78331663
3.786282198
3.78898989
3.79162022
3.793347985
3.796855092
3.798376557
3.801548425
3.803817729
3.80696381
3.808407912
3.812301832
3.814829011
3.816814652
3.81872293
3.821740073
3.824550916
3.827078095
3.829811575
3.831668278
3.834711209
3.837289963
3.839301392
3.841931722
3.843762637
3.847604982
3.849693773
3.852581978
3.85528967
3.857765275
3.860576117
3.862664908
3.8651663
3.868467106
3.870994286
3.873521465
3.876126007
3.879375238
3.881928205
3.883578608
3.886466813
3.889458168
3.892269011
3.895028278
3.897091282
3.899386374
3.900882051
3.904389158
3.907947839
3.910294505
3.912202784
3.915116777
3.917772894
3.920429011
3.923085128
3.924580806
3.928294212
3.930898755
3.934431648
3.934947399
3.938763956
3.941420073
3.943199414
3.945907106
3.94817641
3.951451429
3.954623297
3.956892601
3.958697729
3.962385348
3.964061538
3.967362344
3.96939956
3.972055678
3.97466022
3.976903736
3.979766154
3.983247473
3.983402198
3.987940806
3.989436484
3.992350476
3.994877656
3.997275897
4.000628278
4.003052308
4.005579487
4.007900366
4.010453333
4.0128
4.016255531
4.018705348
4.0200463
4.023089231
4.025925861
4.02814359
4.030928645
4.034100513
4.036266667
4.038742271
4.041372601
4.044157656
4.046169084
4.049031502
4.052151795
4.054111648
4.057489817
4.058469744
4.061718974
4.064168791
4.06648967
4.069713114
4.071776117
4.074458022
4.077217289
4.079357656
4.082710037
4.084154139
4.087712821
4.089672674
4.092431941
4.094494945
4.097125275
4.101225495
4.102901685
4.105248352
4.107079267
4.111179487
4.113706667
4.115847033
4.118709451
4.120617729
4.123841172
4.126497289
4.128353993
4.130339634
4.133563077
4.135780806
4.138720586
4.141608791
4.143800733
4.146508425
4.149370842
4.151820659
4.154502564
4.157545495
4.159350623
4.161929377
4.165023883
4.167035311
4.169846154
4.172553846
4.174436337
4.177814505
4.179877509
4.182249963
4.185550769
4.187974799
4.190192527
4.193054945
4.1960463
4.198109304
4.202054799
4.203885714
4.206722344
4.208063297
4.210409963
4.213659194
4.217346813
4.218197802
4.221782271
4.223690549
4.224876777
4.228229158
4.230962637
4.234650256
4.23640381
4.237925275
4.241174505
4.244036923
4.247337729
4.251180073
4.25226315
4.254945055
4.256724396
4.260644103
4.262990769
4.264589597
4.267477802
4.27054652
4.272557949
4.275033553
4.278128059
4.281428864
4.283001905
4.286173773
4.288597802
4.291975971
4.292491722
4.295947253
4.300511648
4.300408498
4.304431355
4.305462857
4.30984674
4.311265055
4.313431209
4.315055824
4.319207619
4.321580073
4.325319267
4.326376557
4.329290549
4.332488205
4.334190183
4.337387839
4.338728791
4.342829011
4.344608352
4.347548132
4.350771575
4.35208674
4.354072381
4.356986374
4.361009231
4.362014945
4.364671062
4.367120879
4.370189597
4.372768352
4.375604982
4.378467399
4.380788278
4.38318652
4.385765275
4.387931429
4.391025934
4.393011575
4.395925568
4.398968498
4.400902564
4.402862418
4.405724835
4.40693685
4.411578608
4.413125861
4.415833553
4.418567033
4.421584176
4.423905055
4.426432234
4.428598388
4.431589744
4.434116923
4.436050989
4.438475018
4.441930549
4.444509304
4.447397509
4.449744176
4.451600879
4.454618022
4.457274139
4.459130842
4.462173773
4.464339927
4.467589158
4.469987399
4.472282491
4.475505934
4.47733685
4.48048293
4.482210696
4.485021538
4.488167619
4.489792234
4.49278359
4.495646007
4.497657436
4.500390916
4.503485421
4.505986813
4.508385055
4.510757509
4.513284689
4.51684337
4.519370549
4.521975092
4.526900513
4.529298755
4.532960586
4.53543619
4.537679707
4.5408
4.543456117
4.546189597
4.54900044
4.55088293
4.553281172
4.556195165
4.558670769
4.560811136
4.563518828
4.566690696
4.568083223
4.570713553
4.573808059
4.576876777
4.579764982
4.581802198
4.584561465
4.586392381
4.589590037
4.592452454
4.593148718
4.597352088
4.600240293
4.603076923
4.604804689
4.608105495
4.609394872
4.613675604
4.615454945
4.617646886
4.62128293
4.623861685
4.624429011
4.626801465
4.631623736
4.633325714
4.635491868
4.638534799
4.641371429
4.644285421
4.64629685
4.648540366
4.65186696
4.655399853
4.656895531
4.660144762
4.662517216
4.664992821
4.668138901
4.668964103
4.671465495
4.675488352
4.677112967
4.680155897
4.682992527
4.685674432
4.687144322
4.690367766
4.692533919
4.696066813
4.697923516
4.700785934
4.704112527
4.705891868
4.707929084
4.710817289
4.713292894
4.715794286
4.71796044
4.720332894
4.723375824
4.726625055
4.728610696
4.731215238
4.733665055
4.736140659
4.739312527
4.741530256
4.744289524
4.74759033
4.749550183
4.751716337
4.753882491
4.757518535
4.759529963
4.762237656
4.765435311
4.766621538
4.770154432
4.772165861
4.774925128
4.777349158
4.780392088
4.782687179
4.785033846
4.787947839
4.790346081
4.792692747
4.794162637
4.798314432
4.800609524
4.803085128
4.806076484
4.808500513
4.811105055
4.813322784
4.816417289
4.819021832
4.821342711
4.824308278
4.826268132
4.829156337
4.832147692
4.83384967
4.837227839
4.839058755
4.842385348
4.845118828
4.847465495
4.849992674
4.853422418
4.856078535
4.858786227
4.858992527
4.864330549
4.865774652
4.867553993
4.871499487
4.873124103
4.875341832
4.877920586
4.882278681
4.884212747
4.885166886
4.888519267
4.891587985
4.892774212
4.896564982
4.898756923
4.901619341
4.904404396
4.905796923
4.909149304
4.912991648
4.914538901
4.917607619
4.920779487
4.922455678
4.925550183
4.924828132
4.929830916
4.933080147
4.935375238
4.937309304
4.938701832
4.940971136
4.945999707
4.948372161
4.951518242
4.95332337
4.955618462
4.956985201
4.96152381
4.963535238
4.966113993
4.968280147
4.970807326
4.973257143
4.977460513
4.978930403
4.981715458
4.98421685
4.986924542
4.988471795
4.991927326
4.994635018
4.996259634
5.000282491
5.002164982
5.004331136
5.007915604
5.01101011
5.011603223
5.014439853
5.015703443
5.018875311
5.02245978
5.024290696
5.026843663
5.029860806
5.03192381
5.034502564
5.037674432
5.040072674
5.043192967
5.044430769
5.046674286
5.049665641
5.052837509
5.055725714
5.057737143
5.060419048
5.06292044
5.065370256
5.067407473
5.070888791
5.073467546
5.075788425
5.078031941
5.08024967
5.083137875
5.086412894
5.089249524
5.090435751
5.093169231
5.097037363
5.098610403
5.101395458
5.103767912
5.106707692
5.108177582
5.112355165
5.114263443
5.117125861
5.119008352
5.121767619
5.12522315
5.125816264
5.131205861
5.131128498
5.133139927
5.13752381
5.140489377
5.142346081
5.145389011
5.147632527
5.149515018
5.152403223
5.155136703
5.158411722
5.161403077
5.163698168
5.165503297
5.169268278
5.173549011
5.177623443
5.180434286
5.182755165
5.184018755
5.188428425
5.191032967
5.195107399
5.195984176
5.198279267
5.201528498
5.204261978
5.206041319
5.208491136
5.210940952
5.214164396
5.216820513
5.219347692
5.221874872
5.225201465
5.228141245
5.229946374
5.231854652
5.235078095
5.238121026
5.240467692
5.243510623
5.244851575
5.248332894
5.250421685
5.253026227
5.255295531
5.257590623
5.259369963
5.262954432
5.265791062
5.267570403
5.270613333
5.271954286
5.276183443
5.278942711
5.281908278
5.283868132
5.285905348
5.287968352
5.290933919
5.293306374
5.297148718
5.299779048
5.302306227
5.304446593
5.307747399
5.309784615
5.312775971
5.315793114
5.317778755
5.318681319
5.323013626
5.325153993
5.326314432
5.329898901
5.33348337
5.335597949
5.337738315
5.340059194
5.343669451
5.346016117
5.348336996
5.350580513
5.352514579
5.355428571
5.358084689
5.361720733
5.362700659
5.365202051
5.36878652
5.370540073
5.373866667
5.376239121
5.378379487
5.381345055
5.384774799
5.38696674
5.389003956
5.392459487
5.394496703
5.396688645
5.39968
5.402129817
5.404141245
5.407338901
5.411155458
5.412419048
5.415823004
5.417370256
5.420361612
5.422940366
5.425931722
5.427169524
5.429774066
5.432533333
5.435602051
5.438206593
5.440527473
5.443441465
5.445942857
5.448444249
5.451745055
5.453318095
5.456386813
5.458656117
5.460383883
5.463014212
5.466160293
5.468455385
5.471833553
5.473948132
5.477042637
5.479105641
5.482380659
5.484082637
5.487254505
5.488440733
5.492798828
5.495248645
5.497543736
5.501153993
5.503964835
5.504686886
5.508529231
5.510411722
5.511211136
5.516110769
5.518405861
5.521603516
5.524569084
5.525059048
5.530036044
5.531351209
5.533078974
5.534626227
5.538262271
5.540325275
5.54468337
5.547932601
5.548577289
5.550072967
5.55288381
5.558273407
5.559279121
5.563611429
5.564591355
5.567427985
5.570831941
5.572688645
5.576066813
5.578181392
5.579754432
5.583493626
5.58398359
5.5895537
5.589888938
5.590559414
5.595304322
5.598991941
5.600487619
5.603272674
5.604433114
5.607811282
5.611602051
5.614748132
5.614644982
5.618074725
5.623541685
5.624263736
5.626404103
5.627023004
5.631819487
5.632773626
5.637157509
5.640870916
5.642211868
5.645280586
5.646518388
5.652062711
5.651366447
5.656317656
5.65732337
5.658947985
5.662119853
5.664750183
5.667354725
5.670320293
5.672615385
5.676148278
5.678417582
5.679681172
5.682620952
5.684787106
5.688938901
5.689712527
5.693245421
5.695592088
5.697216703
5.70123956
5.703044689
5.705210842
5.709491575
5.710677802
5.714623297
5.715396923
5.718749304
5.721095971
5.724551502
5.726201905
5.729038535
5.731488352
5.734273407
5.73623326
5.73886359
5.741519707
5.745078388
5.747192967
5.749952234
5.752582564
5.753691429
5.756141245
5.759519414
5.761866081
5.764754286
5.768132454
5.77016967
5.772954725
5.774991941
5.777880147
5.781877216
5.782908718
5.784971722
5.788220952
5.789948718
5.79265641
5.794255238
5.797659194
5.801011575
5.804286593
5.806401172
5.807535824
5.811507106
5.814807912
5.817257729
5.820532747
5.822802051
5.82638652
5.827134359
5.829842051
5.833787546
5.834973773
5.838094066
5.839589744
5.843251575
5.847119707
5.848512234
5.851297289
5.854082344
5.857305788
5.859162491
5.861612308
5.864603663
5.865738315
5.868987546
5.871179487
5.875537582
5.877677949
5.879096264
5.881365568
5.88670359
5.887735092
5.890288059
5.891861099
5.89521348
5.897456996
5.898952674
5.901428278
5.904393846
5.90929348
5.910324982
5.913032674
5.915095678
5.916771868
5.921748864
5.922909304
5.923940806
5.927164249
5.931599707
5.934255824
5.935906227
5.94029011
5.940960586
5.944983443
5.947149597
5.949883077
5.952255531
5.95437011
5.956510476
5.959579194
5.961822711
5.963834139
5.967160733
5.968965861
5.972240879
5.974819634
5.977862564
5.978068864
5.981575971
5.984799414
5.987197656
5.990240586
5.993231941
5.994676044
5.997590037
6.000014066
6.003056996
6.00512
6.007466667
6.010947985
6.011386374
6.015589744
6.017033846
6.020283077
6.022629744
6.024692747
6.028638242
6.029669744
6.032712674
6.036193993
6.038050696
6.041351502
6.042769817
6.045296996
6.048236777
6.04999033
6.05313641
6.055715165
6.059480147
6.06154315
6.064843956
6.067371136
6.069382564
6.071084542
6.074901099
6.076319414
6.079156044
6.081528498
6.085138755
6.086402344
6.089187399
6.09086359
6.09537641
6.097233114
6.099889231
6.102545348
6.105639853
6.107341832
6.109533773
6.112628278
6.115568059
6.118610989
6.120029304
6.123072234
6.125393114
6.129390183
6.13016381
6.133980366
6.135501832
6.138338462
6.141020366
6.14445011
6.1461263
6.149066081
6.153114725
6.153965714
6.155564542
6.158813773
6.16116044
6.167014212
6.169825055
6.169515604
6.172094359
6.174105788
6.178902271
6.181455238
6.183363516
6.188340513
6.188830476
6.191151355
6.1949937
6.196412015
6.197727179
6.199661245
6.202472088
6.205463443
6.206959121
6.211755604
6.211936117
6.215649524
6.218486154
6.22062652
6.223334212
6.226609231
6.230374212
6.233056117
6.234010256
6.234551795
6.238677802
6.242442784
6.242597509
6.247290842
6.249044396
6.253376703
6.253789304
6.257322198
6.256651722
6.260958242
6.264387985
6.266450989
6.268952381
6.273723077
6.274883516
6.276791795
6.27957685
6.280608352
6.284399121
6.287674139
6.291078095
6.291851722
6.292341685
6.295823004
6.300928938
6.302682491
6.304951795
6.306034872
6.310728205
6.311450256
6.313796923
6.317871355
6.320063297
6.32318359
6.32612337
6.328031648
6.330197802
6.334504322
6.335406886
6.337959853
6.341312234
6.343194725
6.345489817
6.348532747
6.350621538
6.352839267
6.355907985
6.358460952
6.361684396
6.363566886
6.365707253
6.368595458
6.371638388
6.374397656
6.374449231
6.379116777
6.382572308
6.385022125
6.386981978
6.389921758
6.392861538
6.395440293
6.39799326
6.398998974
6.400339927
6.404672234
6.407173626
6.410551795
6.412099048
6.417179194
6.417153407
6.420737875
6.424915458
6.424038681
6.427855238
6.428628864
6.434921026
6.435488352
6.436932454
6.439640147
6.443224615
6.445880733
6.449697289
6.450728791
6.455731575
6.458361905
6.459212894
6.460734359
6.464344615
6.469115311
6.471281465
6.476542125
6.476567912
6.480564982
6.484072088
6.484381538
6.487140806
6.491859927
6.495573333
6.494412894
6.497739487
6.502458608
6.504573187
6.504212161
6.509679121
6.5117937
6.513959853
6.518292161
6.52040674
6.521541392
6.524764835
6.527807766
6.528478242
6.530051282
6.534821978
6.53858696
6.540649963
6.542687179
6.545601172
6.548025201
6.548979341
6.554265788
6.556019341
6.558752821
6.561847326
6.563059341
6.564916044
6.567984762
6.570434579
6.571698168
6.574715311
6.577655092
6.579821245
6.584488791
6.585700806
6.58807326
6.591760879
6.593385495
6.59794989
6.598078828
6.602385348
6.605737729
6.608703297
6.610302125
6.612055678
6.614479707
6.618322051
6.618605714
6.62347956
6.624485275
6.627218755
6.630957949
6.632685714
6.635083956
6.637791648
6.639957802
6.642588132
6.645089524
6.648209817
6.650582271
6.653186813
6.65573978
6.658318535
6.660149451
6.663089231
6.666054799
6.66824674
6.67108337
6.673275311
6.674925714
6.677633407
6.680727912
6.684621832
6.686787985
6.689598828
6.692151795
6.693002784
6.697154579
6.698882344
6.701383736
6.704220366
6.707675897
6.709893626
6.712085568
6.715773187
6.71752674
6.719486593
6.721008059
6.725366154
6.727016557
6.729543736
6.732354579
6.734984908
6.738672527
6.740658168
6.743314286
6.746254066
6.748007619
6.750612161
6.753294066
6.756698022
6.758038974
6.759637802
6.763480147
6.766265201
6.768637656
6.77101011
6.773227839
6.776012894
6.778926886
6.781118828
6.783981245
6.786946813
6.788313553
6.792491136
6.794064176
6.796565568
6.799221685
6.804920733
6.806467985
6.80610696
6.809407766
6.812889084
6.813636923
6.816447766
6.820032234
6.820625348
6.824983443
6.827665348
6.831456117
6.834138022
6.835582125
6.838496117
6.84014652
6.842003223
6.845587692
6.847444396
6.851235165
6.854664908
6.856315311
6.859358242
6.861911209
6.863355311
6.868048645
6.868719121
6.871323663
6.874547106
6.876120147
6.879111502
6.882567033
6.885197363
6.886976703
6.89048381
6.891798974
6.895073993
6.898658462
6.900489377
6.900850403
6.904460659
6.906059487
6.910082344
6.911191209
6.91601348
6.916735531
6.920397363
6.923517656
6.925296996
6.928365714
6.929938755
6.931331282
6.936359853
6.938216557
6.940434286
6.942677802
6.945127619
6.950027253
6.950027253
6.952838095
6.956087326
6.955958388
6.960419634
6.963617289
6.965938168
6.968981099
6.971327766
6.973519707
6.976330549
6.97800674
6.980198681
6.983963663
6.986155604
6.988889084
6.993195604
6.995413333
6.996212747
7.000751355
7.002143883
7.003923223
7.005857289
7.009467546
7.0120463
7.013851429
7.01741011
7.019988864
7.022309744
7.02465641
7.027209377
7.029375531
7.031309597
7.033372601
7.038659048
7.041340952
7.041650403
7.04557011
7.047839414
7.050418168
7.053357949
7.055369377
7.057174505
7.060346374
7.062357802
7.064627106
7.065916484
7.072105495
7.074658462
7.074735824
7.079016557
7.079893333
7.083477802
7.085592381
7.089666813
7.090827253
7.094102271
7.097067839
7.098228278
7.101296996
7.104082051
7.108491722
7.11156044
7.111483077
7.115918535
7.117594725
7.122055971
7.124299487
7.127058755
7.129173333
7.130411136
7.133944029
7.136419634
7.141938168
7.142092894
7.144929524
7.14696674
7.150473846
7.153387839
7.154058315
7.157952234
7.160092601
7.162361905
7.164553846
7.169221392
7.168808791
7.171516484
7.177163956
7.177086593
7.180361612
7.182630916
7.186499048
7.18910359
7.191888645
7.19361641
7.196788278
7.197097729
7.201533187
7.205014505
7.206252308
7.207619048
7.21053304
7.212467106
7.216722051
7.218243516
7.22187956
7.224380952
7.22461304
7.230441026
7.233045568
7.234953846
7.237893626
7.239234579
7.240291868
7.243773187
7.24856967
7.249420659
7.250349011
7.257311648
7.257363223
7.260303004
7.263397509
7.265408938
7.266569377
7.270050696
7.273712527
7.274047766
7.276652308
7.279901538
7.281294066
7.285703736
7.288282491
7.29070652
7.292485861
7.29648293
7.298081758
7.301588864
7.303368205
7.305199121
7.307803663
7.309892454
7.314405275
7.316261978
7.318995458
7.321213187
7.323920879
7.32600967
7.328665788
7.331167179
7.333230183
7.337201465
7.338129817
7.341946374
7.344421978
7.34671707
7.349605275
7.353112381
7.354221245
7.356438974
7.359713993
7.362834286
7.366083516
7.366831355
7.370647912
7.372685128
7.376140659
7.377455824
7.381581832
7.381246593
7.384779487
7.388621832
7.390916923
7.394346667
7.396177582
7.400252015
7.400587253
7.401386667
7.406260513
7.409432381
7.411263297
7.414435165
7.418045421
7.419283223
7.42162989
7.424286007
7.425962198
7.429288791
7.431351795
7.435761465
7.438108132
7.440738462
7.442466227
7.446772747
7.449222564
7.449867253
7.452961758
7.455953114
7.457474579
7.459743883
7.461394286
7.462348425
7.469904176
7.467944322
7.471683516
7.476789451
7.476918388
7.483958388
7.484732015
7.484499927
7.49045685
7.492623004
7.493757656
7.496594286
7.499379341
7.502448059
7.50580044
7.506574066
7.508456557
7.513201465
7.515548132
7.516012308
7.519777289
7.521221392
7.524702711
7.528570842
7.527255678
7.533418901
7.536023443
7.538395897
7.541335678
7.541928791
7.546364249
7.547963077
7.550129231
7.55518359
7.554203663
7.558046007
7.559902711
7.562687766
7.569701978
7.568567326
7.571636044
7.570785055
7.577025641
7.580429597
7.582260513
7.583910916
7.589094212
7.58765011
7.591466667
7.596005275
7.595334799
7.597707253
7.599177143
7.605237216
7.606836044
7.609750037
7.611245714
7.616067985
7.616635311
7.621019194
7.622514872
7.624629451
7.627337143
7.631617875
7.631540513
7.633629304
7.638219487
7.640901392
7.641855531
7.645182125
7.648096117
7.649772308
7.651654799
7.654491429
7.657173333
7.660113114
7.66372337
7.665580073
7.665760586
7.67076337
7.672645861
7.675044103
7.67770022
7.681542564
7.684172894
7.685745934
7.688041026
7.690955018
7.693894799
7.695777289
7.698407619
7.701295824
7.702610989
7.707304322
7.710656703
7.709367326
7.713931722
7.715066374
7.71877978
7.723885714
7.721229597
7.725484542
7.730281026
7.731776703
7.735000147
7.738481465
7.737475751
7.743149011
7.744696264
7.747403956
7.749544322
7.754908132
7.759111502
7.761045568
7.763727473
7.765919414
7.769039707
7.772830476
7.774712967
7.777008059
7.780102564
7.782603956
7.784821685
7.785414799
7.788431941
7.791242784
7.793357363
7.797741245
7.799881612
7.803285568
7.804239707
7.806921612
7.810944469
7.813600586
7.816514579
7.818474432
7.818087619
7.822755165
7.826829597
7.828196337
7.830259341
7.833353846
7.837402491
7.838846593
7.842637363
7.84423619
7.846299194
7.849961026
7.851972454
7.854422271
7.855892161
7.859940806
7.859657143
7.866104029
7.86641348
7.870023736
7.872757216
7.874381832
7.876264322
7.879797216
7.882994872
7.885161026
7.88879707
7.89194315
7.89330989
7.893645128
7.900478828
7.900478828
7.90328967
7.903856996
7.907957216
7.912160586
7.909968645
7.917962784
7.917575971
7.923275018
7.921830916
7.926163223
7.927297875
7.931604396
7.934002637
7.936607179
7.93954696
7.94248674
7.941687326
7.945942271
7.949397802
7.949990916
7.953962198
7.955793114
7.958346081
7.961543736
7.964999267
7.96664967
7.970620952
7.972941832
7.975443223
7.97778989
7.980910183
7.982354286
7.985603516
7.988027546
7.989652161
7.99439707
7.995841172
7.997775238
8.001076044
8.003164835
8.007471355
8.008760733
8.011236337
8.01309304
8.01551707
8.016909597
8.020545641
8.02286652
8.024671648
8.027714579
8.029442344
8.032975238
8.036147106
8.039422125
8.04231033
8.042181392
8.04682315
8.048937729
8.052728498
8.055178315
8.056029304
8.058788571
8.062759853
8.065054945
8.066447473
8.067917363
8.073152234
8.074415824
8.076220952
8.077742418
8.082435751
8.08485978
8.088805275
8.091358242
8.09169348
8.095045861
8.098759267
8.100151795
8.104355165
8.106108718
8.11154989
8.107784908
8.11428337
8.112039853
8.118099927
8.121710183
8.124392088
8.123824762
8.128543883
8.132257289
8.133159853
8.138162637
8.135274432
8.144557949
8.145408938
8.148735531
8.149302857
8.154279853
8.15652337
8.159953114
8.160288352
8.162531868
8.162892894
8.169855531
8.172640586
8.173207912
8.172821099
8.1802737
8.181356777
8.179964249
8.183651868
8.186849524
8.191491282
8.193580073
8.196984029
8.198118681
8.198840733
8.204849231
8.207531136
8.207660073
8.211992381
8.214803223
8.218155604
8.220476484
8.220012308
8.22272
8.229321612
8.230146813
8.231848791
8.233292894
8.238605128
8.242705348
8.237908864
8.244355751
8.244974652
8.248120733
8.25098315
8.254567619
8.25792
8.258822564
8.259905641
8.267977143
8.267100366
8.269421245
8.270298022
8.275378168
8.275017143
8.281154579
8.282547106
8.285203223
8.288065641
8.287988278
8.293377875
8.295028278
8.298200147
8.302094066
8.301346227
8.304028132
8.3069937
8.309520879
8.31413685
8.315761465
8.317463443
8.322105201
8.322930403
8.326102271
8.326669597
8.330254066
8.333761172
8.336855678
8.339279707
8.339589158
8.344566154
8.34533978
8.349517363
8.353127619
8.353050256
8.355783736
8.357511502
8.360502857
8.364654652
8.365969817
8.369270623
8.372261978
8.374634432
8.377032674
8.38023033
8.381003956
8.383789011
8.387734505
8.388121319
8.392608352
8.393975092
8.40018989
8.400757216
8.403980659
8.407049377
8.410014945
8.411587985
8.414192527
8.418215385
8.419195311
8.422753993
8.424533333
8.427112088
8.430490256
8.432269597
8.437684982
8.438046007
8.441553114
8.441836777
8.444544469
8.448077363
8.45073348
8.455607326
8.454704762
8.458186081
8.460558535
8.464761905
8.464942418
8.468346374
8.470718828
8.473813333
8.476521026
8.478377729
8.481987985
8.486371868
8.485469304
8.49170989
8.490807326
8.496480586
8.49581011
8.49864674
8.502540659
8.506383004
8.505222564
8.508652308
8.512391502
8.516878535
8.51723956
8.522164982
8.523686447
8.525130549
8.528792381
8.528405568
8.530236484
8.536373919
8.539339487
8.540267839
8.542511355
8.543568645
8.546482637
8.550196044
8.554064176
8.557726007
8.559660073
8.561233114
8.565462271
8.565797509
8.566932161
8.571367619
8.573843223
8.577891868
8.58039326
8.582714139
8.584957656
8.586530696
8.588645275
8.592307106
8.593725421
8.597799853
8.599630769
8.602364249
8.605458755
8.607212308
8.609507399
8.610770989
8.613865495
8.61842989
8.621292308
8.62389685
8.62536674
8.627455531
8.630292161
8.634701832
8.635655971
8.639369377
8.641638681
8.639988278
8.647028278
8.648214505
8.648988132
8.65079326
8.655847619
8.656930696
8.661211429
8.664099634
8.666652601
8.66907663
8.67064967
8.672196923
8.676658168
8.679623736
8.682202491
8.685529084
8.687102125
8.689577729
8.691975971
8.693059048
8.69870652
8.69850022
8.700795311
8.704096117
8.707629011
8.710491429
8.71288967
8.712502857
8.719955458
8.71962022
8.724416703
8.726273407
8.72696967
8.731405128
8.732952381
8.736614212
8.737490989
8.741694359
8.744505201
8.745588278
8.751622564
8.753272967
8.753118242
8.758146813
8.757141099
8.762840147
8.76469685
8.767713993
8.766630916
8.769544908
8.772845714
8.774212454
8.779369963
8.782412894
8.782541832
8.786306813
8.788782418
8.793217875
8.79412044
8.799767912
8.800850989
8.804925421
8.807194725
8.806498462
8.80820044
8.815498315
8.814802051
8.818025495
8.821403663
8.823776117
8.828727326
8.830197216
8.831976557
8.833033846
8.833601172
8.839454945
8.844328791
8.843426227
8.844303004
8.849099487
8.853534945
8.855340073
8.856629451
8.859878681
8.863334212
8.865629304
8.865784029
8.870915751
8.873417143
8.876769524
8.875119121
8.879374066
8.882159121
8.882829597
8.886001465
8.891391062
8.88994696
8.896290696
8.897476923
8.897167473
8.901370842
8.906476777
8.907740366
8.910396484
8.911015385
8.912072674
8.917333333
8.919215824
8.921923516
8.926023736
8.926410549
8.930949158
8.934843077
8.93543619
8.935565128
8.941341538
8.943120879
8.945802784
8.949361465
8.951321319
8.954183736
8.954364249
8.959624908
8.962667839
8.964524542
8.969372601
8.969604689
8.971151941
8.975664762
8.974607473
8.979068718
8.980641758
8.984252015
8.987655971
8.990776264
8.991910916
8.993561319
8.995907985
8.999544029
9.00405685
9.006609817
9.00699663
9.010529524
9.011664176
9.015764396
9.019761465
9.020303004
9.023655385
9.02528
9.027033553
9.032345788
9.031597949
9.035285568
9.038612161
9.040958828
9.043047619
9.048746667
9.051093333
9.0532337
9.053053187
9.057411282
9.061511502
9.062285128
9.064606007
9.067287912
9.070898168
9.070511355
9.075849377
9.077525568
9.082012601
9.083250403
9.086680147
9.088382125
9.091141392
9.097304615
9.096711502
9.100656996
9.102358974
9.103029451
9.105582418
9.108522198
9.111616703
9.112828718
9.117186813
9.118553553
9.124536264
9.124175238
9.128791209
9.129564835
9.134232381
9.13528967
9.138048938
9.14349011
9.143232234
9.144444249
9.151587399
9.149756484
9.152954139
9.155507106
9.155687619
9.161464029
9.164223297
9.166956777
9.170721758
9.172501099
9.175105641
9.177297582
9.178458022
9.182945055
9.180933626
9.186864762
9.191970696
9.192460659
9.193853187
9.197205568
9.203936117
9.200661099
9.204606593
9.207082198
9.210073553
9.212007619
9.214998974
9.21829978
9.220491722
9.22229685
9.225623443
9.229723663
9.229801026
9.232998681
9.236995751
9.237459927
9.24184381
9.24362315
9.246201905
9.249863736
9.251230476
9.252184615
9.257883663
9.258141538
9.263763223
9.262938022
9.266290403
9.269410696
9.270906374
9.273614066
9.276167033
9.280499341
9.281169817
9.28439326
9.286868864
9.291381685
9.293599414
9.295817143
9.296874432
9.299066374
9.301851429
9.303501832
9.306338462
9.30981978
9.313739487
9.313842637
9.316111941
9.32106315
9.322687766
9.323074579
9.32946989
9.329650403
9.33230652
9.335452601
9.336226227
9.339862271
9.340068571
9.347779048
9.349352088
9.34922315
9.352704469
9.355515311
9.359950769
9.359357656
9.363045275
9.368331722
9.368254359
9.372070916
9.373798681
9.376274286
9.380632381
9.379884542
9.385042051
9.387569231
9.39282989
9.38831707
9.392210989
9.395486007
9.401468718
9.404589011
9.404898462
9.409282344
9.410416996
9.410494359
9.411809524
9.416657582
9.415626081
9.425605861
9.423336557
9.429783443
9.431511209
9.437339194
9.440150037
9.434708864
9.441258901
9.447138462
9.44494652
9.450000879
9.452837509
9.451573919
9.454358974
9.45608674
9.459748571
9.463281465
9.464725568
9.471172454
9.472307106
9.472616557
9.476536264
9.48277685
9.480094945
9.483498901
9.488501685
9.488321172
9.491235165
9.495258022
9.496882637
9.498378315
9.502968498
9.502865348
9.505727766
9.506681905
9.515527033
9.516661685
9.515888059
9.521200293
9.52248967
9.528910769
9.525738901
9.529864908
9.531334799
9.535177143
9.53909685
9.544460659
9.543661245
9.542758681
9.548896117
9.550494945
9.55044337
9.554311502
9.558411722
9.559830037
9.562666667
9.565400147
9.569551941
9.572336996
9.57576674
9.575740952
9.577855531
9.582084689
9.580485861
9.585952821
9.586313846
9.592606007
9.594643223
9.595184762
9.598588718
9.603462564
9.602121612
9.60423619
9.610064176
9.610322051
9.615453773
9.614809084
9.619296117
9.621436484
9.623860513
9.625846154
9.62798652
9.633943443
9.633737143
9.639513553
9.637527912
9.640570842
9.643175385
9.642969084
9.647997656
9.65184
9.652923077
9.656301245
9.662309744
9.662464469
9.664604835
9.667673553
9.669684982
9.673217875
9.673424176
9.678607473
9.677833846
9.683584469
9.686240586
9.693383736
9.69103707
9.695369377
9.701558388
9.704317656
9.705839121
9.708959414
9.711924982
9.711435018
9.718088205
9.720718535
9.721389011
9.724045128
9.726159707
9.731420366
9.731987692
9.732864469
9.736268425
9.739491868
9.74336
9.744288352
9.748079121
9.750477363
9.751225201
9.75439707
9.757259487
9.761927033
9.762545934
9.763964249
9.770514286
9.768348132
9.769714872
9.777244835
9.780158828
9.781577143
9.781164542
9.784181685
9.793490989
9.789210256
9.792072674
9.797591209
9.800041026
9.801098315
9.799499487
9.809015092
9.808370403
9.809866081
9.813992088
9.81639033
9.822656703
9.824023443
9.822553553
9.825544908
9.831630769
9.831966007
9.834905788
9.838902857
9.836530403
9.84349304
9.845478681
9.849630476
9.850919853
9.848521612
9.85432381
9.85610315
9.85873348
9.863091575
9.864870916
9.868094359
9.870673114
9.873226081
9.875469597
9.876991062
9.87995663
9.883489524
9.88426315
9.88973011
9.890452161
9.891277363
9.896331722
9.896357509
9.89970989
9.903088059
9.90685304
9.908683956
9.913248352
9.915130842
9.916781245
9.920210989
9.921809817
9.925265348
9.926167912
9.92923663
9.931325421
9.935786667
9.937256557
9.940428425
9.94478652
9.944915458
9.947545788
9.949789304
9.95309011
9.955204689
9.958350769
9.961058462
9.962786227
9.966370696
9.969001026
9.968665788
9.972611282
9.97451956
9.976376264
9.983674139
9.980914872
9.98555663
9.987542271
9.988315897
9.993215531
9.995665348
9.998295678
10.00118388
10.00332425
10.00358212
10.0121178
10.00977114
10.01534125
10.01639853
10.01856469
10.02042139
10.02555311
10.02398007
10.02887971
10.02960176
10.03723487
10.03775062
10.03486242
10.04123194
10.04638945
10.0444296
10.04708571
10.05018022
10.05856117
10.05745231
10.06023736
10.06281612
10.0661685
10.06683897
10.0730022
10.07367267
10.07759238
10.07601934
10.07981011
10.08161524
10.08421978
10.09164659
10.0885263
10.09236864
10.09791297
10.10201319
10.10564923
10.10833114
10.1082022
10.11222505
10.11624791
10.11268923
10.11756308
10.12078652
10.12168908
10.12403575
10.1259956
10.12965744
10.13409289
10.1328293
10.13762579
10.14141656
10.14268015
10.14048821
10.14600674
10.14574886
10.14634198
10.15327883
10.15704381
10.15717275
10.15498081
10.16681729
10.17091751
10.16998916
10.17086593
10.17723546
10.17615238
10.17780278
10.1854359
10.18618374
10.18788571
10.18639004
10.19363634
10.19706608
10.19858755
10.20212044
10.20397714
10.20867048
10.20609172
10.2106819
10.21179077
10.21821187
10.21578784
10.22009436
10.22128059
10.22646388
10.23107985
10.22963575
10.23342652
10.23783619
10.23971868
10.24456674
10.24356103
10.24492777
10.25060103
10.25315399
10.25493333
10.25761524
10.26145758
10.25960088
10.26589304
10.26767238
10.27179839
10.27417084
10.27316513
10.2773685
10.2798441
10.28182974
10.28095297
10.2879156
10.28964337
10.29131956
10.2970444
10.29933949
10.30568322
10.30302711
10.30519326
10.31017026
10.3082104
10.31390945
10.31200117
10.32094945
10.32118154
10.32484337
10.3254107
10.32976879
10.33080029
10.33683458
10.33794344
10.33791766
10.33827868
10.34472557
10.34647912
10.34606652
10.35287443
10.3581093
10.35973392
10.36110066
10.36277685
10.36649026
10.36992
10.37097729
10.37538696
10.37621216
10.37863619
10.38278799
10.3837937
10.38706872
10.38908015
10.39098842
10.39426344
10.3978737
10.39988513
10.40192234
10.40506842
10.40733773
10.40994227
10.41316571
10.41579604
10.42036044
10.42164982
10.42270711
10.42528586
10.42781304
10.43126857
10.43181011
10.43279004
10.43944322
10.44292454
10.44485861
10.44795311
10.44957773
10.45006769
10.4548126
10.45788132
10.45919648
10.45991853
10.46296147
10.46804161
10.46881524
10.47371487
10.47539106
10.47796982
10.47972337
10.48307575
10.48531927
10.48944527
10.48869744
10.49377758
10.49630476
10.49777465
10.50104967
10.50447941
10.50530462
10.50850227
10.51025582
10.51309245
10.51701216
10.51873993
10.52131868
10.52456791
10.52614095
10.52967385
10.53199473
10.53447033
10.5370233
10.53931839
10.54269656
10.54514637
10.54684835
10.54602315
10.54625524