0,7
1,7
2,8
3,7
4,4
5,4
6,8
7,7
8,10
9,12
10,13
11,15
12,9
13,18
14,17
15,19
16,18
17,17
18,19
19,18
20,19
21,23
22,23
23,26
24,27
25,26
26,31
27,27
28,27
29,30
30,32
31,37
32,31
33,35
34,36
35,36
36,40
37,36
38,38
39,40
40,42
41,42
42,42
43,46
44,44
45,42
46,50
47,45
48,51
49,48
50,50
51,52
52,51
53,53
54,57
55,52
56,61
57,55
58,57
59,58
60,58
61,60
62,61
63,62
64,63
65,62
66,69
67,64
68,69
69,72
70,71
71,72
72,73
73,75
74,75
75,76
76,74
77,81
78,74
79,79
80,78
81,83
82,85
83,81
84,87
85,86
86,87
87,89
88,89
89,91
90,91
91,88
92,95
93,91
94,92
95,94
96,93
97,100
98,98
99,98
100,100
101,102
102,102
103,102
104,105
105,106
106,102
107,110
108,108
109,108
110,110
111,108
112,113
113,108
114,116
115,117
116,113
117,120
118,119
119,121
120,119
121,121
122,122
123,119
124,122
125,123
126,124
127,130
128,128
129,127
130,131
131,133
132,135
133,132
134,132
135,133
136,135
137,140
138,138
139,136
140,141
141,139
142,140
143,141
144,147
145,148
146,146
147,146
148,151
149,145
150,152
151,152
152,154
153,152
154,153
155,155
156,154
157,158
158,161
159,154
160,163
161,163
162,163
163,167
164,161
165,168
166,164
167,163
168,169
169,166
170,169
171,172
172,168
173,173
174,169
175,175
176,176
177,176
178,177
179,177
180,177
181,181
182,180
183,183
184,179
185,183
186,180
187,183
188,188
189,183
190,188
191,191
192,187
193,191
194,193
195,194
196,194
197,193
198,196
199,199
200,199
201,201
202,199
203,200
204,202
205,199
206,207
207,201
208,209
209,209
210,207
211,210
212,211
213,215
214,210
215,214
216,215
217,215
218,214
219,220
220,215
221,218
222,219
223,219
224,221
225,219
226,227
227,224
228,226
229,226
230,225
231,228
232,227
233,233
234,232
235,232
236,234
237,231
238,236
239,241
240,241
241,242
242,240
243,241
244,244
245,243
246,246
247,247
248,247
249,251
250,246
251,251
252,254
253,251
254,256
255,251
256,257
257,260
258,257
259,257
260,259
261,260
262,261
263,262
264,261
265,264
266,264
267,267
268,266
269,268
270,269
271,270
272,271
273,271
274,272
275,276
276,276
277,277
278,276
279,280
280,281
281,277
282,285
283,280
284,285
285,281
286,283
287,286
288,283
289,289
290,290
291,290
292,290
293,289
294,295
295,295
296,293
297,298
298,296
299,300
300,299
301,297
302,300
303,297
304,301
305,301
306,302
307,309
308,305
309,304
310,308
311,309
312,313
313,309
314,309
315,313
316,312
317,317
318,314
319,314
320,321
321,316
322,318
323,322
324,322
325,322
326,321
327,326
328,328
329,325
330,329
331,328
332,330
333,334
334,329
335,332
336,334
337,333
338,340
339,336
340,341
341,336
342,337
343,341
344,342
345,346
346,345
347,347
348,349
349,343
350,349
351,348
352,352
353,350
354,348
355,356
356,355
357,358
358,359
359,358
360,358
361,360
362,363
363,361
364,360
365,363
366,364
367,365
368,369
369,366
370,368
371,368
372,368
373,373
374,370
375,369
376,377
377,371
378,376
379,379
380,374
381,378
382,379
383,384
384,381
385,380
386,388
387,382
388,386
389,384
390,385
391,390
392,393
393,394
394,394
395,389
396,397
397,393
398,395
399,397
400,399
401,401
402,398
403,404
404,400
405,398
406,406
407,406
408,408
409,406
410,404
411,412
412,407
413,409
414,408
415,409
416,416
417,415
418,418
419,419
420,417
421,420
422,420
423,421
424,423
425,418
426,422
427,427
428,421
429,428
430,427
431,430
432,433
433,430
434,432
435,431
436,432
437,432
438,433
439,437
440,434
441,436
442,441
443,439
444,444
445,439
446,444
447,448
448,445
449,445
450,445
451,448
452,451
453,449
454,452
455,449
456,451
457,454
458,453
459,457
460,455
461,456
462,460
463,456
464,461
465,463
466,465
467,467
468,461
469,469
470,468
471,468
472,467
473,466
474,473
475,473
476,472
477,472
478,470
479,478
480,479
481,478
482,477
483,482
484,478
485,482
486,480
487,484
488,486
489,483
490,489
491,488
492,488
493,491
494,486
495,490
496,488
497,492
498,493
499,493
500,496
501,495
502,496
503,497
504,497
505,501
506,501
507,500
508,501
509,505
510,508
511,503
512,506
513,506
514,506
515,513
516,510
517,512
518,517
519,515
520,515
521,513
522,519
523,518
524,517
525,523
526,522
527,524
528,526
529,525
530,527
531,525
532,528
533,531
534,529
535,534
536,533
537,533
538,536
539,531
540,536
541,537
542,536
543,541
544,539
545,540
546,540
547,542
548,547
549,543
550,545
551,550
552,549
553,551
554,551
555,551
556,555
557,553
558,556
559,556
560,557
561,556
562,553
563,562
564,557
565,562
566,564
567,564
568,566
569,565
570,567
571,570
572,565
573,571
574,571
575,571
576,573
577,572
578,577
579,576
580,576
581,576
582,575
583,577
584,577
585,580
586,581
587,582
588,582
589,582
590,584
591,588
592,585
593,589
594,588
595,587
596,589
597,591
598,592
599,595
600,592
601,597
602,597
603,598
604,603
605,596
606,600
607,605
608,602
609,607
610,605
611,605
612,609
613,606
614,613
615,606
616,613
617,612
618,614
619,613
620,616
621,613
622,617
623,615
624,621
625,619
626,622
627,622
628,618
629,625
630,622
631,625
632,625
633,628
634,633
635,627
636,632
637,631
638,629
639,634
640,631
641,638
642,640
643,636
644,642
645,636
646,643
647,643
648,643
649,647
650,641
651,642
652,647
653,646
654,648
655,653
656,646
657,653
658,651
659,655
660,656
661,652
662,656
663,655
664,658
665,662
666,658
667,663
668,661
669,665
670,665
671,661
672,666
673,664
674,668
675,671
676,668
677,671
678,672
679,670
680,679
681,676
682,679
683,678
684,675
685,681
686,676
687,683
688,685
689,679
690,684
691,684
692,689
693,689
694,685
695,689
696,692
697,692
698,690
699,693
700,695
701,695
702,698
703,696
704,695
705,699
706,701
707,699
708,705
709,700
710,703
711,705
712,704
713,708
714,709
715,711
716,712
717,711
718,716
719,711
720,717
721,716
722,713
723,718
724,717
725,720
726,720
727,718
728,722
729,720
730,724
731,728
732,726
733,726
734,725
735,730
736,729
737,726
738,733
739,732
740,734
741,738
742,737
743,738
744,735
745,741
746,742
747,742
748,745
749,739
750,744
751,750
752,747
753,750
754,752
755,750
756,750
757,748
758,753
759,750
760,752
761,758
762,757
763,760
764,759
765,753
766,760
767,761
768,764
769,769
770,761
771,768
772,764
773,765
774,768
775,765
776,772
777,770
778,771
779,774
780,772
781,776
782,776
783,778
784,778
785,779
786,784
787,783
788,783
789,788
790,781
791,789
792,789
793,787
794,791
795,788
796,793
797,787
798,794
799,794
800,795
801,795
802,794
803,798
804,798
805,798
806,802
807,799
808,799
809,802
810,801
811,806
812,807
813,808
814,813
815,808
816,810
817,814
818,808
819,813
820,813
821,814
822,817
823,818
824,818
825,821
826,820
827,822
828,819
829,823
830,823
831,821
832,826
833,827
834,826
835,828
836,829
837,835
838,829
839,831
840,838
841,831
842,839
843,835
844,836
845,843
846,841
847,845
848,842
849,845
850,847
851,842
852,850
853,848
854,846
855,848
856,850
857,851
858,853
859,855
860,855
861,853
862,856
863,858
864,856
865,864
866,860
867,863
868,864
869,861
870,866
871,863
872,868
873,865
874,866
875,873
876,870
877,875
878,876
879,872
880,878
881,877
882,877
883,881
884,878
885,882
886,880
887,879
888,886
889,884
890,887
891,884
892,883
893,886
894,888
895,889
896,888
897,888
898,895
899,892
900,895
901,898
902,892
903,900
904,895
905,902
906,899
907,903
908,902
909,902
910,903
911,901
912,907
913,907
914,910
915,912
916,911
917,907
918,915
919,910
920,912
921,913
922,917
923,919
924,915
925,919
926,923
927,920
928,921
929,922
930,926
931,924
932,925
933,930
934,927
935,927
936,933
937,932
938,935
939,934
940,931
941,935
942,934
943,935
944,942
945,935
946,940
947,941
948,943
949,947
950,940
951,948
952,945
953,948
954,947
955,946
956,951
957,950
958,950
959,957
960,951
961,959
962,955
963,956
964,960
965,955
966,961
967,960
968,960
969,967
970,963
971,967
972,964
973,966
974,971
975,971
976,974
977,967
978,972
979,977
980,974
981,976
982,974
983,979
984,979
985,975
986,980
987,983
988,984
989,985
990,980
991,988
992,990
993,983
994,990
995,987
996,989
997,991
998,991
999,996
1000,992
1001,994
1002,998
1003,994
1004,999
1005,997
1006,999
1007,1004
1008,998
1009,1002
1010,1002
1011,1002
1012,1005
1013,1008
1014,1010
1015,1012
1016,1006
1017,1015
1018,1012
1019,1015
1020,1014
1021,1012
1022,1017
1023,1020
1024,1016
1025,1023
1026,1016
1027,1021
1028,1023
1029,1024
1030,1027
1031,1023
1032,1027
1033,1024
1034,1030
1035,1028
1036,1029
1037,1036
1038,1034
1039,1037
1040,1034
1041,1033
1042,1037
1043,1036
1044,1035
1045,1039
1046,1041
1047,1043
1048,1046
1049,1040
1050,1043
1051,1042
1052,1045
1053,1049
1054,1048
1055,1053
1056,1052
1057,1049
1058,1054
1059,1053
1060,1056
1061,1054
1062,1057
1063,1059
1064,1055
1065,1059
1066,1058
1067,1060
1068,1067
1069,1063
1070,1068
1071,1064
1072,1067
1073,1071
1074,1068
1075,1070
1076,1071
1077,1067
1078,1073
1079,1070
1080,1075
1081,1074
1082,1073
1083,1079
1084,1075
1085,1078
1086,1080
1087,1078
1088,1084
1089,1081
1090,1080
1091,1090
1092,1083
1093,1090
1094,1089
1095,1087
1096,1091
1097,1091
1098,1092
1099,1094
1100,1092
1101,1095
1102,1093
1103,1100
1104,1097
1105,1095
1106,1099
1107,1099
1108,1102
1109,1100
1110,1104
1111,1105
1112,1107
1113,1108
1114,1108
1115,1110
1116,1109
1117,1107
1118,1115
1119,1114
1120,1112
1121,1118
1122,1112
1123,1114
1124,1116
1125,1115
1126,1122
1127,1118
1128,1124
1129,1126
1130,1122
1131,1122
1132,1127
1133,1125
1134,1126
1135,1128
1136,1128
1137,1132
1138,1128
1139,1135
1140,1135
1141,1132
1142,1134
1143,1136
1144,1140
1145,1136
1146,1137
1147,1138
1148,1141
1149,1141
1150,1145
1151,1144
1152,1144
1153,1146
1154,1147
1155,1147
1156,1147
1157,1152
1158,1152
1159,1152
1160,1150
1161,1152
1162,1159
1163,1153
1164,1160
1165,1159
1166,1161
1167,1164
1168,1162
1169,1165
1170,1163
1171,1166
1172,1164
1173,1163
1174,1166
1175,1166
1176,1168
1177,1171
1178,1170
1179,1176
1180,1176
1181,1172
1182,1177
1183,1178
1184,1176
1185,1180
1186,1180
1187,1178
1188,1183
1189,1182
1190,1183
1191,1184
1192,1187
1193,1186
1194,1183
1195,1192
1196,1184
1197,1192
1198,1192
1199,1192
1200,1195
1201,1191
1202,1195
1203,1194
1204,1194
1205,1201
1206,1198
1207,1199
1208,1204
1209,1201
1210,1208
1211,1201
1212,1206
1213,1208
1214,1206
1215,1209
1216,1206
1217,1209
1218,1215
1219,1209
1220,1213
1221,1210
1222,1212
1223,1217
1224,1214
1225,1218
1226,1217
1227,1219
1228,1223
1229,1221
1230,1222
1231,1223
1232,1219
1233,1227
1234,1225
1235,1226
1236,1231
1237,1230
1238,1230
1239,1231
1240,1231
1241,1234
1242,1231
1243,1240
1244,1235
1245,1239
1246,1243
1247,1238
1248,1244
1249,1243
1250,1240
1251,1248
1252,1245
1253,1245
1254,1251
1255,1249
1256,1249
1257,1246
1258,1251
1259,1253
1260,1254
1261,1254
1262,1255
1263,1255
1264,1255
1265,1258
1266,1259
1267,1257
1268,1264
1269,1260
1270,1263
1271,1264
1272,1264
1273,1267
1274,1268
1275,1265
1276,1266
1277,1272
1278,1267
1279,1276
1280,1269
1281,1275
1282,1272
1283,1275
1284,1276
1285,1277
1286,1278
1287,1279
1288,1280
1289,1286
1290,1280
1291,1287
1292,1283
1293,1284
1294,1290
1295,1287
1296,1287
1297,1288
1298,1288
1299,1293
1300,1292
1301,1296
1302,1295
1303,1293
1304,1295
1305,1296
1306,1297
1307,1298
1308,1299
1309,1302
1310,1304
1311,1307
1312,1306
1313,1307
1314,1309
1315,1305
1316,1306
1317,1310
1318,1312
1319,1311
1320,1313
1321,1312
1322,1318
1323,1314
1324,1319
1325,1321
1326,1314
1327,1318
1328,1323
1329,1323
1330,1322
1331,1323
1332,1326
1333,1324
1334,1324
1335,1328
1336,1326
1337,1330
1338,1328
1339,1330
1340,1337
1341,1333
1342,1333
1343,1337
1344,1337
1345,1342
1346,1335
1347,1342
1348,1337
1349,1340
1350,1344
1351,1339
1352,1344
1353,1342
1354,1346
1355,1351
1356,1350
1357,1349
1358,1348
1359,1348
1360,1353
1361,1353
1362,1358
1363,1353
1364,1355
1365,1359
1366,1357
1367,1356
1368,1360
1369,1357
1370,1366
1371,1362
1372,1361
1373,1367
1374,1367
1375,1369
1376,1370
1377,1368
1378,1370
1379,1367
1380,1370
1381,1373
1382,1374
1383,1374
1384,1375
1385,1379
1386,1381
1387,1379
1388,1380
1389,1376
1390,1382
1391,1385
1392,1384
1393,1390
1394,1382
1395,1390
1396,1390
1397,1386
1398,1394
1399,1390
1400,1390
1401,1392
1402,1389
1403,1398
1404,1396
1405,1398
1406,1398
1407,1396
1408,1398
1409,1400
1410,1402
1411,1401
1412,1401
1413,1406
1414,1404
1415,1403
1416,1409
1417,1406
1418,1408
1419,1414
1420,1407
1421,1415
1422,1414
1423,1417
1424,1415
1425,1415
1426,1419
1427,1418
1428,1421
1429,1424
1430,1418
1431,1425
1432,1424
1433,1424
1434,1427
1435,1421
1436,1427
1437,1426
1438,1427
1439,1430
1440,1430
1441,1432
1442,1435
1443,1436
1444,1436
1445,1434
1446,1435
1447,1436
1448,1437
1449,1439
1450,1441
1451,1441
1452,1445
1453,1443
1454,1445
1455,1443
1456,1446
1457,1447
1458,1447
1459,1451
1460,1451
1461,1449
1462,1454
1463,1450
1464,1453
1465,1457
1466,1452
1467,1461
1468,1456
1469,1458
1470,1462
1471,1460
1472,1464
1473,1464
1474,1465
1475,1464
1476,1463
1477,1469
1478,1466
1479,1473
1480,1469
1481,1472
1482,1477
1483,1471
1484,1478
1485,1474
1486,1474
1487,1481
1488,1475
1489,1481
1490,1480
1491,1481
1492,1481
1493,1481
1494,1485
1495,1489
1496,1482
1497,1489
1498,1489
1499,1492
1500,1494
1501,1488
1502,1495
1503,1491
1504,1494
1505,1499
1506,1494
1507,1500
1508,1499
1509,1495
1510,1503
1511,1500
1512,1503
1513,1504
1514,1507
1515,1510
1516,1503
1517,1506
1518,1510
1519,1505
1520,1509
1521,1512
1522,1512
1523,1514
1524,1515
1525,1513
1526,1514
1527,1517
1528,1517
1529,1518
1530,1524
1531,1518
1532,1520
1533,1527
1534,1520
1535,1524
1536,1529
1537,1526
1538,1533
1539,1524
1540,1534
1541,1531
1542,1534
1543,1534
1544,1531
1545,1538
1546,1535
1547,1535
1548,1541
1549,1536
1550,1540
1551,1540
1552,1542
1553,1543
1554,1546
1555,1546
1556,1548
1557,1545
1558,1548
1559,1547
1560,1547
1561,1548
1562,1551
1563,1555
1564,1555
1565,1554
1566,1556
1567,1557
1568,1557
1569,1555
1570,1561
1571,1563
1572,1559
1573,1564
1574,1565
1575,1564
1576,1568
1577,1566
1578,1569
1579,1566
1580,1569
1581,1570
1582,1573
1583,1570
1584,1576
1585,1575
1586,1575
1587,1576
1588,1579
1589,1577
1590,1575
1591,1583
1592,1578
1593,1580
1594,1585
1595,1582
1596,1588
1597,1583
1598,1588
1599,1590
1600,1587
1601,1588
1602,1590
1603,1590
1604,1591
1605,1592
1606,1595
1607,1594
1608,1595
1609,1598
1610,1598
1611,1602
1612,1603
1613,1603
1614,1601
1615,1600
1616,1602
1617,1609
1618,1606
1619,1607
1620,1610
1621,1611
1622,1610
1623,1608
1624,1613
1625,1617
1626,1613
1627,1616
1628,1615
1629,1620
1630,1616
1631,1620
1632,1625
1633,1622
1634,1624
1635,1625
1636,1623
1637,1629
1638,1626
1639,1630
1640,1627
1641,1631
1642,1632
1643,1632
1644,1635
1645,1636
1646,1631
1647,1637
1648,1635
1649,1638
1650,1640
1651,1640
1652,1642
1653,1643
1654,1643
1655,1648
1656,1645
1657,1643
1658,1646
1659,1647
1660,1649
1661,1646
1662,1651
1663,1650
1664,1648
1665,1656
1666,1651
1667,1655
1668,1654
1669,1656
1670,1662
1671,1660
1672,1659
1673,1660
1674,1659
1675,1664
1676,1661
1677,1665
1678,1668
1679,1667
1680,1672
1681,1670
1682,1668
1683,1669
1684,1672
1685,1673
1686,1672
1687,1672
1688,1676
1689,1678
1690,1681
1691,1680
1692,1676
1693,1682
1694,1680
1695,1686
1696,1684
1697,1681
1698,1687
1699,1687
1700,1691
1701,1691
1702,1686
1703,1695
1704,1690
1705,1696
1706,1700
1707,1696
1708,1697
1709,1697
1710,1700
1711,1699
1712,1696
1713,1703
1714,1701
1715,1700
1716,1703
1717,1701
1718,1706
1719,1708
1720,1702
1721,1712
1722,1706
1723,1713
1724,1710
1725,1710
1726,1713
1727,1716
1728,1715
1729,1716
1730,1718
1731,1719
1732,1714
1733,1723
1734,1720
1735,1725
1736,1727
1737,1721
1738,1729
1739,1728
1740,1727
1741,1728
1742,1729
1743,1731
1744,1730
1745,1731
1746,1732
1747,1737
1748,1736
1749,1741
1750,1738
1751,1738
1752,1738
1753,1737
1754,1744
1755,1740
1756,1747
1757,1742
1758,1746
1759,1749
1760,1746
1761,1752
1762,1750
1763,1748
1764,1756
1765,1754
1766,1755
1767,1755
1768,1757
1769,1754
1770,1754
1771,1763
1772,1762
1773,1759
1774,1761
1775,1762
1776,1766
1777,1767
1778,1767
1779,1765
1780,1768
1781,1768
1782,1767
1783,1770
1784,1772
1785,1772
1786,1773
1787,1776
1788,1774
1789,1777
1790,1776
1791,1779
1792,1780
1793,1777
1794,1783
1795,1784
1796,1780
1797,1785
1798,1782
1799,1786
1800,1789
1801,1787
1802,1790
1803,1787
1804,1793
1805,1792
1806,1793
1807,1799
1808,1792
1809,1795
1810,1798
1811,1801
1812,1804
1813,1797
1814,1804
1815,1804
1816,1801
1817,1806
1818,1806
1819,1805
1820,1808
1821,1808
1822,1812
1823,1811
1824,1812
1825,1812
1826,1812
1827,1817
1828,1812
1829,1816
1830,1820
1831,1816
1832,1816
1833,1822
1834,1820
1835,1824
1836,1821
1837,1823
1838,1829
1839,1821
1840,1828
1841,1825
1842,1827
1843,1832
1844,1827
1845,1833
1846,1832
1847,1836
1848,1838
1849,1832
1850,1838
1851,1834
1852,1842
1853,1842
1854,1839
1855,1843
1856,1841
1857,1844
1858,1845
1859,1841
1860,1846
1861,1847
1862,1849
1863,1852
1864,1848
1865,1855
1866,1851
1867,1853
1868,1859
1869,1854
1870,1858
1871,1862
1872,1856
1873,1865
1874,1863
1875,1861
1876,1864
1877,1862
1878,1868
1879,1868
1880,1865
1881,1872
1882,1868
1883,1874
1884,1873
1885,1871
1886,1874
1887,1874
1888,1875
1889,1878
1890,1876
1891,1879
1892,1875
1893,1882
1894,1881
1895,1879
1896,1882
1897,1881
1898,1883
1899,1885
1900,1888
1901,1887
1902,1889
1903,1892
1904,1894
1905,1890
1906,1895
1907,1894
1908,1897
1909,1899
1910,1893
1911,1898
1912,1894
1913,1898
1914,1903
1915,1901
1916,1906
1917,1902
1918,1906
1919,1907
1920,1908
1921,1909
1922,1907
1923,1912
1924,1913
1925,1910
1926,1912
1927,1918
1928,1912
1929,1916
1930,1914
1931,1918
1932,1922
1933,1916
1934,1925
1935,1923
1936,1924
1937,1923
1938,1924
1939,1925
1940,1928
1941,1928
1942,1928
1943,1927
1944,1934
1945,1933
1946,1934
1947,1937
1948,1932
1949,1937
1950,1935
1951,1936
1952,1942
1953,1938
1954,1944
1955,1940
1956,1939
1957,1944
1958,1942
1959,1945
1960,1949
1961,1947
1962,1950
1963,1949
1964,1953
1965,1952
1966,1949
1967,1952
1968,1953
1969,1958
1970,1954
1971,1958
1972,1961
1973,1956
1974,1958
1975,1967
1976,1959
1977,1965
1978,1965
1979,1962
1980,1970
1981,1964
1982,1968
1983,1968
1984,1968
1985,1970
1986,1971
1987,1971
1988,1973
1989,1973
1990,1980
1991,1974
1992,1976
1993,1977
1994,1977
1995,1984
1996,1983
1997,1984
1998,1983
1999,1982
2000,1989
2001,1988
2002,1987
2003,1987
2004,1988
2005,1993
2006,1989
2007,1992
2008,1997
2009,1992
2010,1996
2011,1994
2012,1999
2013,2003
2014,1995
2015,2005
2016,2004
2017,2003
2018,2004
2019,2006
2020,2009
2021,2007
2022,2005
2023,2011
2024,2013
2025,2014
2026,2012
2027,2010
2028,2016
2029,2015
2030,2018
2031,2018
2032,2016
2033,2022
2034,2020
2035,2023
2036,2026
2037,2020
2038,2025
2039,2025
2040,2025
2041,2028
2042,2025
2043,2026
2044,2031
2045,2031
2046,2033
2047,2031
2048,2038
2049,2038
2050,2036
2051,2037
2052,2035
2053,2039
2054,2043
2055,2041
2056,2044
2057,2039
2058,2048
2059,2042
2060,2047
2061,2049
2062,2048
2063,2049
2064,2052
2065,2050
2066,2052
2067,2054
2068,2051
2069,2055
2070,2052
2071,2055
2072,2061
2073,2059
2074,2061
2075,2058
2076,2062
2077,2061
2078,2065
2079,2065
2080,2066
2081,2069
2082,2068
2083,2069
2084,2070
2085,2071
2086,2075
2087,2074
2088,2071
2089,2078
2090,2077
2091,2075
2092,2079
2093,2079
2094,2081
2095,2079
2096,2082
2097,2084
2098,2080
2099,2085
2100,2085
2101,2085
2102,2092
2103,2087
2104,2093
2105,2093
2106,2091
2107,2094
2108,2095
2109,2099
2110,2093
2111,2094
2112,2101
2113,2096
2114,2098
2115,2105
2116,2100
2117,2107
2118,2101
2119,2102
2120,2106
2121,2106
2122,2109
2123,2108
2124,2112
2125,2113
2126,2112
2127,2112
2128,2111
2129,2115
2130,2116
2131,2116
2132,2123
2133,2118
2134,2122
2135,2125
2136,2122
2137,2125
2138,2121
2139,2127
2140,2125
2141,2123
2142,2127
2143,2127
2144,2127
2145,2133
2146,2127
2147,2133
2148,2134
2149,2132
2150,2139
2151,2137
2152,2136
2153,2141
2154,2138
2155,2139
2156,2143
2157,2146
2158,2147
2159,2142
2160,2146
2161,2147
2162,2148
2163,2150
2164,2147
2165,2150
2166,2151
2167,2148
2168,2155
2169,2154
2170,2157
2171,2158
2172,2154
2173,2162
2174,2159
2175,2159
2176,2159
2177,2160
2178,2167
2179,2161
2180,2164
2181,2168
2182,2167
2183,2169
2184,2170
2185,2172
2186,2172
2187,2169
2188,2175
2189,2175
2190,2177
2191,2179
2192,2175
2193,2179
2194,2175
2195,2182
2196,2183
2197,2179
2198,2184
2199,2185
2200,2187
2201,2185
2202,2185
2203,2187
2204,2188
2205,2191
2206,2194
2207,2190
2208,2191
2209,2196
2210,2194
2211,2199
2212,2198
2213,2198
2214,2199
2215,2200
2216,2201
2217,2206
2218,2202
2219,2204
2220,2204
2221,2206
2222,2208
2223,2210
2224,2211
2225,2207
2226,2215
2227,2210
2228,2210
2229,2215
2230,2215
2231,2216
2232,2214
2233,2214
2234,2223
2235,2219
2236,2223
2237,2221
2238,2226
2239,2223
2240,2225
2241,2228
2242,2225
2243,2228
2244,2234
2245,2227
2246,2233
2247,2231
2248,2233
2249,2235
2250,2231
2251,2235
2252,2237
2253,2234
2254,2241
2255,2239
2256,2241
2257,2245
2258,2241
2259,2243
2260,2242
2261,2246
2262,2250
2263,2251
2264,2252
2265,2247
2266,2248
2267,2255
2268,2253
2269,2257
2270,2254
2271,2255
2272,2257
2273,2254
2274,2260
2275,2260
2276,2261
2277,2264
2278,2260
2279,2263
2280,2264
2281,2267
2282,2271
2283,2265
2284,2272
2285,2269
2286,2270
2287,2277
2288,2273
2289,2276
2290,2276
2291,2276
2292,2279
2293,2274
2294,2276
2295,2282
2296,2281
2297,2283
2298,2286
2299,2284
2300,2286
2301,2283
2302,2290
2303,2287
2304,2286
2305,2288
2306,2289
2307,2293
2308,2290
2309,2289
2310,2294
2311,2293
2312,2296
2313,2297
2314,2298
2315,2302
2316,2301
2317,2300
2318,2302
2319,2301
2320,2304
2321,2307
2322,2305
2323,2308
2324,2305
2325,2313
2326,2309
2327,2308
2328,2315
2329,2314
2330,2316
2331,2314
2332,2318
2333,2318
2334,2318
2335,2318
2336,2322
2337,2320
2338,2322
2339,2321
2340,2327
2341,2327
2342,2329
2343,2331
2344,2327
2345,2325
2346,2336
2347,2332
2348,2333
2349,2334
2350,2333
2351,2338
2352,2337
2353,2338
2354,2338
2355,2339
2356,2344
2357,2337
2358,2342
2359,2343
2360,2342
2361,2349
2362,2345
2363,2347
2364,2350
2365,2350
2366,2350
2367,2348
2368,2349
2369,2357
2370,2351
2371,2357
2372,2353
2373,2357
2374,2361
2375,2359
2376,2364
2377,2363
2378,2365
2379,2362
2380,2365
2381,2370
2382,2363
2383,2366
2384,2369
2385,2366
2386,2370
2387,2366
2388,2370
2389,2377
2390,2374
2391,2378
2392,2375
2393,2377
2394,2381
2395,2376
2396,2383
2397,2379
2398,2383
2399,2388
2400,2385
2401,2384
2402,2390
2403,2385
2404,2392
2405,2389
2406,2392
2407,2390
2408,2387
2409,2392
2410,2395
2411,2395
2412,2396
2413,2391
2414,2397
2415,2398
2416,2402
2417,2399
2418,2402
2419,2401
2420,2405
2421,2404
2422,2405
2423,2404
2424,2407
2425,2410
2426,2409
2427,2414
2428,2409
2429,2411
2430,2415
2431,2416
2432,2416
2433,2416
2434,2422
2435,2420
2436,2420
2437,2424
2438,2422
2439,2423
2440,2427
2441,2423
2442,2422
2443,2425
2444,2430
2445,2430
2446,2431
2447,2428
2448,2433
2449,2430
2450,2433
2451,2432
2452,2438
2453,2434
2454,2436
2455,2442
2456,2434
2457,2442
2458,2442
2459,2443
2460,2447
2461,2443
2462,2447
2463,2447
2464,2445
2465,2447
2466,2447
2467,2450
2468,2449
2469,2447
2470,2456
2471,2455
2472,2455
2473,2457
2474,2455
2475,2457
2476,2455
2477,2458
2478,2463
2479,2462
2480,2462
2481,2460
2482,2466
2483,2469
2484,2464
2485,2471
2486,2474
2487,2470
2488,2473
2489,2468
2490,2471
2491,2477
2492,2477
2493,2476
2494,2474
2495,2479
2496,2481
2497,2480
2498,2481
2499,2484
2500,2483
2501,2485
2502,2485
2503,2484
2504,2487
2505,2483
2506,2488
2507,2490
2508,2495
2509,2493
2510,2491
2511,2497
2512,2489
2513,2497
2514,2495
2515,2501
2516,2500
2517,2500
2518,2501
2519,2504
2520,2501
2521,2502
2522,2502
2523,2508
2524,2502
2525,2504
2526,2510
2527,2509
2528,2513
2529,2514
2530,2513
2531,2514
2532,2515
2533,2516
2534,2521
2535,2512
2536,2519
2537,2520
2538,2518
2539,2524
2540,2519
2541,2525
2542,2522
2543,2528
2544,2529
2545,2523
2546,2530
2547,2526
2548,2526
2549,2529
2550,2534
2551,2532
2552,2535
2553,2529
2554,2535
2555,2534
2556,2541
2557,2540
2558,2541
2559,2545
2560,2542
2561,2542
2562,2545
2563,2546
2564,2548
2565,2547
2566,2544
2567,2546
2568,2545
2569,2555
2570,2553
2571,2552
2572,2557
2573,2551
2574,2556
2575,2554
2576,2556
2577,2557
2578,2557
2579,2562
2580,2561
2581,2563
2582,2562
2583,2561
2584,2563
2585,2565
2586,2563
2587,2572
2588,2572
2589,2572
2590,2572
2591,2573
2592,2573
2593,2575
2594,2576
2595,2578
2596,2574
2597,2580
2598,2580
2599,2579
2600,2582
2601,2577
2602,2581
2603,2587
2604,2586
2605,2588
2606,2586
2607,2592
2608,2587
2609,2591
2610,2592
2611,2592
2612,2594
2613,2592
2614,2596
2615,2597
2616,2598
2617,2600
2618,2601
2619,2599
2620,2604
2621,2602
2622,2604
2623,2606
2624,2605
2625,2605
2626,2609
2627,2606
2628,2609
2629,2606
2630,2613
2631,2609
2632,2610
2633,2617
2634,2617
2635,2620
2636,2620
2637,2618
2638,2624
2639,2620
2640,2623
2641,2624
2642,2619
2643,2629
2644,2620
2645,2630
2646,2624
2647,2623
2648,2631
2649,2630
2650,2632
2651,2631
2652,2634
2653,2629
2654,2635
2655,2636
2656,2639
2657,2635
2658,2642
2659,2641
2660,2643
2661,2642
2662,2644
2663,2644
2664,2642
2665,2648
2666,2650
2667,2644
2668,2650
2669,2646
2670,2647
2671,2657
2672,2650
2673,2651
2674,2658
2675,2654
2676,2660
2677,2659
2678,2658
2679,2658
2680,2662
2681,2665
2682,2658
2683,2663
2684,2664
2685,2662
2686,2669
2687,2666
2688,2673
2689,2670
2690,2668
2691,2670
2692,2672
2693,2673
2694,2676
2695,2675
2696,2677
2697,2678
2698,2683
2699,2678
2700,2678
2701,2680
2702,2685
2703,2684
2704,2689
2705,2681
2706,2686
2707,2689
2708,2685
2709,2693
2710,2689
2711,2690
2712,2692
2713,2695
2714,2694
2715,2695
2716,2693
2717,2697
2718,2697
2719,2698
2720,2702
2721,2701
2722,2706
2723,2705
2724,2705
2725,2704
2726,2707
2727,2709
2728,2706
2729,2711
2730,2707
2731,2712
2732,2716
2733,2707
2734,2711
2735,2714
2736,2713
2737,2717
2738,2718
2739,2722
2740,2718
2741,2716
2742,2723
2743,2722
2744,2721
2745,2728
2746,2723
2747,2733
2748,2725
2749,2731
2750,2731
2751,2730
2752,2734
2753,2733
2754,2733
2755,2734
2756,2734
2757,2736
2758,2734
2759,2736
2760,2736
2761,2742
2762,2743
2763,2747
2764,2743
2765,2745
2766,2744
2767,2750
2768,2748
2769,2745
2770,2750
2771,2752
2772,2751
2773,2758
2774,2754
2775,2758
2776,2752
2777,2759
2778,2759
2779,2756
2780,2763
2781,2762
2782,2763
2783,2764
2784,2760
2785,2766
2786,2764
2787,2766
2788,2772
2789,2764
2790,2775
2791,2772
2792,2772
2793,2777
2794,2771
2795,2773
2796,2777
2797,2774
2798,2779
2799,2778
2800,2781
2801,2781
2802,2782
2803,2786
2804,2779
2805,2789
2806,2787
2807,2788
2808,2787
2809,2784
2810,2786
2811,2791
2812,2786
2813,2792
2814,2795
2815,2793
2816,2797
2817,2797
2818,2801
2819,2802
2820,2800
2821,2800
2822,2798
2823,2807
2824,2805
2825,2802
2826,2804
2827,2803
2828,2807
2829,2806
2830,2806
2831,2814
2832,2812
2833,2814
2834,2807
2835,2815
2836,2816
2837,2815
2838,2820
2839,2818
2840,2819
2841,2823
2842,2823
2843,2820
2844,2825
2845,2822
2846,2830
2847,2822
2848,2828
2849,2831
2850,2826
2851,2830
2852,2830
2853,2832
2854,2830
2855,2831
2856,2833
2857,2836
2858,2834
2859,2837
2860,2836
2861,2837
2862,2845
2863,2838
2864,2841
2865,2846
2866,2843
2867,2850
2868,2848
2869,2850
2870,2849
2871,2850
2872,2850
2873,2852
2874,2852
2875,2855
2876,2855
2877,2858
2878,2856
2879,2862
2880,2859
2881,2858
2882,2865
2883,2858
2884,2867
2885,2859
2886,2866
2887,2868
2888,2862
2889,2871
2890,2870
2891,2872
2892,2875
2893,2873
2894,2872
2895,2876
2896,2873
2897,2878
2898,2876
2899,2879
2900,2879
2901,2883
2902,2884
2903,2878
2904,2884
2905,2887
2906,2884
2907,2891
2908,2885
2909,2889
2910,2890
2911,2887
2912,2895
2913,2894
2914,2893
2915,2893
2916,2891
2917,2900
2918,2899
2919,2895
2920,2901
2921,2897
2922,2900
2923,2903
2924,2902
2925,2904
2926,2904
2927,2908
2928,2908
2929,2908
2930,2913
2931,2906
2932,2915
2933,2909
2934,2914
2935,2917
2936,2913
2937,2915
2938,2917
2939,2913
2940,2917
2941,2918
2942,2922
2943,2924
2944,2923
2945,2926
2946,2920
2947,2923
2948,2928
2949,2925
2950,2927
2951,2928
2952,2926
2953,2935
2954,2933
2955,2936
2956,2937
2957,2931
2958,2939
2959,2936
2960,2936
2961,2938
2962,2940
2963,2945
2964,2942
2965,2943
2966,2948
2967,2945
2968,2945
2969,2945
2970,2946
2971,2950
2972,2947
2973,2950
2974,2953
2975,2956
2976,2954
2977,2952
2978,2958
2979,2960
2980,2959
2981,2960
2982,2960
2983,2962
2984,2961
2985,2961
2986,2968
2987,2965
2988,2964
2989,2966
2990,2965
2991,2968
2992,2966
2993,2972
2994,2971
2995,2976
2996,2972
2997,2979
2998,2973
2999,2984
3000,2974
3001,2981
3002,2977
3003,2980
3004,2982
3005,2979
3006,2984
3007,2982
3008,2989
3009,2990
3010,2987
3011,2992
3012,2987
3013,2991
3014,2993
3015,2990
3016,2992
3017,2993
3018,2995
3019,3000
3020,2995
3021,2997
3022,2997
3023,3001
3024,3002
3025,3001
3026,3002
3027,3006
3028,3005
3029,3010
3030,3009
3031,3011
3032,3008
3033,3009
3034,3017
3035,3012
3036,3013
3037,3013
3038,3014
3039,3017
3040,3019
3041,3017
3042,3018
3043,3021
3044,3020
3045,3026
3046,3019
3047,3030
3048,3028
3049,3025
3050,3031
3051,3025
3052,3033
3053,3031
3054,3030
3055,3036
3056,3038
3057,3033
3058,3033
3059,3036
3060,3039
3061,3038
3062,3040
3063,3040
3064,3045
3065,3042
3066,3042
3067,3047
3068,3043
3069,3048
3070,3046
3071,3044
3072,3054
3073,3051
3074,3054
3075,3052
3076,3048
3077,3059
3078,3057
3079,3058
3080,3056
3081,3058
3082,3060
3083,3060
3084,3063
3085,3063
3086,3065
3087,3066
3088,3063
3089,3065
3090,3070
3091,3070
3092,3072
3093,3075
3094,3069
3095,3071
3096,3075
3097,3076
3098,3078
3099,3076
3100,3077
3101,3078
3102,3077
3103,3082
3104,3077
3105,3082
3106,3086
3107,3085
3108,3085
3109,3085
3110,3086
3111,3090
3112,3088
3113,3093
3114,3092
3115,3091
3116,3096
3117,3090
3118,3094
3119,3092
3120,3096
3121,3095
3122,3097
3123,3100
3124,3100
3125,3105
3126,3100
3127,3102
3128,3104
3129,3106
3130,3111
3131,3108
3132,3110
3133,3112
3134,3110
3135,3108
3136,3112
3137,3111
3138,3113
3139,3118
3140,3118
3141,3119
3142,3120
3143,3117
3144,3118
3145,3120
3146,3124
3147,3123
3148,3123
3149,3125
3150,3128
3151,3128
3152,3125
3153,3132
3154,3133
3155,3133
3156,3131
3157,3134
3158,3138
3159,3137
3160,3133
3161,3140
3162,3134
3163,3139
3164,3139
3165,3145
3166,3147
3167,3146
3168,3146
3169,3147
3170,3148
3171,3150
3172,3150
3173,3147
3174,3154
3175,3153
3176,3152
3177,3151
3178,3153
3179,3157
3180,3158
3181,3161
3182,3160
3183,3160
3184,3159
3185,3158
3186,3162
3187,3164
3188,3165
3189,3163
3190,3168
3191,3169
3192,3168
3193,3169
3194,3167
3195,3176
3196,3172
3197,3172
3198,3175
3199,3175
3200,3176
3201,3173
3202,3178
3203,3184
3204,3179
3205,3181
3206,3181
3207,3182
3208,3187
3209,3186
3210,3186
3211,3189
3212,3191
3213,3187
3214,3186
3215,3190
3216,3190
3217,3190
3218,3194
3219,3192
3220,3196
3221,3197
3222,3196
3223,3199
3224,3201
3225,3203
3226,3204
3227,3202
3228,3203
3229,3203
3230,3202
3231,3207
3232,3206
3233,3211
3234,3208
3235,3213
3236,3216
3237,3210
3238,3213
3239,3216
3240,3214
3241,3217
3242,3216
3243,3217
3244,3221
3245,3222
3246,3222
3247,3224
3248,3222
3249,3223
3250,3227
3251,3232
3252,3228
3253,3231
3254,3231
3255,3226
3256,3234
3257,3230
3258,3231
3259,3237
3260,3238
3261,3242
3262,3238
3263,3240
3264,3236
3265,3237
3266,3247
3267,3243
3268,3244
3269,3245
3270,3245
3271,3252
3272,3244
3273,3251
3274,3251
3275,3249
3276,3250
3277,3252
3278,3250
3279,3254
3280,3252
3281,3260
3282,3258
3283,3256
3284,3265
3285,3260
3286,3266
3287,3265
3288,3262
3289,3266
3290,3261
3291,3267
3292,3266
3293,3267
3294,3268
3295,3270
3296,3273
3297,3275
3298,3274
3299,3279
3300,3274
3301,3274
3302,3278
3303,3275
3304,3279
3305,3279
3306,3280
3307,3286
3308,3283
3309,3287
3310,3286
3311,3284
3312,3292
3313,3290
3314,3287
3315,3288
3316,3296
3317,3294
3318,3294
3319,3298
3320,3298
3321,3293
3322,3300
3323,3300
3324,3297
3325,3301
3326,3298
3327,3301
3328,3303
3329,3308
3330,3306
3331,3306
3332,3312
3333,3306
3334,3312
3335,3316
3336,3311
3337,3313
3338,3312
3339,3312
3340,3320
3341,3318
3342,3320
3343,3314
3344,3322
3345,3321
3346,3318
3347,3324
3348,3322
3349,3327
3350,3330
3351,3325
3352,3328
3353,3326
3354,3328
3355,3332
3356,3328
3357,3335
3358,3336
3359,3332
3360,3336
3361,3332
3362,3335
3363,3341
3364,3336
3365,3341
3366,3338
3367,3345
3368,3347
3369,3341
3370,3343
3371,3349
3372,3349
3373,3350
3374,3347
3375,3353
3376,3351
3377,3347
3378,3353
3379,3356
3380,3353
3381,3355
3382,3357
3383,3355
3384,3354
3385,3363
3386,3360
3387,3361
3388,3367
3389,3364
3390,3363
3391,3365
3392,3367
3393,3368
3394,3368
3395,3373
3396,3371
3397,3373
3398,3372
3399,3373
3400,3372
3401,3379
3402,3374
3403,3376
3404,3375
3405,3381
3406,3382
3407,3381
3408,3382
3409,3380
3410,3382
3411,3388
3412,3388
3413,3392
3414,3391
3415,3387
3416,3390
3417,3394
3418,3395
3419,3392
3420,3396
3421,3395
3422,3397
3423,3400
3424,3399
3425,3398
3426,3403
3427,3400
3428,3401
3429,3407
3430,3401
3431,3408
3432,3408
3433,3409
3434,3414
3435,3408
3436,3410
3437,3416
3438,3415
3439,3415
3440,3414
3441,3416
3442,3414
3443,3420
3444,3421
3445,3415
3446,3421
3447,3420
3448,3422
3449,3423
3450,3422
3451,3429
3452,3423
3453,3429
3454,3433
3455,3434
3456,3433
3457,3428
3458,3434
3459,3434
3460,3435
3461,3437
3462,3436
3463,3437
3464,3440
3465,3437
3466,3439
3467,3440
3468,3439
3469,3446
3470,3444
3471,3442
3472,3445
3473,3447
3474,3449
3475,3448
3476,3445
3477,3453
3478,3453
3479,3455
3480,3452
3481,3455
3482,3455
3483,3454
3484,3461
3485,3459
3486,3460
3487,3464
3488,3459
3489,3465
3490,3465
3491,3465
3492,3469
3493,3463
3494,3470
3495,3472
3496,3471
3497,3475
3498,3470
3499,3476
3500,3473
3501,3475
3502,3476
3503,3474
3504,3477
3505,3478
3506,3475
3507,3481
3508,3482
3509,3484
3510,3484
3511,3487
3512,3484
3513,3487
3514,3487
3515,3490
3516,3488
3517,3493
3518,3495
3519,3487
3520,3499
3521,3491
3522,3495
3523,3498
3524,3492
3525,3498
3526,3498
3527,3503
3528,3500
3529,3497
3530,3502
3531,3503
3532,3500
3533,3511
3534,3505
3535,3508
3536,3511
3537,3512
3538,3514
3539,3512
3540,3516
3541,3512
3542,3512
3543,3516
3544,3512
3545,3518
3546,3516
3547,3520
3548,3524
3549,3525
3550,3521
3551,3522
3552,3520
3553,3524
3554,3527
3555,3529
3556,3530
3557,3529
3558,3532
3559,3535
3560,3534
3561,3533
3562,3534
3563,3538
3564,3537
3565,3538
3566,3537
3567,3534
3568,3538
3569,3541
3570,3544
3571,3548
3572,3545
3573,3548
3574,3544
3575,3545
3576,3548
3577,3549
3578,3552
3579,3550
3580,3551
3581,3558
3582,3551
3583,3558
3584,3557
3585,3558
3586,3559
3587,3560
3588,3561
3589,3560
3590,3557
3591,3566
3592,3561
3593,3568
3594,3565
3595,3565
3596,3573
3597,3569
3598,3572
3599,3573
3600,3570
3601,3575
3602,3573
3603,3574
3604,3581
3605,3580
3606,3581
3607,3580
3608,3578
3609,3586
3610,3584
3611,3586
3612,3587
3613,3582
3614,3586
3615,3584
3616,3586
3617,3591
3618,3585
3619,3593
3620,3588
3621,3592
3622,3595
3623,3597
3624,3594
3625,3597
3626,3595
3627,3599
3628,3600
3629,3600
3630,3604
3631,3604
3632,3607
3633,3602
3634,3608
3635,3605
3636,3607
3637,3608
3638,3609
3639,3614
3640,3609
3641,3611
3642,3613
3643,3610
3644,3615
3645,3617
3646,3619
3647,3617
3648,3618
3649,3620
3650,3623
3651,3620
3652,3625
3653,3623
3654,3623
3655,3625
3656,3628
3657,3632
3658,3633
3659,3626
3660,3634
3661,3628
3662,3635
3663,3635
3664,3631
3665,3636
3666,3633
3667,3637
3668,3639
3669,3642
3670,3644
3671,3639
3672,3643
3673,3644
3674,3644
3675,3653
3676,3646
3677,3646
3678,3652
3679,3649
3680,3655
3681,3650
3682,3656
3683,3654
3684,3657
3685,3656
3686,3653
3687,3660
3688,3662
3689,3661
3690,3663
3691,3661
3692,3667
3693,3670
3694,3664
3695,3666
3696,3671
3697,3668
3698,3670
3699,3671
3700,3671
3701,3673
3702,3671
3703,3672
3704,3672
3705,3679
3706,3677
3707,3674
3708,3683
3709,3676
3710,3684
3711,3687
3712,3682
3713,3686
3714,3681
3715,3683
3716,3687
3717,3686
3718,3689
3719,3691
3720,3687
3721,3699
3722,3689
3723,3698
3724,3695
3725,3699
3726,3697
3727,3694
3728,3698
3729,3703
3730,3702
3731,3707
3732,3702
3733,3705
3734,3702
3735,3708
3736,3710
3737,3704
3738,3712
3739,3711
3740,3707
3741,3711
3742,3711
3743,3715
3744,3718
3745,3717
3746,3717
3747,3716
3748,3716
3749,3719
3750,3718
3751,3720
3752,3724
3753,3721
3754,3729
3755,3727
3756,3727
3757,3729
3758,3726
3759,3727
3760,3733
3761,3728
3762,3735
3763,3735
3764,3735
3765,3732
3766,3738
3767,3739
3768,3736
3769,3739
3770,3739
3771,3739
3772,3745
3773,3745
3774,3743
3775,3740
3776,3749
3777,3748
3778,3748
3779,3755
3780,3752
3781,3750
3782,3752
3783,3751
3784,3759
3785,3757
3786,3759
3787,3758
3788,3759
3789,3759
3790,3764
3791,3763
3792,3767
3793,3762
3794,3767
3795,3767
3796,3768
3797,3770
3798,3766
3799,3770
3800,3774
3801,3771
3802,3777
3803,3775
3804,3772
3805,3775
3806,3775
3807,3781
3808,3781
3809,3779
3810,3781
3811,3776
3812,3782
3813,3779
3814,3786
3815,3787
3816,3788
3817,3788
3818,3791
3819,3788
3820,3794
3821,3793
3822,3791
3823,3791
3824,3793
3825,3795
3826,3796
3827,3799
3828,3797
3829,3797
3830,3805
3831,3797
3832,3804
3833,3805
3834,3803
3835,3807
3836,3808
3837,3809
3838,3808
3839,3808
3840,3814
3841,3809
3842,3810
3843,3816
3844,3815
3845,3815
3846,3817
3847,3818
3848,3822
3849,3815
3850,3823
3851,3821
3852,3821
3853,3824
3854,3822
3855,3824
3856,3825
3857,3823
3858,3826
3859,3830
3860,3829
3861,3833
3862,3830
3863,3838
3864,3829
3865,3835
3866,3834
3867,3839
3868,3839
3869,3836
3870,3838
3871,3840
3872,3841
3873,3843
3874,3842
3875,3847
3876,3845
3877,3845
3878,3852
3879,3846
3880,3846
3881,3855
3882,3853
3883,3852
3884,3853
3885,3851
3886,3856
3887,3858
3888,3856
3889,3859
3890,3856
3891,3864
3892,3858
3893,3863
3894,3869
3895,3861
3896,3866
3897,3869
3898,3867
3899,3870
3900,3870
3901,3870
3902,3874
3903,3875
3904,3873
3905,3875
3906,3878
3907,3877
3908,3881
3909,3881
3910,3877
3911,3881
3912,3884
3913,3882
3914,3884
3915,3885
3916,3889
3917,3886
3918,3890
3919,3890
3920,3886
3921,3895
3922,3890
3923,3893
3924,3893
3925,3896
3926,3896
3927,3896
3928,3896
3929,3898
3930,3902
3931,3898
3932,3906
3933,3899
3934,3901
3935,3903
3936,3903
3937,3911
3938,3903
3939,3907
3940,3909
3941,3909
3942,3916
3943,3910
3944,3915
3945,3919
3946,3915
3947,3918
3948,3915
3949,3921
3950,3916
3951,3921
3952,3926
3953,3919
3954,3923
3955,3927
3956,3922
3957,3926
3958,3927
3959,3930
3960,3930
3961,3926
3962,3931
3963,3929
3964,3935
3965,3935
3966,3931
3967,3941
3968,3936
3969,3936
3970,3937
3971,3936
3972,3941
3973,3946
3974,3941
3975,3947
3976,3946
3977,3943
3978,3947
3979,3945
3980,3950
3981,3945
3982,3949
3983,3958
3984,3952
3985,3959
3986,3957
3987,3954
3988,3962
3989,3955
3990,3958
3991,3957
3992,3962
3993,3964
3994,3961
3995,3963
3996,3967
3997,3966
3998,3970
3999,3965
4000,3972
4001,3971
4002,3973
4003,3977
4004,3974
4005,3974
4006,3977
4007,3978
4008,3979
4009,3977
4010,3979
4011,3977
4012,3979
4013,3981
4014,3983
4015,3982
4016,3984
4017,3985
4018,3991
4019,3984
4020,3989
4021,3989
4022,3987
4023,3995
4024,3995
4025,3994
4026,3998
4027,3993
4028,3997
4029,3995
4030,3999
4031,4004
4032,3998
4033,4001
4034,4006
4035,4004
4036,4006
4037,4007
4038,4009
4039,4009
4040,4007
4041,4010
4042,4012
4043,4012
4044,4014
4045,4011
4046,4019
4047,4013
4048,4021
4049,4017
4050,4019
4051,4020
4052,4019
4053,4027
4054,4021
4055,4020
4056,4029
4057,4022
4058,4029
4059,4029
4060,4027
4061,4031
4062,4028
4063,4035
4064,4033
4065,4030
4066,4034
4067,4040
4068,4034
4069,4040
4070,4038
4071,4040
4072,4038
4073,4038
4074,4044
4075,4042
4076,4042
4077,4046
4078,4043
4079,4052
4080,4050
4081,4046
4082,4050
4083,4046
4084,4052
4085,4053
4086,4058
4087,4063
4088,4054
4089,4060
4090,4060
4091,4054
4092,4061
4093,4060
4094,4061
4095,4055
