0,4
1,7
2,8
3,8
4,3
5,6
6,4
7,8
8,10
9,12
10,12
11,9
12,12
13,13
14,13
15,17
16,13
17,21
18,20
19,21
20,25
21,21
22,25
23,26
24,25
25,27
26,24
27,27
28,27
29,28
30,36
31,30
32,33
33,36
34,34
35,37
36,38
37,37
38,41
39,41
40,44
41,42
42,42
43,42
44,42
45,47
46,44
47,50
48,47
49,47
50,53
51,52
52,53
53,55
54,55
55,58
56,54
57,59
58,59
59,57
60,62
61,60
62,62
63,63
64,63
65,68
66,65
67,67
68,71
69,70
70,75
71,70
72,71
73,75
74,70
75,75
76,78
77,77
78,81
79,79
80,80
81,81
82,80
83,85
84,85
85,83
86,90
87,83
88,89
89,91
90,89
91,95
92,90
93,92
94,92
95,95
96,99
97,95
98,98
99,98
100,100
101,103
102,98
103,106
104,105
105,105
106,108
107,109
108,109
109,109
110,105
111,110
112,111
113,115
114,112
115,115
116,116
117,114
118,118
119,119
120,117
121,120
122,121
123,124
124,122
125,124
126,129
127,124
128,129
129,127
130,129
131,132
132,129
133,132
134,136
135,132
136,138
137,133
138,140
139,141
140,137
141,138
142,142
143,139
144,143
145,140
146,144
147,148
148,145
149,150
150,149
151,152
152,155
153,149
154,154
155,153
156,155
157,160
158,157
159,157
160,157
161,159
162,160
163,162
164,163
165,166
166,164
167,164
168,163
169,170
170,167
171,168
172,176
173,170
174,174
175,172
176,178
177,179
178,173
179,178
180,178
181,180
182,180
183,181
184,183
185,182
186,184
187,187
188,187
189,191
190,187
191,192
192,195
193,191
194,195
195,195
196,193
197,195
198,196
199,197
200,203
201,197
202,202
203,200
204,200
205,205
206,204
207,208
208,206
209,210
210,208
211,210
212,209
213,210
214,212
215,217
216,211
217,216
218,219
219,215
220,219
221,217
222,221
223,219
224,223
225,225
226,225
227,224
228,226
229,226
230,233
231,227
232,231
233,232
234,229
235,235
236,233
237,236
238,237
239,237
240,241
241,237
242,243
243,245
244,244
245,245
246,242
247,246
248,245
249,246
250,252
251,251
252,253
253,251
254,251
255,254
256,258
257,254
258,256
259,256
260,263
261,265
262,260
263,261
264,263
265,265
266,268
267,262
268,266
269,267
270,270
271,272
272,271
273,276
274,274
275,274
276,278
277,276
278,278
279,277
280,278
281,279
282,279
283,282
284,285
285,281
286,285
287,287
288,286
289,288
290,287
291,290
292,291
293,295
294,291
295,294
296,298
297,296
298,297
299,296
300,299
301,302
302,299
303,301
304,301
305,305
306,308
307,303
308,306
309,312
310,305
311,310
312,312
313,310
314,313
315,313
316,315
317,317
318,316
319,320
320,315
321,320
322,319
323,322
324,326
325,320
326,328
327,328
328,326
329,331
330,324
331,332
332,328
333,331
334,334
335,334
336,336
337,335
338,336
339,340
340,337
341,340
342,342
343,341
344,345
345,340
346,346
347,347
348,345
349,346
350,345
351,347
352,348
353,350
354,352
355,355
356,354
357,354
358,355
359,360
360,354
361,357
362,362
363,361
364,364
365,361
366,363
367,365
368,366
369,365
370,370
371,369
372,369
373,372
374,371
375,377
376,372
377,378
378,375
379,375
380,379
381,378
382,380
383,378
384,384
385,383
386,381
387,386
388,383
389,388
390,392
391,388
392,391
393,392
394,390
395,397
396,391
397,396
398,395
399,395
400,401
401,394
402,399
403,398
404,398
405,403
406,399
407,407
408,407
409,403
410,407
411,405
412,410
413,411
414,413
415,413
416,409
417,412
418,414
419,413
420,419
421,414
422,421
423,426
424,419
425,424
426,423
427,422
428,425
429,422
430,428
431,428
432,430
433,432
434,430
435,434
436,433
437,432
438,435
439,433
440,436
441,440
442,439
443,440
444,440
445,444
446,441
447,444
448,446
449,443
450,446
451,447
452,445
453,454
454,450
455,451
456,455
457,454
458,454
459,454
460,458
461,459
462,454
463,460
464,456
465,464
466,463
467,461
468,467
469,465
470,465
471,471
472,466
473,473
474,470
475,469
476,475
477,473
478,478
479,476
480,474
481,479
482,478
483,480
484,481
485,479
486,488
487,483
488,485
489,486
490,486
491,489
492,491
493,491
494,491
495,488
496,492
497,492
498,496
499,496
500,495
501,497
502,497
503,501
504,503
505,500
506,501
507,500
508,505
509,506
510,502
511,507
512,504
513,506
514,512
515,509
516,512
517,514
518,512
519,517
520,516
521,519
522,518
523,518
524,520
525,517
526,524
527,521
528,520
529,526
530,526
531,529
532,528
533,529
534,530
535,529
536,533
537,535
538,529
539,534
540,536
541,534
542,538
543,541
544,539
545,539
546,539
547,543
548,539
549,543
550,545
551,547
552,548
553,544
554,548
555,551
556,553
557,556
558,552
559,558
560,554
561,553
562,558
563,554
564,557
565,563
566,563
567,566
568,561
569,566
570,567
571,567
572,569
573,568
574,570
575,573
576,569
577,574
578,572
579,575
580,578
581,576
582,577
583,579
584,579
585,581
586,578
587,582
588,581
589,584
590,587
591,584
592,590
593,587
594,585
595,589
596,592
597,593
598,596
599,592
600,593
601,597
602,597
603,600
604,595
605,602
606,602
607,601
608,603
609,603
610,608
611,606
612,606
613,608
614,603
615,610
616,612
617,614
618,613
619,610
620,615
621,616
622,618
623,619
624,617
625,619
626,622
627,622
628,623
629,623
630,626
631,625
632,627
633,632
634,629
635,630
636,631
637,628
638,633
639,631
640,634
641,638
642,637
643,639
644,636
645,638
646,642
647,638
648,647
649,642
650,645
651,647
652,645
653,648
654,651
655,647
656,655
657,651
658,651
659,653
660,651
661,655
662,653
663,656
664,660
665,660
666,664
667,659
668,663
669,664
670,665
671,666
672,664
673,666
674,671
675,667
676,673
677,671
678,671
679,673
680,672
681,678
682,672
683,676
684,681
685,679
686,682
687,680
688,682
689,686
690,684
691,683
692,686
693,688
694,687
695,689
696,692
697,691
698,696
699,695
700,694
701,694
702,694
703,695
704,698
705,696
706,703
707,702
708,699
709,705
710,703
711,706
712,710
713,702
714,711
715,707
716,709
717,713
718,711
719,715
720,713
721,718
722,720
723,715
724,717
725,717
726,719
727,723
728,720
729,727
730,721
731,727
732,728
733,725
734,729
735,730
736,728
737,734
738,732
739,735
740,732
741,733
742,740
743,737
744,737
745,737
746,738
747,742
748,741
749,745
750,742
751,742
752,746
753,745
754,748
755,747
756,752
757,755
758,751
759,754
760,752
761,754
762,758
763,758
764,761
765,764
766,758
767,763
768,766
769,761
770,765
771,766
772,767
773,770
774,768
775,769
776,771
777,773
778,773
779,770
780,776
781,773
782,779
783,780
784,778
785,783
786,780
787,781
788,781
789,782
790,786
791,783
792,789
793,790
794,789
795,790
796,791
797,791
798,794
799,793
800,797
801,796
802,795
803,801
804,795
805,803
806,801
807,801
808,803
809,803
810,806
811,806
812,808
813,808
814,809
815,812
816,810
817,812
818,813
819,809
820,817
821,815
822,815
823,820
824,819
825,821
826,820
827,819
828,825
829,824
830,822
831,828
832,826
833,829
834,829
835,827
836,831
837,829
838,835
839,834
840,835
841,838
842,833
843,840
844,840
845,840
846,842
847,839
848,845
849,843
850,844
851,848
852,845
853,850
854,848
855,849
856,850
857,852
858,854
859,853
860,853
861,856
862,856
863,857
864,857
865,858
866,861
867,861
868,864
869,863
870,864
871,869
872,862
873,871
874,872
875,867
876,873
877,868
878,870
879,873
880,872
881,873
882,877
883,873
884,880
885,879
886,882
887,880
888,883
889,887
890,881
891,884
892,886
893,888
894,891
895,886
896,887
897,895
898,892
899,893
900,892
901,893
902,900
903,895
904,902
905,901
906,902
907,904
908,899
909,905
910,902
911,905
912,906
913,906
914,911
915,909
916,909
917,911
918,913
919,916
920,915
921,915
922,916
923,916
924,919
925,917
926,918
927,924
928,922
929,923
930,925
931,923
932,928
933,926
934,929
935,933
936,930
937,936
938,932
939,932
940,938
941,933
942,938
943,940
944,937
945,940
946,937
947,943
948,944
949,945
950,944
951,944
952,946
953,948
954,945
955,951
956,948
957,954
958,954
959,952
960,954
961,955
962,955
963,955
964,958
965,961
966,960
967,964
968,959
969,963
970,968
971,965
972,968
973,966
974,969
975,969
976,967
977,969
978,973
979,973
980,976
981,971
982,978
983,978
984,978
985,983
986,978
987,983
988,984
989,982
990,988
991,983
992,982
993,991
994,987
995,991
996,993
997,987
998,996
999,992
1000,996
1001,996
1002,993
1003,1001
1004,996
1005,999
1006,1001
1007,1002
1008,1005
1009,1005
1010,1003
1011,1006
1012,1004
1013,1008
1014,1009
1015,1011
1016,1010
1017,1011
1018,1013
1019,1012
1020,1016
1021,1018
1022,1013
1023,1017
1024,1016
1025,1020
1026,1021
1027,1018
1028,1026
1029,1023
1030,1024
1031,1024
1032,1027
1033,1028
1034,1027
1035,1030
1036,1031
1037,1030
1038,1035
1039,1032
1040,1035
1041,1038
1042,1036
1043,1036
1044,1038
1045,1036
1046,1040
1047,1042
1048,1044
1049,1048
1050,1043
1051,1048
1052,1048
1053,1047
1054,1049
1055,1046
1056,1053
1057,1050
1058,1051
1059,1056
1060,1053
1061,1054
1062,1057
1063,1056
1064,1060
1065,1060
1066,1064
1067,1061
1068,1060
1069,1066
1070,1062
1071,1068
1072,1066
1073,1068
1074,1071
1075,1070
1076,1073
1077,1071
1078,1070
1079,1075
1080,1072
1081,1076
1082,1074
1083,1076
1084,1079
1085,1076
1086,1083
1087,1084
1088,1079
1089,1084
1090,1086
1091,1086
1092,1088
1093,1090
1094,1087
1095,1092
1096,1089
1097,1092
1098,1091
1099,1092
1100,1093
1101,1094
1102,1098
1103,1092
1104,1097
1105,1099
1106,1100
1107,1103
1108,1100
1109,1106
1110,1102
1111,1106
1112,1108
1113,1107
1114,1109
1115,1108
1116,1110
1117,1111
1118,1111
1119,1116
1120,1113
1121,1111
1122,1119
1123,1115
1124,1118
1125,1122
1126,1117
1127,1122
1128,1121
1129,1125
1130,1124
1131,1121
1132,1129
1133,1128
1134,1129
1135,1132
1136,1128
1137,1131
1138,1134
1139,1129
1140,1134
1141,1135
1142,1137
1143,1138
1144,1139
1145,1137
1146,1140
1147,1139
1148,1143
1149,1140
1150,1145
1151,1146
1152,1148
1153,1150
1154,1145
1155,1148
1156,1149
1157,1148
1158,1155
1159,1149
1160,1155
1161,1155
1162,1153
1163,1158
1164,1157
1165,1161
1166,1160
1167,1159
1168,1163
1169,1163
1170,1167
1171,1162
1172,1162
1173,1171
1174,1166
1175,1169
1176,1167
1177,1171
1178,1174
1179,1172
1180,1171
1181,1177
1182,1174
1183,1177
1184,1177
1185,1178
1186,1181
1187,1180
1188,1181
1189,1181
1190,1185
1191,1186
1192,1183
1193,1187
1194,1186
1195,1187
1196,1189
1197,1189
1198,1190
1199,1194
1200,1192
1201,1194
1202,1196
1203,1195
1204,1199
1205,1197
1206,1202
1207,1200
1208,1202
1209,1204
1210,1201
1211,1204
1212,1202
1213,1207
1214,1209
1215,1209
1216,1209
1217,1209
1218,1213
1219,1212
1220,1209
1221,1215
1222,1213
1223,1217
1224,1220
1225,1217
1226,1220
1227,1220
1228,1221
1229,1224
1230,1222
1231,1226
1232,1228
1233,1226
1234,1227
1235,1226
1236,1229
1237,1231
1238,1228
1239,1234
1240,1232
1241,1231
1242,1233
1243,1234
1244,1239
1245,1235
1246,1239
1247,1242
1248,1237
1249,1243
1250,1244
1251,1245
1252,1246
1253,1246
1254,1249
1255,1249
1256,1248
1257,1253
1258,1247
1259,1252
1260,1251
1261,1250
1262,1256
1263,1255
1264,1259
1265,1255
1266,1260
1267,1260
1268,1256
1269,1264
1270,1260
1271,1265
1272,1267
1273,1268
1274,1267
1275,1268
1276,1268
1277,1272
1278,1268
1279,1268
1280,1271
1281,1270
1282,1277
1283,1277
1284,1275
1285,1281
1286,1275
1287,1282
1288,1280
1289,1277
1290,1287
1291,1284
1292,1285
1293,1287
1294,1287
1295,1287
1296,1288
1297,1288
1298,1288
1299,1288
1300,1292
1301,1289
1302,1293
1303,1294
1304,1296
1305,1298
1306,1296
1307,1299
1308,1299
1309,1298
1310,1305
1311,1299
1312,1306
1313,1305
1314,1305
1315,1309
1316,1306
1317,1308
1318,1309
1319,1311
1320,1313
1321,1313
1322,1314
1323,1314
1324,1316
1325,1315
1326,1318
1327,1318
1328,1319
1329,1322
1330,1320
1331,1325
1332,1324
1333,1329
1334,1326
1335,1325
1336,1328
1337,1329
1338,1329
1339,1332
1340,1333
1341,1333
1342,1330
1343,1338
1344,1337
1345,1339
1346,1341
1347,1336
1348,1339
1349,1342
1350,1344
1351,1345
1352,1341
1353,1345
1354,1343
1355,1346
1356,1349
1357,1346
1358,1348
1359,1349
1360,1352
1361,1351
1362,1351
1363,1357
1364,1354
1365,1354
1366,1359
1367,1357
1368,1358
1369,1362
1370,1359
1371,1364
1372,1364
1373,1363
1374,1367
1375,1367
1376,1366
1377,1367
1378,1370
1379,1372
1380,1369
1381,1375
1382,1372
1383,1373
1384,1378
1385,1376
1386,1376
1387,1378
1388,1378
1389,1383
1390,1380
1391,1382
1392,1383
1393,1382
1394,1387
1395,1383
1396,1386
1397,1389
1398,1387
1399,1389
1400,1391
1401,1391
1402,1392
1403,1393
1404,1396
1405,1393
1406,1396
1407,1397
1408,1396
1409,1401
1410,1401
1411,1404
1412,1400
1413,1400
1414,1405
1415,1405
1416,1407
1417,1408
1418,1405
1419,1409
1420,1409
1421,1410
1422,1415
1423,1414
1424,1415
1425,1419
1426,1416
1427,1419
1428,1418
1429,1420
1430,1422
1431,1419
1432,1422
1433,1423
1434,1424
1435,1428
1436,1428
1437,1427
1438,1428
1439,1428
1440,1434
1441,1431
1442,1432
1443,1434
1444,1434
1445,1437
1446,1436
1447,1438
1448,1436
1449,1440
1450,1442
1451,1439
1452,1442
1453,1444
1454,1443
1455,1447
1456,1447
1457,1450
1458,1449
1459,1448
1460,1452
1461,1453
1462,1450
1463,1455
1464,1453
1465,1458
1466,1458
1467,1457
1468,1458
1469,1458
1470,1461
1471,1462
1472,1461
1473,1467
1474,1465
1475,1465
1476,1466
1477,1465
1478,1472
1479,1470
1480,1470
1481,1472
1482,1473
1483,1473
1484,1474
1485,1474
1486,1475
1487,1475
1488,1482
1489,1480
1490,1478
1491,1479
1492,1482
1493,1483
1494,1482
1495,1487
1496,1484
1497,1487
1498,1491
1499,1486
1500,1488
1501,1492
1502,1490
1503,1496
1504,1491
1505,1493
1506,1496
1507,1493
1508,1499
1509,1499
1510,1496
1511,1502
1512,1503
1513,1505
1514,1507
1515,1506
1516,1510
1517,1505
1518,1506
1519,1510
1520,1506
1521,1511
1522,1510
1523,1512
1524,1513
1525,1513
1526,1519
1527,1515
1528,1520
1529,1522
1530,1521
1531,1521
1532,1519
1533,1525
1534,1524
1535,1522
1536,1528
1537,1528
1538,1528
1539,1530
1540,1529
1541,1533
1542,1534
1543,1532
1544,1538
1545,1533
1546,1538
1547,1534
1548,1538
1549,1543
1550,1535
1551,1542
1552,1542
1553,1540
1554,1544
1555,1543
1556,1548
1557,1549
1558,1545
1559,1552
1560,1547
1561,1549
1562,1552
1563,1550
1564,1554
1565,1554
1566,1556
1567,1560
1568,1558
1569,1562
1570,1562
1571,1563
1572,1564
1573,1561
1574,1563
1575,1563
1576,1564
1577,1568
1578,1568
1579,1569
1580,1568
1581,1569
1582,1569
1583,1572
1584,1574
1585,1574
1586,1574
1587,1577
1588,1574
1589,1579
1590,1582
1591,1580
1592,1582
1593,1582
1594,1583
1595,1585
1596,1584
1597,1586
1598,1587
1599,1588
1600,1593
1601,1589
1602,1594
1603,1592
1604,1590
1605,1596
1606,1593
1607,1594
1608,1595
1609,1596
1610,1601
1611,1599
1612,1604
1613,1603
1614,1602
1615,1602
1616,1604
1617,1605
1618,1607
1619,1605
1620,1612
1621,1610
1622,1613
1623,1611
1624,1612
1625,1614
1626,1615
1627,1615
1628,1620
1629,1615
1630,1621
1631,1617
1632,1623
1633,1625
1634,1622
1635,1624
1636,1623
1637,1628
1638,1625
1639,1625
1640,1632
1641,1629
1642,1628
1643,1631
1644,1634
1645,1634
1646,1635
1647,1636
1648,1637
1649,1639
1650,1639
1651,1640
1652,1637
1653,1644
1654,1644
1655,1644
1656,1647
1657,1644
1658,1647
1659,1649
1660,1649
1661,1653
1662,1650
1663,1652
1664,1652
1665,1652
1666,1656
1667,1653
1668,1656
1669,1658
1670,1656
1671,1664
1672,1658
1673,1664
1674,1663
1675,1663
1676,1669
1677,1662
1678,1670
1679,1668
1680,1669
1681,1672
1682,1669
1683,1671
1684,1673
1685,1671
1686,1677
1687,1676
1688,1677
1689,1679
1690,1676
1691,1682
1692,1679
1693,1678
1694,1685
1695,1682
1696,1685
1697,1684
1698,1685
1699,1691
1700,1685
1701,1693
1702,1694
1703,1688
1704,1693
1705,1691
1706,1692
1707,1698
1708,1696
1709,1700
1710,1695
1711,1699
1712,1700
1713,1702
1714,1707
1715,1702
1716,1706
1717,1703
1718,1705
1719,1710
1720,1707
1721,1713
1722,1712
1723,1711
1724,1716
1725,1712
1726,1712
1727,1713
1728,1715
1729,1717
1730,1715
1731,1721
1732,1722
1733,1720
1734,1726
1735,1721
1736,1723
1737,1724
1738,1726
1739,1730
1740,1728
1741,1724
1742,1729
1743,1732
1744,1734
1745,1735
1746,1730
1747,1737
1748,1734
1749,1735
1750,1736
1751,1739
1752,1742
1753,1742
1754,1744
1755,1744
1756,1745
1757,1744
1758,1746
1759,1748
1760,1750
1761,1748
1762,1750
1763,1750
1764,1755
1765,1756
1766,1751
1767,1758
1768,1755
1769,1760
1770,1758
1771,1760
1772,1762
1773,1762
1774,1764
1775,1763
1776,1763
1777,1767
1778,1767
1779,1770
1780,1772
1781,1765
1782,1769
1783,1773
1784,1773
1785,1776
1786,1775
1787,1776
1788,1778
1789,1776
1790,1781
1791,1775
1792,1781
1793,1785
1794,1780
1795,1783
1796,1784
1797,1786
1798,1789
1799,1787
1800,1791
1801,1789
1802,1792
1803,1794
1804,1789
1805,1795
1806,1795
1807,1796
1808,1798
1809,1797
1810,1800
1811,1799
1812,1800
1813,1806
1814,1799
1815,1805
1816,1805
1817,1805
1818,1809
1819,1806
1820,1807
1821,1808
1822,1809
1823,1810
1824,1812
1825,1812
1826,1811
1827,1811
1828,1816
1829,1816
1830,1817
1831,1820
1832,1820
1833,1821
1834,1820
1835,1823
1836,1827
1837,1823
1838,1824
1839,1829
1840,1824
1841,1831
1842,1830
1843,1834
1844,1836
1845,1828
1846,1836
1847,1835
1848,1834
1849,1838
1850,1838
1851,1841
1852,1837
1853,1839
1854,1842
1855,1844
1856,1843
1857,1843
1858,1848
1859,1848
1860,1844
1861,1851
1862,1849
1863,1850
1864,1853
1865,1852
1866,1857
1867,1851
1868,1854
1869,1857
1870,1856
1871,1858
1872,1858
1873,1863
1874,1863
1875,1859
1876,1862
1877,1866
1878,1866
1879,1865
1880,1867
1881,1871
1882,1873
1883,1870
1884,1875
1885,1874
1886,1874
1887,1876
1888,1872
1889,1879
1890,1875
1891,1879
1892,1880
1893,1881
1894,1881
1895,1881
1896,1881
1897,1886
1898,1884
1899,1885
1900,1889
1901,1889
1902,1893
1903,1891
1904,1890
1905,1890
1906,1889
1907,1894
1908,1891
1909,1895
1910,1897
1911,1896
1912,1903
1913,1896
1914,1902
1915,1901
1916,1902
1917,1905
1918,1902
1919,1906
1920,1900
1921,1907
1922,1910
1923,1909
1924,1913
1925,1915
1926,1910
1927,1913
1928,1918
1929,1913
1930,1921
1931,1919
1932,1920
1933,1921
1934,1923
1935,1925
1936,1920
1937,1926
1938,1928
1939,1926
1940,1927
1941,1926
1942,1922
1943,1933
1944,1927
1945,1934
1946,1934
1947,1936
1948,1936
1949,1933
1950,1938
1951,1937
1952,1938
1953,1939
1954,1937
1955,1943
1956,1942
1957,1945
1958,1949
1959,1945
1960,1951
1961,1947
1962,1947
1963,1948
1964,1948
1965,1954
1966,1954
1967,1956
1968,1954
1969,1954
1970,1958
1971,1958
1972,1956
1973,1958
1974,1958
1975,1961
1976,1966
1977,1961
1978,1964
1979,1963
1980,1964
1981,1967
1982,1964
1983,1969
1984,1968
1985,1972
1986,1972
1987,1973
1988,1977
1989,1975
1990,1977
1991,1977
1992,1977
1993,1981
1994,1982
1995,1978
1996,1984
1997,1979
1998,1984
1999,1985
2000,1984
2001,1987
2002,1988
2003,1991
2004,1993
2005,1990
2006,1996
2007,1994
2008,1992
2009,1994
2010,1995
2011,2000
2012,1995
2013,2000
2014,1999
2015,2003
2016,2005
2017,2004
2018,2001
2019,2007
2020,2002
2021,2006
2022,2009
2023,2007
2024,2012
2025,2009
2026,2016
2027,2013
2028,2015
2029,2016
2030,2013
2031,2019
2032,2019
2033,2017
2034,2024
2035,2019
2036,2025
2037,2023
2038,2025
2039,2027
2040,2024
2041,2027
2042,2028
2043,2029
2044,2029
2045,2030
2046,2034
2047,2036
2048,2033
2049,2034
2050,2037
2051,2035
2052,2038
2053,2035
2054,2040
2055,2042
2056,2041
2057,2043
2058,2043
2059,2046
2060,2048
2061,2045
2062,2051
2063,2049
2064,2051
2065,2055
2066,2050
2067,2055
2068,2051
2069,2053
2070,2058
2071,2054
2072,2057
2073,2057
2074,2059
2075,2061
2076,2060
2077,2063
2078,2064
2079,2066
2080,2065
2081,2064
2082,2070
2083,2068
2084,2071
2085,2071
2086,2069
2087,2072
2088,2073
2089,2073
2090,2080
2091,2073
2092,2080
2093,2083
2094,2079
2095,2084
2096,2079
2097,2084
2098,2083
2099,2087
2100,2086
2101,2084
2102,2091
2103,2087
2104,2088
2105,2091
2106,2091
2107,2092
2108,2096
2109,2096
2110,2096
2111,2096
2112,2095
2113,2103
2114,2097
2115,2103
2116,2099
2117,2103
2118,2106
2119,2100
2120,2107
2121,2108
2122,2105
2123,2111
2124,2108
2125,2112
2126,2109
2127,2108
2128,2113
2129,2114
2130,2117
2131,2115
2132,2114
2133,2118
2134,2119
2135,2118
2136,2125
2137,2122
2138,2124
2139,2122
2140,2127
2141,2127
2142,2125
2143,2131
2144,2130
2145,2129
2146,2135
2147,2134
2148,2135
2149,2132
2150,2136
2151,2134
2152,2138
2153,2138
2154,2138
2155,2141
2156,2144
2157,2141
2158,2142
2159,2146
2160,2142
2161,2144
2162,2148
2163,2146
2164,2149
2165,2149
2166,2154
2167,2153
2168,2153
2169,2154
2170,2153
2171,2159
2172,2156
2173,2160
2174,2160
2175,2157
2176,2163
2177,2163
2178,2162
2179,2163
2180,2161
2181,2169
2182,2168
2183,2169
2184,2169
2185,2165
2186,2173
2187,2171
2188,2171
2189,2174
2190,2175
2191,2175
2192,2179
2193,2175
2194,2178
2195,2176
2196,2179
2197,2181
2198,2180
2199,2183
2200,2182
2201,2185
2202,2189
2203,2187
2204,2188
2205,2188
2206,2191
2207,2194
2208,2192
2209,2196
2210,2196
2211,2192
2212,2196
2213,2196
2214,2196
2215,2200
2216,2201
2217,2202
2218,2201
2219,2202
2220,2202
2221,2201
2222,2210
2223,2205
2224,2211
2225,2211
2226,2210
2227,2212
2228,2213
2229,2215
2230,2213
2231,2213
2232,2220
2233,2222
2234,2219
2235,2219
2236,2221
2237,2226
2238,2220
2239,2224
2240,2225
2241,2222
2242,2229
2243,2226
2244,2226
2245,2232
2246,2230
2247,2234
2248,2233
2249,2235
2250,2234
2251,2235
2252,2234
2253,2237
2254,2239
2255,2240
2256,2240
2257,2240
2258,2242
2259,2243
2260,2243
2261,2247
2262,2245
2263,2247
2264,2249
2265,2250
2266,2247
2267,2253
2268,2256
2269,2251
2270,2256
2271,2254
2272,2260
2273,2262
2274,2255
2275,2260
2276,2262
2277,2260
2278,2264
2279,2263
2280,2268
2281,2263
2282,2266
2283,2271
2284,2266
2285,2270
2286,2267
2287,2273
2288,2273
2289,2274
2290,2277
2291,2276
2292,2275
2293,2281
2294,2279
2295,2283
2296,2281
2297,2281
2298,2284
2299,2285
2300,2284
2301,2286
2302,2288
2303,2289
2304,2291
2305,2290
2306,2294
2307,2288
2308,2295
2309,2295
2310,2296
2311,2295
2312,2295
2313,2296
2314,2301
2315,2297
2316,2300
2317,2300
2318,2303
2319,2303
2320,2301
2321,2306
2322,2307
2323,2310
2324,2311
2325,2310
2326,2311
2327,2309
2328,2314
2329,2311
2330,2310
2331,2319
2332,2312
2333,2318
2334,2316
2335,2315
2336,2323
2337,2319
2338,2320
2339,2323
2340,2321
2341,2329
2342,2325
2343,2327
2344,2327
2345,2326
2346,2328
2347,2334
2348,2331
2349,2334
2350,2333
2351,2337
2352,2339
2353,2338
2354,2342
2355,2339
2356,2338
2357,2343
2358,2340
2359,2343
2360,2345
2361,2343
2362,2348
2363,2344
2364,2348
2365,2346
2366,2350
2367,2353
2368,2351
2369,2356
2370,2351
2371,2355
2372,2360
2373,2353
2374,2357
2375,2357
2376,2360
2377,2362
2378,2358
2379,2362
2380,2360
2381,2363
2382,2366
2383,2368
2384,2371
2385,2366
2386,2368
2387,2373
2388,2368
2389,2373
2390,2376
2391,2372
2392,2378
2393,2376
2394,2376
2395,2381
2396,2377
2397,2381
2398,2382
2399,2383
2400,2388
2401,2382
2402,2387
2403,2388
2404,2388
2405,2389
2406,2386
2407,2389
2408,2390
2409,2388
2410,2393
2411,2392
2412,2395
2413,2396
2414,2399
2415,2403
2416,2397
2417,2400
2418,2404
2419,2399
2420,2403
2421,2405
2422,2408
2423,2407
2424,2407
2425,2412
2426,2407
2427,2408
2428,2411
2429,2413
2430,2413
2431,2410
2432,2417
2433,2418
2434,2419
2435,2421
2436,2417
2437,2420
2438,2422
2439,2418
2440,2422
2441,2427
2442,2421
2443,2424
2444,2423
2445,2429
2446,2432
2447,2430
2448,2430
2449,2429
2450,2435
2451,2432
2452,2436
2453,2439
2454,2436
2455,2439
2456,2442
2457,2438
2458,2442
2459,2441
2460,2445
2461,2443
2462,2445
2463,2446
2464,2447
2465,2448
2466,2447
2467,2451
2468,2450
2469,2452
2470,2451
2471,2453
2472,2454
2473,2457
2474,2455
2475,2455
2476,2458
2477,2455
2478,2460
2479,2460
2480,2463
2481,2466
2482,2462
2483,2469
2484,2466
2485,2464
2486,2470
2487,2471
2488,2470
2489,2475
2490,2474
2491,2473
2492,2476
2493,2478
2494,2476
2495,2477
2496,2478
2497,2477
2498,2480
2499,2481
2500,2482
2501,2486
2502,2482
2503,2486
2504,2490
2505,2483
2506,2489
2507,2489
2508,2491
2509,2491
2510,2489
2511,2492
2512,2492
2513,2496
2514,2499
2515,2498
2516,2500
2517,2499
2518,2501
2519,2505
2520,2504
2521,2507
2522,2507
2523,2506
2524,2506
2525,2504
2526,2506
2527,2508
2528,2506
2529,2515
2530,2510
2531,2509
2532,2517
2533,2515
2534,2518
2535,2516
2536,2517
2537,2525
2538,2521
2539,2522
2540,2523
2541,2524
2542,2523
2543,2523
2544,2525
2545,2532
2546,2525
2547,2533
2548,2528
2549,2529
2550,2535
2551,2534
2552,2534
2553,2536
2554,2540
2555,2539
2556,2534
2557,2542
2558,2540
2559,2544
2560,2548
2561,2543
2562,2546
2563,2544
2564,2548
2565,2546
2566,2549
2567,2547
2568,2548
2569,2552
2570,2551
2571,2549
2572,2556
2573,2555
2574,2555
2575,2558
2576,2556
2577,2560
2578,2564
2579,2559
2580,2562
2581,2560
2582,2564
2583,2570
2584,2565
2585,2566
2586,2568
2587,2569
2588,2568
2589,2573
2590,2577
2591,2572
2592,2575
2593,2574
2594,2576
2595,2581
2596,2579
2597,2579
2598,2583
2599,2575
2600,2581
2601,2581
2602,2581
2603,2585
2604,2584
2605,2587
2606,2590
2607,2586
2608,2593
2609,2589
2610,2593
2611,2595
2612,2595
2613,2595
2614,2593
2615,2600
2616,2594
2617,2600
2618,2600
2619,2598
2620,2602
2621,2604
2622,2604
2623,2606
2624,2608
2625,2604
2626,2609
2627,2604
2628,2610
2629,2609
2630,2611
2631,2611
2632,2615
2633,2612
2634,2617
2635,2616
2636,2621
2637,2617
2638,2622
2639,2621
2640,2618
2641,2622
2642,2622
2643,2623
2644,2630
2645,2625
2646,2627
2647,2630
2648,2628
2649,2634
2650,2629
2651,2634
2652,2634
2653,2638
2654,2637
2655,2633
2656,2637
2657,2640
2658,2642
2659,2640
2660,2641
2661,2642
2662,2645
2663,2644
2664,2645
2665,2645
2666,2652
2667,2648
2668,2652
2669,2656
2670,2652
2671,2654
2672,2655
2673,2654
2674,2655
2675,2657
2676,2658
2677,2661
2678,2658
2679,2662
2680,2660
2681,2659
2682,2663
2683,2664
2684,2667
2685,2663
2686,2664
2687,2671
2688,2670
2689,2673
2690,2670
2691,2672
2692,2677
2693,2675
2694,2676
2695,2673
2696,2678
2697,2678
2698,2679
2699,2682
2700,2678
2701,2681
2702,2688
2703,2680
2704,2683
2705,2687
2706,2684
2707,2692
2708,2686
2709,2689
2710,2694
2711,2693
2712,2691
2713,2694
2714,2692
2715,2697
2716,2698
2717,2700
2718,2700
2719,2701
2720,2705
2721,2698
2722,2704
2723,2704
2724,2706
2725,2709
2726,2703
2727,2706
2728,2706
2729,2706
2730,2713
2731,2708
2732,2711
2733,2715
2734,2714
2735,2719
2736,2713
2737,2717
2738,2720
2739,2715
2740,2720
2741,2719
2742,2725
2743,2725
2744,2724
2745,2730
2746,2724
2747,2726
2748,2730
2749,2724
2750,2728
2751,2729
2752,2733
2753,2738
2754,2730
2755,2735
2756,2733
2757,2741
2758,2742
2759,2739
2760,2739
2761,2738
2762,2744
2763,2752
2764,2746
2765,2746
2766,2750
2767,2743
2768,2750
2769,2751
2770,2749
2771,2754
2772,2747
2773,2753
2774,2754
2775,2753
2776,2758
2777,2752
2778,2761
2779,2762
2780,2758
2781,2763
2782,2758
2783,2765
2784,2762
2785,2766
2786,2764
2787,2763
2788,2770
2789,2768
2790,2766
2791,2771
2792,2771
2793,2775
2794,2777
2795,2773
2796,2774
2797,2774
2798,2782
2799,2778
2800,2780
2801,2783
2802,2778
2803,2780
2804,2786
2805,2782
2806,2787
2807,2783
2808,2791
2809,2790
2810,2792
2811,2788
2812,2792
2813,2789
2814,2793
2815,2795
2816,2797
2817,2797
2818,2796
2819,2797
2820,2800
2821,2799
2822,2799
2823,2798
2824,2802
2825,2802
2826,2809
2827,2808
2828,2805
2829,2807
2830,2809
2831,2805
2832,2809
2833,2813
2834,2812
2835,2814
2836,2812
2837,2814
2838,2815
2839,2817
2840,2816
2841,2819
2842,2819
2843,2823
2844,2823
2845,2823
2846,2827
2847,2826
2848,2828
2849,2828
2850,2829
2851,2832
2852,2830
2853,2833
2854,2836
2855,2833
2856,2833
2857,2837
2858,2837
2859,2840
2860,2841
2861,2838
2862,2839
2863,2845
2864,2845
2865,2847
2866,2843
2867,2848
2868,2844
2869,2845
2870,2852
2871,2849
2872,2854
2873,2850
2874,2850
2875,2856
2876,2852
2877,2858
2878,2855
2879,2859
2880,2860
2881,2858
2882,2863
2883,2861
2884,2863
2885,2866
2886,2864
2887,2867
2888,2864
2889,2865
2890,2873
2891,2865
2892,2870
2893,2870
2894,2870
2895,2875
2896,2876
2897,2875
2898,2873
2899,2878
2900,2883
2901,2877
2902,2881
2903,2887
2904,2879
2905,2884
2906,2886
2907,2881
2908,2889
2909,2889
2910,2889
2911,2889
2912,2890
2913,2890
2914,2897
2915,2897
2916,2893
2917,2893
2918,2902
2919,2896
2920,2899
2921,2903
2922,2899
2923,2902
2924,2899
2925,2905
2926,2907
2927,2903
2928,2908
2929,2904
2930,2911
2931,2912
2932,2911
2933,2911
2934,2909
2935,2910
2936,2913
2937,2914
2938,2919
2939,2918
2940,2919
2941,2920
2942,2919
2943,2921
2944,2921
2945,2926
2946,2926
2947,2926
2948,2928
2949,2930
2950,2928
2951,2930
2952,2929
2953,2928
2954,2932
2955,2934
2956,2937
2957,2939
2958,2934
2959,2936
2960,2937
2961,2942
2962,2941
2963,2943
2964,2942
2965,2939
2966,2946
2967,2947
2968,2944
2969,2951
2970,2945
2971,2953
2972,2949
2973,2951
2974,2951
2975,2952
2976,2955
2977,2957
2978,2956
2979,2956
2980,2954
2981,2962
2982,2961
2983,2963
2984,2963
2985,2961
2986,2965
2987,2963
2988,2961
2989,2966
2990,2966
2991,2968
2992,2968
2993,2967
2994,2976
2995,2970
2996,2972
2997,2978
2998,2974
2999,2975
3000,2976
3001,2978
3002,2979
3003,2980
3004,2982
3005,2982
3006,2982
3007,2984
3008,2986
3009,2986
3010,2985
3011,2989
3012,2991
3013,2987
3014,2989
3015,2990
3016,2995
3017,2994
3018,2994
3019,2994
3020,2995
3021,2995
3022,3003
3023,2998
3024,3002
3025,3000
3026,3002
3027,3008
3028,3002
3029,3008
3030,3011
3031,3009
3032,3011
3033,3009
3034,3015
3035,3017
3036,3012
3037,3015
3038,3013
3039,3017
3040,3020
3041,3014
3042,3017
3043,3020
3044,3018
3045,3026
3046,3025
3047,3022
3048,3025
3049,3028
3050,3031
3051,3025
3052,3030
3053,3034
3054,3029
3055,3036
3056,3033
3057,3037
3058,3035
3059,3032
3060,3036
3061,3039
3062,3036
3063,3043
3064,3039
3065,3047
3066,3046
3067,3044
3068,3046
3069,3042
3070,3047
3071,3045
3072,3051
3073,3054
3074,3051
3075,3051
3076,3055
3077,3056
3078,3057
3079,3053
3080,3057
3081,3056
3082,3056
3083,3059
3084,3060
3085,3062
3086,3063
3087,3062
3088,3064
3089,3069
3090,3069
3091,3075
3092,3072
3093,3071
3094,3070
3095,3069
3096,3074
3097,3072
3098,3073
3099,3077
3100,3079
3101,3080
3102,3081
3103,3078
3104,3079
3105,3080
3106,3087
3107,3083
3108,3086
3109,3086
3110,3086
3111,3088
3112,3087
3113,3091
3114,3088
3115,3094
3116,3096
3117,3091
3118,3093
3119,3094
3120,3096
3121,3100
3122,3100
3123,3099
3124,3101
3125,3098
3126,3102
3127,3104
3128,3105
3129,3109
3130,3106
3131,3106
3132,3105
3133,3109
3134,3111
3135,3110
3136,3110
3137,3118
3138,3115
3139,3119
3140,3113
3141,3118
3142,3117
3143,3119
3144,3123
3145,3119
3146,3125
3147,3123
3148,3121
3149,3127
3150,3125
3151,3126
3152,3129
3153,3125
3154,3133
3155,3133
3156,3132
3157,3133
3158,3130
3159,3135
3160,3136
3161,3139
3162,3138
3163,3137
3164,3139
3165,3143
3166,3144
3167,3143
3168,3142
3169,3145
3170,3148
3171,3144
3172,3149
3173,3149
3174,3154
3175,3150
3176,3151
3177,3152
3178,3154
3179,3157
3180,3154
3181,3154
3182,3153
3183,3160
3184,3161
3185,3160
3186,3165
3187,3165
3188,3162
3189,3164
3190,3169
3191,3169
3192,3164
3193,3170
3194,3166
3195,3171
3196,3175
3197,3170
3198,3175
3199,3172
3200,3177
3201,3181
3202,3178
3203,3181
3204,3181
3205,3180
3206,3187
3207,3184
3208,3187
3209,3183
3210,3184
3211,3186
3212,3184
3213,3188
3214,3187
3215,3190
3216,3197
3217,3190
3218,3193
3219,3196
3220,3192
3221,3197
3222,3196
3223,3198
3224,3198
3225,3199
3226,3202
3227,3199
3228,3205
3229,3204
3230,3204
3231,3211
3232,3209
3233,3207
3234,3209
3235,3211
3236,3212
3237,3213
3238,3210
3239,3214
3240,3216
3241,3219
3242,3220
3243,3220
3244,3220
3245,3220
3246,3225
3247,3221
3248,3225
3249,3231
3250,3227
3251,3226
3252,3228
3253,3230
3254,3230
3255,3227
3256,3229
3257,3229
3258,3229
3259,3239
3260,3234
3261,3235
3262,3237
3263,3239
3264,3242
3265,3240
3266,3239
3267,3241
3268,3238
3269,3248
3270,3240
3271,3244
3272,3246
3273,3247
3274,3254
3275,3251
3276,3250
3277,3255
3278,3254
3279,3252
3280,3260
3281,3257
3282,3261
3283,3255
3284,3260
3285,3263
3286,3258
3287,3262
3288,3262
3289,3263
3290,3268
3291,3268
3292,3267
3293,3266
3294,3271
3295,3272
3296,3268
3297,3275
3298,3275
3299,3274
3300,3279
3301,3272
3302,3281
3303,3279
3304,3281
3305,3283
3306,3282
3307,3286
3308,3281
3309,3286
3310,3285
3311,3285
3312,3286
3313,3284
3314,3288
3315,3290
3316,3288
3317,3291
3318,3294
3319,3293
3320,3296
3321,3298
3322,3297
3323,3300
3324,3295
3325,3304
3326,3302
3327,3304
3328,3308
3329,3302
3330,3304
3331,3305
3332,3308
3333,3309
3334,3308
3335,3313
3336,3314
3337,3308
3338,3314
3339,3310
3340,3318
3341,3316
3342,3315
3343,3322
3344,3317
3345,3320
3346,3323
3347,3320
3348,3328
3349,3321
3350,3325
3351,3326
3352,3324
3353,3333
3354,3326
3355,3329
3356,3329
3357,3330
3358,3336
3359,3330
3360,3338
3361,3339
3362,3337
3363,3342
3364,3334
3365,3340
3366,3339
3367,3342
3368,3345
3369,3347
3370,3343
3371,3349
3372,3348
3373,3350
3374,3352
3375,3344
3376,3355
3377,3353
3378,3351
3379,3357
3380,3349
3381,3354
3382,3357
3383,3360
3384,3359
3385,3359
3386,3363
3387,3364
3388,3361
3389,3363
3390,3360
3391,3369
3392,3366
3393,3367
3394,3374
3395,3368
3396,3371
3397,3369
3398,3375
3399,3376
3400,3371
3401,3375
3402,3377
3403,3375
3404,3379
3405,3375
3406,3384
3407,3381
3408,3384
3409,3386
3410,3384
3411,3385
3412,3389
3413,3385
3414,3388
3415,3390
3416,3392
3417,3395
3418,3390
3419,3395
3420,3397
3421,3393
3422,3395
3423,3393
3424,3402
3425,3399
3426,3397
3427,3404
3428,3399
3429,3406
3430,3401
3431,3408
3432,3407
3433,3408
3434,3409
3435,3409
3436,3410
3437,3411
3438,3411
3439,3412
3440,3413
3441,3419
3442,3418
3443,3419
3444,3417
3445,3421
3446,3417
3447,3421
3448,3418
3449,3426
3450,3427
3451,3422
3452,3430
3453,3423
3454,3433
3455,3430
3456,3425
3457,3431
3458,3429
3459,3435
3460,3437
3461,3437
3462,3437
3463,3436
3464,3439
3465,3437
3466,3441
3467,3441
3468,3441
3469,3445
3470,3443
3471,3441
3472,3449
3473,3448
3474,3446
3475,3447
3476,3449
3477,3448
3478,3452
3479,3450
3480,3454
3481,3457
3482,3456
3483,3459
3484,3457
3485,3459
3486,3458
3487,3459
3488,3464
3489,3460
3490,3467
3491,3467
3492,3463
3493,3469
3494,3463
3495,3472
3496,3470
3497,3472
3498,3476
3499,3474
3500,3474
3501,3474
3502,3478
3503,3478
3504,3477
3505,3479
3506,3482
3507,3479
3508,3483
3509,3483
3510,3483
3511,3484
3512,3485
3513,3490
3514,3485
3515,3486
3516,3495
3517,3491
3518,3490
3519,3493
3520,3496
3521,3497
3522,3493
3523,3496
3524,3500
3525,3497
3526,3504
3527,3501
3528,3502
3529,3505
3530,3505
3531,3505
3532,3504
3533,3504
3534,3511
3535,3508
3536,3511
3537,3510
3538,3516
3539,3513
3540,3516
3541,3520
3542,3515
3543,3518
3544,3520
3545,3520
3546,3520
3547,3522
3548,3525
3549,3521
3550,3520
3551,3525
3552,3523
3553,3527
3554,3532
3555,3531
3556,3528
3557,3531
3558,3531
3559,3536
3560,3532
3561,3537
3562,3538
3563,3536
3564,3541
3565,3541
3566,3541
3567,3541
3568,3542
3569,3545
3570,3545
3571,3544
3572,3549
3573,3543
3574,3547
3575,3550
3576,3545
3577,3550
3578,3547
3579,3553
3580,3552
3581,3554
3582,3554
3583,3551
3584,3557
3585,3559
3586,3561
3587,3559
3588,3559
3589,3565
3590,3564
3591,3563
3592,3568
3593,3567
3594,3568
3595,3566
3596,3566
3597,3573
3598,3569
3599,3575
3600,3573
3601,3574
3602,3573
3603,3574
3604,3579
3605,3582
3606,3580
3607,3580
3608,3579
3609,3583
3610,3582
3611,3584
3612,3585
3613,3587
3614,3583
3615,3591
3616,3585
3617,3591
3618,3590
3619,3591
3620,3598
3621,3593
3622,3597
3623,3593
3624,3599
3625,3603
3626,3596
3627,3603
3628,3600
3629,3598
3630,3604
3631,3600
3632,3604
3633,3605
3634,3603
3635,3611
3636,3609
3637,3610
3638,3608
3639,3611
3640,3616
3641,3612
3642,3611
3643,3617
3644,3616
3645,3621
3646,3620
3647,3618
3648,3621
3649,3622
3650,3620
3651,3624
3652,3624
3653,3624
3654,3624
3655,3628
3656,3632
3657,3629
3658,3633
3659,3631
3660,3634
3661,3638
3662,3633
3663,3639
3664,3637
3665,3640
3666,3637
3667,3639
3668,3640
3669,3642
3670,3640
3671,3644
3672,3641
3673,3645
3674,3648
3675,3649
3676,3648
3677,3649
3678,3651
3679,3649
3680,3649
3681,3656
3682,3656
3683,3656
3684,3657
3685,3660
3686,3655
3687,3657
3688,3659
3689,3660
3690,3664
3691,3667
3692,3660
3693,3665
3694,3671
3695,3664
3696,3670
3697,3674
3698,3667
3699,3670
3700,3671
3701,3678
3702,3675
3703,3675
3704,3676
3705,3678
3706,3681
3707,3680
3708,3678
3709,3686
3710,3679
3711,3682
3712,3689
3713,3684
3714,3691
3715,3688
3716,3692
3717,3691
3718,3688
3719,3693
3720,3689
3721,3695
3722,3691
3723,3694
3724,3697
3725,3696
3726,3699
3727,3698
3728,3699
3729,3705
3730,3700
3731,3702
3732,3703
3733,3703
3734,3709
3735,3708
3736,3708
3737,3707
3738,3707
3739,3711
3740,3715
3741,3713
3742,3718
3743,3715
3744,3718
3745,3715
3746,3718
3747,3722
3748,3716
3749,3723
3750,3721
3751,3718
3752,3727
3753,3726
3754,3727
3755,3731
3756,3727
3757,3733
3758,3729
3759,3729
3760,3735
3761,3734
3762,3737
3763,3736
3764,3734
3765,3736
3766,3737
3767,3742
3768,3740
3769,3740
3770,3745
3771,3744
3772,3744
3773,3741
3774,3743
3775,3750
3776,3744
3777,3752
3778,3750
3779,3749
3780,3749
3781,3750
3782,3757
3783,3757
3784,3758
3785,3757
3786,3758
3787,3756
3788,3763
3789,3756
3790,3763
3791,3761
3792,3764
3793,3766
3794,3766
3795,3769
3796,3767
3797,3765
3798,3773
3799,3766
3800,3774
3801,3770
3802,3771
3803,3776
3804,3771
3805,3780
3806,3777
3807,3777
3808,3778
3809,3780
3810,3780
3811,3783
3812,3782
3813,3788
3814,3783
3815,3788
3816,3784
3817,3784
3818,3793
3819,3790
3820,3790
3821,3791
3822,3794
3823,3794
3824,3796
3825,3799
3826,3796
3827,3797
3828,3799
3829,3801
3830,3799
3831,3802
3832,3799
3833,3806
3834,3801
3835,3803
3836,3803
3837,3804
3838,3812
3839,3809
3840,3810
3841,3810
3842,3815
3843,3813
3844,3815
3845,3812
3846,3819
3847,3818
3848,3820
3849,3818
3850,3817
3851,3825
3852,3819
3853,3824
3854,3826
3855,3825
3856,3826
3857,3824
3858,3829
3859,3828
3860,3827
3861,3831
3862,3830
3863,3834
3864,3834
3865,3834
3866,3840
3867,3835
3868,3839
3869,3838
3870,3839
3871,3839
3872,3838
3873,3842
3874,3843
3875,3844
3876,3845
3877,3844
3878,3847
3879,3851
3880,3848
3881,3844
3882,3852
3883,3853
3884,3853
3885,3855
3886,3853
3887,3855
3888,3854
3889,3860
3890,3856
3891,3860
3892,3862
3893,3861
3894,3864
3895,3868
3896,3864
3897,3867
3898,3863
3899,3872
3900,3868
3901,3870
3902,3876
3903,3869
3904,3874
3905,3875
3906,3876
3907,3878
3908,3879
3909,3882
3910,3878
3911,3877
3912,3885
3913,3884
3914,3887
3915,3885
3916,3883
3917,3890
3918,3885
3919,3890
3920,3892
3921,3890
3922,3893
3923,3890
3924,3895
3925,3895
3926,3894
3927,3898
3928,3901
3929,3896
3930,3902
3931,3901
3932,3904
3933,3904
3934,3901
3935,3904
3936,3902
3937,3909
3938,3911
3939,3909
3940,3910
3941,3910
3942,3909
3943,3915
3944,3914
3945,3916
3946,3915
3947,3918
3948,3921
3949,3913
3950,3919
3951,3921
3952,3918
3953,3921
3954,3918
3955,3926
3956,3927
3957,3925
3958,3930
3959,3925
3960,3932
3961,3926
3962,3933
3963,3936
3964,3929
3965,3935
3966,3936
3967,3937
3968,3937
3969,3934
3970,3940
3971,3938
3972,3944
3973,3944
3974,3942
3975,3946
3976,3948
3977,3944
3978,3952
3979,3944
3980,3951
3981,3954
3982,3950
3983,3954
3984,3949
3985,3956
3986,3955
3987,3955
3988,3961
3989,3957
3990,3958
3991,3965
3992,3958
3993,3961
3994,3960
3995,3960
3996,3966
3997,3966
3998,3970
3999,3967
4000,3967
4001,3969
4002,3967
4003,3974
4004,3974
4005,3975
4006,3979
4007,3977
4008,3977
4009,3975
4010,3981
4011,3983
4012,3977
4013,3982
4014,3981
4015,3980
4016,3984
4017,3984
4018,3990
4019,3990
4020,3987
4021,3992
4022,3992
4023,3991
4024,3994
4025,3995
4026,3995
4027,3996
4028,3995
4029,3998
4030,3997
4031,3997
4032,4006
4033,4002
4034,4008
4035,4000
4036,4004
4037,4010
4038,4005
4039,4011
4040,4006
4041,4010
4042,4014
4043,4009
4044,4011
4045,4015
4046,4018
4047,4016
4048,4017
4049,4018
4050,4019
4051,4019
4052,4021
4053,4024
4054,4024
4055,4023
4056,4026
4057,4026
4058,4028
4059,4032
4060,4027
4061,4034
4062,4031
4063,4029
4064,4031
4065,4030
4066,4034
4067,4037
4068,4036
4069,4038
4070,4040
4071,4041
4072,4043
4073,4044
4074,4046
4075,4045
4076,4044
4077,4050
4078,4045
4079,4047
4080,4055
4081,4049
4082,4050
4083,4053
4084,4053
4085,4058
4086,4056
4087,4055
4088,4059
4089,4052
4090,4061
4091,4052
4092,4060
4093,4059
4094,4058
4095,4056
