0,8
1,6
2,5
3,5
4,7
5,8
6,9
7,7
8,11
9,9
10,13
11,11
12,9
13,18
14,13
15,20
16,14
17,15
18,20
19,21
20,20
21,23
22,22
23,25
24,26
25,27
26,26
27,27
28,29
29,27
30,29
31,32
32,30
33,37
34,33
35,36
36,34
37,38
38,43
39,36
40,40
41,44
42,40
43,45
44,44
45,47
46,46
47,49
48,49
49,48
50,52
51,54
52,48
53,57
54,54
55,57
56,58
57,56
58,64
59,59
60,59
61,64
62,61
63,64
64,62
65,66
66,67
67,64
68,68
69,67
70,69
71,72
72,72
73,74
74,73
75,79
76,77
77,76
78,75
79,80
80,80
81,81
82,80
83,81
84,87
85,85
86,85
87,89
88,84
89,91
90,89
91,90
92,94
93,94
94,96
95,93
96,96
97,99
98,95
99,102
100,97
101,104
102,102
103,99
104,107
105,101
106,108
107,108
108,106
109,111
110,111
111,110
112,113
113,113
114,116
115,114
116,114
117,119
118,114
119,122
120,117
121,120
122,125
123,122
124,124
125,125
126,123
127,126
128,124
129,132
130,126
131,131
132,135
133,132
134,136
135,132
136,133
137,140
138,138
139,137
140,140
141,137
142,142
143,141
144,141
145,144
146,145
147,145
148,148
149,149
150,153
151,147
152,154
153,151
154,155
155,155
156,152
157,156
158,156
159,157
160,159
161,157
162,162
163,162
164,163
165,168
166,162
167,165
168,168
169,169
170,174
171,167
172,171
173,169
174,173
175,176
176,171
177,176
178,178
179,178
180,181
181,177
182,180
183,181
184,182
185,184
186,181
187,189
188,189
189,188
190,193
191,185
192,192
193,193
194,192
195,193
196,197
197,191
198,195
199,199
200,200
201,200
202,201
203,203
204,203
205,208
206,206
207,206
208,210
209,203
210,209
211,213
212,210
213,212
214,214
215,216
216,216
217,214
218,216
219,216
220,216
221,220
222,218
223,222
224,221
225,225
226,226
227,223
228,227
229,226
230,228
231,230
232,230
233,234
234,230
235,235
236,237
237,231
238,236
239,238
240,238
241,244
242,236
243,241
244,241
245,241
246,246
247,245
248,246
249,245
250,246
251,253
252,251
253,251
254,252
255,253
256,254
257,254
258,256
259,257
260,255
261,258
262,259
263,263
264,266
265,260
266,267
267,266
268,264
269,270
270,265
271,269
272,272
273,272
274,276
275,274
276,273
277,277
278,274
279,280
280,275
281,279
282,280
283,280
284,282
285,282
286,287
287,289
288,283
289,285
290,288
291,292
292,292
293,289
294,294
295,289
296,297
297,297
298,292
299,297
300,299
301,298
302,301
303,300
304,301
305,303
306,302
307,307
308,304
309,307
310,308
311,309
312,313
313,310
314,311
315,315
316,312
317,317
318,315
319,320
320,317
321,319
322,324
323,323
324,323
325,326
326,322
327,325
328,326
329,327
330,327
331,328
332,333
333,333
334,335
335,331
336,335
337,335
338,336
339,335
340,339
341,335
342,339
343,341
344,340
345,343
346,340
347,346
348,344
349,348
350,350
351,349
352,353
353,348
354,351
355,357
356,351
357,357
358,357
359,359
360,357
361,357
362,360
363,359
364,362
365,363
366,362
367,363
368,370
369,367
370,368
371,370
372,370
373,372
374,374
375,371
376,372
377,376
378,377
379,374
380,379
381,380
382,379
383,384
384,382
385,381
386,382
387,383
388,388
389,386
390,390
391,388
392,387
393,391
394,388
395,390
396,392
397,391
398,395
399,395
400,400
401,399
402,397
403,403
404,398
405,401
406,406
407,401
408,405
409,407
410,406
411,407
412,409
413,410
414,409
415,410
416,418
417,411
418,418
419,417
420,415
421,422
422,416
423,419
424,419
425,419
426,426
427,422
428,423
429,425
430,423
431,432
432,429
433,431
434,433
435,428
436,434
437,436
438,435
439,439
440,434
441,437
442,441
443,440
444,441
445,442
446,442
447,445
448,443
449,449
450,446
451,449
452,450
453,448
454,454
455,448
456,452
457,455
458,452
459,457
460,457
461,460
462,457
463,460
464,464
465,462
466,462
467,463
468,462
469,466
470,462
471,469
472,465
473,470
474,470
475,472
476,471
477,472
478,471
479,479
480,477
481,478
482,478
483,476
484,483
485,480
486,483
487,486
488,480
489,486
490,485
491,485
492,488
493,488
494,494
495,489
496,489
497,492
498,494
499,496
500,499
501,497
502,500
503,494
504,501
505,505
506,498
507,503
508,503
509,505
510,508
511,508
512,508
513,510
514,513
515,514
516,512
517,513
518,511
519,514
520,518
521,514
522,521
523,520
524,516
525,525
526,523
527,526
528,525
529,521
530,525
531,527
532,527
533,531
534,529
535,534
536,533
537,531
538,534
539,531
540,538
541,536
542,534
543,541
544,539
545,544
546,542
547,544
548,544
549,542
550,548
551,545
552,548
553,552
554,547
555,553
556,551
557,550
558,552
559,554
560,559
561,554
562,555
563,561
564,556
565,561
566,562
567,562
568,566
569,564
570,568
571,565
572,564
573,572
574,569
575,571
576,572
577,569
578,576
579,571
580,573
581,579
582,574
583,579
584,579
585,580
586,580
587,582
588,586
589,581
590,582
591,589
592,583
593,591
594,592
595,591
596,591
597,593
598,591
599,594
600,591
601,598
602,598
603,600
604,600
605,601
606,604
607,599
608,603
609,606
610,604
611,604
612,606
613,607
614,608
615,610
616,609
617,610
618,614
619,615
620,611
621,616
622,619
623,617
624,618
625,619
626,624
627,619
628,624
629,628
630,621
631,625
632,628
633,628
634,632
635,629
636,631
637,633
638,632
639,636
640,631
641,637
642,635
643,638
644,641
645,639
646,642
647,642
648,643
649,644
650,641
651,642
652,646
653,645
654,649
655,647
656,646
657,657
658,653
659,657
660,657
661,653
662,661
663,653
664,661
665,661
666,658
667,666
668,661
669,666
670,663
671,662
672,670
673,666
674,668
675,669
676,666
677,674
678,672
679,675
680,674
681,672
682,677
683,673
684,680
685,681
686,677
687,686
688,681
689,684
690,682
691,683
692,685
693,685
694,690
695,688
696,687
697,694
698,692
699,693
700,695
701,693
702,700
703,696
704,699
705,698
706,697
707,701
708,704
709,700
710,703
711,704
712,704
713,710
714,704
715,710
716,707
717,710
718,711
719,710
720,714
721,712
722,718
723,718
724,716
725,722
726,718
727,719
728,725
729,719
730,724
731,726
732,728
733,729
734,724
735,727
736,728
737,730
738,731
739,732
740,740
741,736
742,738
743,737
744,737
745,738
746,744
747,743
748,741
749,739
750,746
751,743
752,745
753,752
754,745
755,748
756,751
757,753
758,752
759,754
760,755
761,752
762,754
763,757
764,759
765,758
766,763
767,757
768,760
769,766
770,760
771,768
772,765
773,766
774,771
775,767
776,770
777,772
778,776
779,774
780,775
781,775
782,772
783,778
784,780
785,775
786,780
787,780
788,785
789,787
790,782
791,786
792,784
793,788
794,794
795,789
796,790
797,790
798,795
799,796
800,791
801,795
802,797
803,801
804,802
805,799
806,803
807,799
808,801
809,807
810,802
811,808
812,805
813,807
814,811
815,806
816,812
817,808
818,815
819,822
820,811
821,819
822,818
823,817
824,818
825,821
826,819
827,824
828,822
829,826
830,825
831,826
832,826
833,823
834,831
835,829
836,830
837,835
838,831
839,833
840,836
841,837
842,841
843,834
844,837
845,838
846,839
847,845
848,842
849,846
850,843
851,846
852,847
853,844
854,848
855,848
856,847
857,856
858,852
859,853
860,855
861,857
862,856
863,855
864,856
865,862
866,857
867,866
868,864
869,864
870,862
871,863
872,867
873,864
874,868
875,870
876,871
877,873
878,874
879,871
880,878
881,874
882,877
883,882
884,876
885,879
886,881
887,883
888,885
889,880
890,885
891,883
892,886
893,888
894,884
895,893
896,887
897,894
898,895
899,894
900,898
901,895
902,896
903,899
904,898
905,903
906,897
907,902
908,903
909,900
910,904
911,905
912,907
913,908
914,905
915,913
916,911
917,913
918,916
919,909
920,914
921,916
922,917
923,920
924,918
925,918
926,919
927,919
928,926
929,920
930,926
931,927
932,929
933,928
934,925
935,931
936,931
937,931
938,931
939,936
940,933
941,941
942,935
943,936
944,942
945,939
946,944
947,941
948,941
949,944
950,941
951,949
952,945
953,946
954,948
955,946
956,950
957,947
958,952
959,956
960,950
961,955
962,955
963,958
964,957
965,957
966,959
967,959
968,960
969,963
970,962
971,969
972,964
973,965
974,971
975,967
976,968
977,968
978,972
979,971
980,972
981,979
982,973
983,977
984,981
985,977
986,979
987,982
988,982
989,984
990,984
991,987
992,988
993,984
994,992
995,989
996,991
997,994
998,993
999,997
1000,993
1001,999
1002,1000
1003,997
1004,1000
1005,998
1006,997
1007,1002
1008,997
1009,1002
1010,1003
1011,1005
1012,1007
1013,1003
1014,1010
1015,1007
1016,1008
1017,1011
1018,1012
1019,1013
1020,1015
1021,1014
1022,1019
1023,1013
1024,1022
1025,1019
1026,1019
1027,1022
1028,1019
1029,1023
1030,1025
1031,1024
1032,1027
1033,1026
1034,1029
1035,1031
1036,1029
1037,1032
1038,1031
1039,1033
1040,1031
1041,1032
1042,1035
1043,1034
1044,1037
1045,1042
1046,1039
1047,1043
1048,1043
1049,1042
1050,1046
1051,1044
1052,1049
1053,1047
1054,1049
1055,1054
1056,1046
1057,1051
1058,1050
1059,1050
1060,1058
1061,1056
1062,1055
1063,1055
1064,1056
1065,1061
1066,1059
1067,1059
1068,1065
1069,1066
1070,1063
1071,1066
1072,1064
1073,1066
1074,1068
1075,1070
1076,1068
1077,1070
1078,1073
1079,1073
1080,1073
1081,1073
1082,1074
1083,1075
1084,1074
1085,1082
1086,1077
1087,1080
1088,1084
1089,1080
1090,1086
1091,1089
1092,1083
1093,1086
1094,1088
1095,1090
1096,1093
1097,1089
1098,1091
1099,1094
1100,1093
1101,1095
1102,1093
1103,1100
1104,1099
1105,1098
1106,1100
1107,1096
1108,1103
1109,1100
1110,1102
1111,1105
1112,1105
1113,1108
1114,1109
1115,1110
1116,1109
1117,1111
1118,1110
1119,1111
1120,1116
1121,1115
1122,1113
1123,1117
1124,1115
1125,1120
1126,1121
1127,1120
1128,1124
1129,1122
1130,1121
1131,1129
1132,1121
1133,1126
1134,1130
1135,1130
1136,1128
1137,1129
1138,1128
1139,1136
1140,1133
1141,1135
1142,1133
1143,1137
1144,1141
1145,1137
1146,1140
1147,1142
1148,1140
1149,1144
1150,1141
1151,1145
1152,1145
1153,1143
1154,1149
1155,1146
1156,1147
1157,1151
1158,1148
1159,1152
1160,1154
1161,1153
1162,1154
1163,1157
1164,1156
1165,1155
1166,1158
1167,1162
1168,1157
1169,1163
1170,1165
1171,1165
1172,1169
1173,1163
1174,1170
1175,1167
1176,1167
1177,1169
1178,1172
1179,1174
1180,1175
1181,1175
1182,1176
1183,1175
1184,1176
1185,1180
1186,1178
1187,1180
1188,1183
1189,1184
1190,1184
1191,1181
1192,1184
1193,1185
1194,1187
1195,1192
1196,1185
1197,1193
1198,1190
1199,1189
1200,1193
1201,1194
1202,1194
1203,1193
1204,1196
1205,1198
1206,1198
1207,1200
1208,1199
1209,1200
1210,1205
1211,1203
1212,1204
1213,1205
1214,1207
1215,1208
1216,1205
1217,1209
1218,1209
1219,1211
1220,1217
1221,1211
1222,1214
1223,1217
1224,1216
1225,1218
1226,1218
1227,1217
1228,1223
1229,1219
1230,1222
1231,1225
1232,1226
1233,1225
1234,1227
1235,1232
1236,1230
1237,1227
1238,1232
1239,1228
1240,1232
1241,1232
1242,1234
1243,1237
1244,1232
1245,1236
1246,1237
1247,1237
1248,1242
1249,1242
1250,1244
1251,1246
1252,1246
1253,1245
1254,1243
1255,1252
1256,1247
1257,1246
1258,1253
1259,1248
1260,1255
1261,1255
1262,1254
1263,1258
1264,1257
1265,1260
1266,1256
1267,1259
1268,1261
1269,1259
1270,1260
1271,1265
1272,1263
1273,1263
1274,1269
1275,1264
1276,1269
1277,1269
1278,1272
1279,1272
1280,1274
1281,1275
1282,1273
1283,1277
1284,1279
1285,1276
1286,1277
1287,1280
1288,1283
1289,1286
1290,1279
1291,1286
1292,1284
1293,1285
1294,1287
1295,1287
1296,1291
1297,1290
1298,1291
1299,1297
1300,1290
1301,1293
1302,1293
1303,1294
1304,1296
1305,1295
1306,1301
1307,1301
1308,1298
1309,1302
1310,1300
1311,1307
1312,1302
1313,1304
1314,1307
1315,1309
1316,1311
1317,1307
1318,1310
1319,1316
1320,1312
1321,1314
1322,1317
1323,1313
1324,1314
1325,1316
1326,1319
1327,1318
1328,1319
1329,1321
1330,1323
1331,1322
1332,1325
1333,1323
1334,1328
1335,1324
1336,1326
1337,1329
1338,1328
1339,1335
1340,1334
1341,1330
1342,1337
1343,1333
1344,1335
1345,1336
1346,1335
1347,1338
1348,1337
1349,1344
1350,1342
1351,1341
1352,1345
1353,1343
1354,1349
1355,1345
1356,1348
1357,1349
1358,1348
1359,1349
1360,1350
1361,1351
1362,1354
1363,1357
1364,1356
1365,1358
1366,1355
1367,1360
1368,1361
1369,1362
1370,1361
1371,1364
1372,1366
1373,1367
1374,1363
1375,1368
1376,1369
1377,1369
1378,1372
1379,1368
1380,1375
1381,1374
1382,1374
1383,1379
1384,1372
1385,1377
1386,1375
1387,1380
1388,1382
1389,1379
1390,1382
1391,1384
1392,1385
1393,1384
1394,1383
1395,1389
1396,1386
1397,1390
1398,1393
1399,1387
1400,1395
1401,1392
1402,1394
1403,1395
1404,1393
1405,1399
1406,1398
1407,1401
1408,1399
1409,1398
1410,1400
1411,1401
1412,1407
1413,1405
1414,1409
1415,1403
1416,1407
1417,1409
1418,1411
1419,1411
1420,1411
1421,1415
1422,1413
1423,1417
1424,1416
1425,1411
1426,1417
1427,1416
1428,1421
1429,1420
1430,1421
1431,1426
1432,1423
1433,1422
1434,1426
1435,1427
1436,1429
1437,1428
1438,1433
1439,1431
1440,1428
1441,1436
1442,1430
1443,1433
1444,1434
1445,1432
1446,1438
1447,1438
1448,1441
1449,1437
1450,1441
1451,1444
1452,1445
1453,1446
1454,1447
1455,1444
1456,1446
1457,1446
1458,1451
1459,1454
1460,1451
1461,1453
1462,1452
1463,1454
1464,1456
1465,1453
1466,1457
1467,1458
1468,1457
1469,1463
1470,1458
1471,1465
1472,1466
1473,1461
1474,1468
1475,1467
1476,1469
1477,1472
1478,1467
1479,1468
1480,1469
1481,1474
1482,1476
1483,1475
1484,1475
1485,1474
1486,1473
1487,1480
1488,1474
1489,1483
1490,1481
1491,1481
1492,1487
1493,1480
1494,1485
1495,1485
1496,1484
1497,1487
1498,1487
1499,1493
1500,1489
1501,1490
1502,1496
1503,1491
1504,1496
1505,1497
1506,1497
1507,1500
1508,1498
1509,1496
1510,1500
1511,1501
1512,1500
1513,1505
1514,1500
1515,1505
1516,1505
1517,1506
1518,1508
1519,1510
1520,1511
1521,1512
1522,1512
1523,1512
1524,1510
1525,1517
1526,1517
1527,1515
1528,1520
1529,1521
1530,1522
1531,1520
1532,1525
1533,1526
1534,1520
1535,1527
1536,1525
1537,1526
1538,1530
1539,1525
1540,1529
1541,1529
1542,1529
1543,1532
1544,1531
1545,1539
1546,1533
1547,1538
1548,1538
1549,1536
1550,1541
1551,1538
1552,1540
1553,1542
1554,1542
1555,1543
1556,1549
1557,1542
1558,1548
1559,1548
1560,1550
1561,1553
1562,1550
1563,1556
1564,1555
1565,1552
1566,1560
1567,1557
1568,1558
1569,1555
1570,1560
1571,1565
1572,1561
1573,1562
1574,1563
1575,1562
1576,1570
1577,1567
1578,1567
1579,1567
1580,1569
1581,1572
1582,1568
1583,1575
1584,1575
1585,1572
1586,1580
1587,1578
1588,1580
1589,1579
1590,1579
1591,1581
1592,1582
1593,1586
1594,1582
1595,1583
1596,1588
1597,1583
1598,1590
1599,1592
1600,1589
1601,1590
1602,1592
1603,1592
1604,1594
1605,1592
1606,1598
1607,1595
1608,1595
1609,1598
1610,1597
1611,1600
1612,1602
1613,1599
1614,1607
1615,1603
1616,1607
1617,1609
1618,1607
1619,1607
1620,1607
1621,1609
1622,1612
1623,1609
1624,1613
1625,1610
1626,1616
1627,1617
1628,1615
1629,1618
1630,1619
1631,1618
1632,1618
1633,1622
1634,1623
1635,1622
1636,1626
1637,1628
1638,1626
1639,1630
1640,1627
1641,1632
1642,1630
1643,1633
1644,1634
1645,1633
1646,1635
1647,1636
1648,1638
1649,1636
1650,1638
1651,1640
1652,1640
1653,1642
1654,1645
1655,1645
1656,1642
1657,1646
1658,1647
1659,1646
1660,1649
1661,1647
1662,1653
1663,1652
1664,1653
1665,1657
1666,1651
1667,1655
1668,1654
1669,1659
1670,1658
1671,1656
1672,1662
1673,1659
1674,1664
1675,1668
1676,1666
1677,1668
1678,1667
1679,1670
1680,1672
1681,1665
1682,1674
1683,1670
1684,1671
1685,1676
1686,1671
1687,1678
1688,1676
1689,1678
1690,1684
1691,1679
1692,1680
1693,1681
1694,1682
1695,1686
1696,1685
1697,1684
1698,1687
1699,1688
1700,1690
1701,1691
1702,1690
1703,1693
1704,1692
1705,1691
1706,1694
1707,1693
1708,1698
1709,1696
1710,1699
1711,1699
1712,1700
1713,1705
1714,1703
1715,1705
1716,1702
1717,1706
1718,1708
1719,1708
1720,1709
1721,1712
1722,1709
1723,1713
1724,1709
1725,1711
1726,1716
1727,1711
1728,1718
1729,1712
1730,1714
1731,1719
1732,1716
1733,1720
1734,1723
1735,1725
1736,1725
1737,1726
1738,1730
1739,1724
1740,1725
1741,1733
1742,1732
1743,1730
1744,1731
1745,1731
1746,1734
1747,1731
1748,1738
1749,1738
1750,1734
1751,1741
1752,1739
1753,1741
1754,1743
1755,1742
1756,1741
1757,1745
1758,1746
1759,1752
1760,1747
1761,1752
1762,1749
1763,1751
1764,1754
1765,1750
1766,1755
1767,1752
1768,1755
1769,1760
1770,1756
1771,1759
1772,1759
1773,1762
1774,1763
1775,1762
1776,1766
1777,1765
1778,1764
1779,1769
1780,1768
1781,1768
1782,1767
1783,1771
1784,1774
1785,1770
1786,1775
1787,1775
1788,1773
1789,1779
1790,1776
1791,1780
1792,1782
1793,1778
1794,1783
1795,1781
1796,1781
1797,1788
1798,1784
1799,1786
1800,1785
1801,1790
1802,1790
1803,1791
1804,1795
1805,1791
1806,1795
1807,1796
1808,1793
1809,1797
1810,1797
1811,1796
1812,1798
1813,1798
1814,1803
1815,1804
1816,1802
1817,1808
1818,1801
1819,1810
1820,1809
1821,1810
1822,1811
1823,1811
1824,1810
1825,1812
1826,1812
1827,1817
1828,1815
1829,1819
1830,1819
1831,1815
1832,1820
1833,1820
1834,1818
1835,1822
1836,1821
1837,1826
1838,1826
1839,1828
1840,1833
1841,1830
1842,1830
1843,1832
1844,1829
1845,1834
1846,1831
1847,1834
1848,1834
1849,1837
1850,1841
1851,1837
1852,1840
1853,1842
1854,1838
1855,1846
1856,1843
1857,1846
1858,1846
1859,1845
1860,1847
1861,1850
1862,1852
1863,1850
1864,1848
1865,1855
1866,1852
1867,1856
1868,1859
1869,1852
1870,1861
1871,1857
1872,1860
1873,1861
1874,1859
1875,1864
1876,1860
1877,1865
1878,1869
1879,1866
1880,1867
1881,1868
1882,1865
1883,1873
1884,1869
1885,1873
1886,1875
1887,1871
1888,1877
1889,1875
1890,1877
1891,1878
1892,1876
1893,1880
1894,1883
1895,1880
1896,1886
1897,1884
1898,1888
1899,1886
1900,1886
1901,1888
1902,1886
1903,1891
1904,1890
1905,1891
1906,1895
1907,1893
1908,1897
1909,1897
1910,1897
1911,1898
1912,1896
1913,1899
1914,1904
1915,1899
1916,1904
1917,1902
1918,1907
1919,1907
1920,1903
1921,1908
1922,1907
1923,1909
1924,1911
1925,1910
1926,1913
1927,1911
1928,1914
1929,1920
1930,1919
1931,1916
1932,1917
1933,1915
1934,1923
1935,1920
1936,1924
1937,1927
1938,1925
1939,1927
1940,1923
1941,1930
1942,1927
1943,1929
1944,1930
1945,1931
1946,1935
1947,1937
1948,1932
1949,1936
1950,1936
1951,1940
1952,1942
1953,1936
1954,1944
1955,1942
1956,1941
1957,1943
1958,1940
1959,1945
1960,1944
1961,1946
1962,1947
1963,1945
1964,1952
1965,1954
1966,1951
1967,1955
1968,1954
1969,1959
1970,1956
1971,1959
1972,1960
1973,1960
1974,1961
1975,1960
1976,1958
1977,1966
1978,1967
1979,1968
1980,1969
1981,1966
1982,1969
1983,1967
1984,1969
1985,1974
1986,1973
1987,1976
1988,1974
1989,1976
1990,1978
1991,1975
1992,1980
1993,1980
1994,1981
1995,1985
1996,1978
1997,1987
1998,1984
1999,1982
2000,1990
2001,1987
2002,1987
2003,1988
2004,1991
2005,1993
2006,1988
2007,1994
2008,1992
2009,1994
2010,1998
2011,1997
2012,1999
2013,2000
2014,2000
2015,2003
2016,1998
2017,2003
2018,2009
2019,2002
2020,2009
2021,2009
2022,2006
2023,2013
2024,2009
2025,2013
2026,2014
2027,2009
2028,2016
2029,2016
2030,2018
2031,2018
2032,2017
2033,2024
2034,2018
2035,2020
2036,2022
2037,2025
2038,2029
2039,2023
2040,2026
2041,2029
2042,2026
2043,2033
2044,2029
2045,2030
2046,2035
2047,2034
2048,2038
2049,2032
2050,2039
2051,2041
2052,2037
2053,2041
2054,2041
2055,2042
2056,2045
2057,2042
2058,2045
2059,2047
2060,2046
2061,2047
2062,2045
2063,2050
2064,2047
2065,2048
2066,2056
2067,2054
2068,2053
2069,2055
2070,2052
2071,2058
2072,2061
2073,2059
2074,2063
2075,2060
2076,2063
2077,2062
2078,2067
2079,2068
2080,2065
2081,2069
2082,2065
2083,2067
2084,2073
2085,2069
2086,2076
2087,2073
2088,2075
2089,2077
2090,2073
2091,2078
2092,2077
2093,2080
2094,2080
2095,2077
2096,2082
2097,2081
2098,2081
2099,2090
2100,2085
2101,2086
2102,2085
2103,2085
2104,2092
2105,2089
2106,2094
2107,2094
2108,2093
2109,2096
2110,2093
2111,2096
2112,2099
2113,2098
2114,2104
2115,2103
2116,2102
2117,2103
2118,2106
2119,2106
2120,2106
2121,2103
2122,2107
2123,2107
2124,2107
2125,2110
2126,2111
2127,2117
2128,2110
2129,2117
2130,2118
2131,2114
2132,2122
2133,2118
2134,2119
2135,2124
2136,2117
2137,2126
2138,2125
2139,2123
2140,2126
2141,2124
2142,2130
2143,2127
2144,2128
2145,2134
2146,2128
2147,2132
2148,2134
2149,2136
2150,2135
2151,2135
2152,2139
2153,2140
2154,2141
2155,2144
2156,2138
2157,2141
2158,2148
2159,2142
2160,2149
2161,2147
2162,2147
2163,2152
2164,2145
2165,2154
2166,2153
2167,2154
2168,2154
2169,2151
2170,2157
2171,2154
2172,2158
2173,2160
2174,2160
2175,2163
2176,2160
2177,2164
2178,2165
2179,2162
2180,2169
2181,2167
2182,2167
2183,2173
2184,2167
2185,2174
2186,2167
2187,2170
2188,2175
2189,2173
2190,2179
2191,2175
2192,2177
2193,2178
2194,2177
2195,2182
2196,2182
2197,2181
2198,2187
2199,2183
2200,2188
2201,2187
2202,2184
2203,2192
2204,2188
2205,2190
2206,2189
2207,2187
2208,2192
2209,2197
2210,2191
2211,2200
2212,2195
2213,2197
2214,2197
2215,2200
2216,2204
2217,2203
2218,2201
2219,2204
2220,2206
2221,2204
2222,2205
2223,2208
2224,2210
2225,2211
2226,2214
2227,2210
2228,2211
2229,2213
2230,2214
2231,2215
2232,2218
2233,2216
2234,2221
2235,2217
2236,2219
2237,2223
2238,2221
2239,2223
2240,2222
2241,2225
2242,2224
2243,2227
2244,2229
2245,2230
2246,2234
2247,2230
2248,2231
2249,2232
2250,2235
2251,2238
2252,2240
2253,2238
2254,2241
2255,2238
2256,2237
2257,2245
2258,2239
2259,2249
2260,2246
2261,2247
2262,2249
2263,2244
2264,2248
2265,2251
2266,2252
2267,2253
2268,2248
2269,2254
2270,2257
2271,2252
2272,2256
2273,2258
2274,2260
2275,2257
2276,2257
2277,2265
2278,2264
2279,2266
2280,2266
2281,2264
2282,2270
2283,2270
2284,2271
2285,2272
2286,2270
2287,2272
2288,2268
2289,2272
2290,2275
2291,2276
2292,2280
2293,2274
2294,2280
2295,2278
2296,2282
2297,2284
2298,2280
2299,2279
2300,2285
2301,2282
2302,2287
2303,2288
2304,2286
2305,2288
2306,2291
2307,2293
2308,2295
2309,2289
2310,2293
2311,2295
2312,2295
2313,2299
2314,2299
2315,2300
2316,2297
2317,2304
2318,2301
2319,2301
2320,2305
2321,2301
2322,2309
2323,2311
2324,2305
2325,2311
2326,2310
2327,2312
2328,2309
2329,2312
2330,2315
2331,2316
2332,2318
2333,2316
2334,2318
2335,2318
2336,2322
2337,2320
2338,2321
2339,2322
2340,2328
2341,2325
2342,2325
2343,2327
2344,2329
2345,2331
2346,2333
2347,2330
2348,2334
2349,2331
2350,2335
2351,2338
2352,2332
2353,2339
2354,2335
2355,2341
2356,2342
2357,2337
2358,2344
2359,2343
2360,2340
2361,2345
2362,2345
2363,2346
2364,2349
2365,2345
2366,2355
2367,2350
2368,2353
2369,2352
2370,2350
2371,2358
2372,2351
2373,2358
2374,2355
2375,2355
2376,2361
2377,2363
2378,2364
2379,2364
2380,2365
2381,2368
2382,2367
2383,2368
2384,2365
2385,2365
2386,2372
2387,2370
2388,2374
2389,2374
2390,2374
2391,2376
2392,2373
2393,2374
2394,2379
2395,2374
2396,2379
2397,2378
2398,2377
2399,2382
2400,2380
2401,2387
2402,2389
2403,2387
2404,2390
2405,2385
2406,2389
2407,2388
2408,2391
2409,2394
2410,2393
2411,2396
2412,2396
2413,2393
2414,2394
2415,2398
2416,2397
2417,2398
2418,2398
2419,2400
2420,2403
2421,2401
2422,2404
2423,2402
2424,2410
2425,2405
2426,2411
2427,2410
2428,2407
2429,2415
2430,2409
2431,2415
2432,2415
2433,2413
2434,2420
2435,2420
2436,2418
2437,2418
2438,2418
2439,2423
2440,2421
2441,2421
2442,2427
2443,2427
2444,2426
2445,2432
2446,2427
2447,2433
2448,2436
2449,2433
2450,2432
2451,2431
2452,2434
2453,2433
2454,2438
2455,2437
2456,2438
2457,2441
2458,2440
2459,2438
2460,2445
2461,2442
2462,2448
2463,2446
2464,2445
2465,2446
2466,2446
2467,2453
2468,2449
2469,2448
2470,2456
2471,2451
2472,2458
2473,2454
2474,2453
2475,2458
2476,2454
2477,2462
2478,2462
2479,2459
2480,2467
2481,2464
2482,2466
2483,2468
2484,2466
2485,2466
2486,2465
2487,2465
2488,2470
2489,2466
2490,2470
2491,2470
2492,2474
2493,2475
2494,2475
2495,2479
2496,2475
2497,2478
2498,2480
2499,2482
2500,2482
2501,2485
2502,2481
2503,2489
2504,2482
2505,2488
2506,2490
2507,2486
2508,2492
2509,2493
2510,2494
2511,2493
2512,2495
2513,2495
2514,2492
2515,2499
2516,2498
2517,2497
2518,2501
2519,2503
2520,2501
2521,2503
2522,2503
2523,2509
2524,2505
2525,2509
2526,2510
2527,2505
2528,2512
2529,2514
2530,2511
2531,2517
2532,2514
2533,2517
2534,2515
2535,2512
2536,2518
2537,2516
2538,2520
2539,2527
2540,2518
2541,2525
2542,2522
2543,2528
2544,2531
2545,2527
2546,2530
2547,2530
2548,2526
2549,2535
2550,2535
2551,2537
2552,2534
2553,2536
2554,2535
2555,2538
2556,2538
2557,2542
2558,2542
2559,2541
2560,2539
2561,2550
2562,2548
2563,2542
2564,2548
2565,2548
2566,2545
2567,2550
2568,2552
2569,2549
2570,2547
2571,2556
2572,2556
2573,2555
2574,2561
2575,2556
2576,2561
2577,2562
2578,2557
2579,2560
2580,2562
2581,2562
2582,2568
2583,2561
2584,2566
2585,2567
2586,2569
2587,2573
2588,2566
2589,2569
2590,2575
2591,2570
2592,2574
2593,2570
2594,2574
2595,2575
2596,2576
2597,2579
2598,2578
2599,2578
2600,2582
2601,2584
2602,2587
2603,2584
2604,2586
2605,2589
2606,2584
2607,2591
2608,2590
2609,2591
2610,2588
2611,2589
2612,2591
2613,2591
2614,2599
2615,2596
2616,2598
2617,2605
2618,2596
2619,2600
2620,2606
2621,2602
2622,2606
2623,2606
2624,2606
2625,2607
2626,2609
2627,2609
2628,2614
2629,2607
2630,2614
2631,2610
2632,2616
2633,2613
2634,2617
2635,2616
2636,2614
2637,2619
2638,2621
2639,2615
2640,2625
2641,2623
2642,2625
2643,2626
2644,2621
2645,2630
2646,2629
2647,2629
2648,2629
2649,2628
2650,2630
2651,2630
2652,2629
2653,2639
2654,2635
2655,2638
2656,2639
2657,2636
2658,2640
2659,2635
2660,2642
2661,2645
2662,2645
2663,2650
2664,2644
2665,2649
2666,2643
2667,2646
2668,2650
2669,2652
2670,2647
2671,2651
2672,2648
2673,2653
2674,2653
2675,2653
2676,2661
2677,2652
2678,2657
2679,2662
2680,2655
2681,2663
2682,2660
2683,2668
2684,2667
2685,2667
2686,2667
2687,2664
2688,2670
2689,2670
2690,2669
2691,2676
2692,2671
2693,2675
2694,2676
2695,2674
2696,2675
2697,2676
2698,2677
2699,2682
2700,2681
2701,2681
2702,2681
2703,2683
2704,2681
2705,2685
2706,2691
2707,2690
2708,2691
2709,2690
2710,2688
2711,2694
2712,2690
2713,2690
2714,2698
2715,2692
2716,2696
2717,2702
2718,2693
2719,2701
2720,2698
2721,2698
2722,2703
2723,2702
2724,2702
2725,2703
2726,2707
2727,2707
2728,2706
2729,2712
2730,2711
2731,2710
2732,2714
2733,2708
2734,2714
2735,2716
2736,2717
2737,2721
2738,2719
2739,2720
2740,2718
2741,2720
2742,2728
2743,2718
2744,2727
2745,2723
2746,2724
2747,2728
2748,2725
2749,2731
2750,2728
2751,2731
2752,2736
2753,2729
2754,2738
2755,2737
2756,2734
2757,2741
2758,2734
2759,2738
2760,2740
2761,2740
2762,2746
2763,2739
2764,2740
2765,2745
2766,2745
2767,2745
2768,2748
2769,2751
2770,2754
2771,2746
2772,2753
2773,2756
2774,2756
2775,2753
2776,2756
2777,2758
2778,2761
2779,2761
2780,2763
2781,2762
2782,2760
2783,2764
2784,2760
2785,2765
2786,2763
2787,2770
2788,2768
2789,2769
2790,2771
2791,2768
2792,2775
2793,2771
2794,2771
2795,2772
2796,2772
2797,2778
2798,2780
2799,2780
2800,2782
2801,2782
2802,2784
2803,2782
2804,2780
2805,2783
2806,2787
2807,2787
2808,2791
2809,2791
2810,2792
2811,2792
2812,2792
2813,2796
2814,2795
2815,2794
2816,2798
2817,2793
2818,2798
2819,2796
2820,2798
2821,2799
2822,2800
2823,2800
2824,2803
2825,2805
2826,2807
2827,2808
2828,2807
2829,2811
2830,2812
2831,2813
2832,2814
2833,2814
2834,2815
2835,2811
2836,2818
2837,2817
2838,2815
2839,2819
2840,2819
2841,2820
2842,2818
2843,2822
2844,2822
2845,2825
2846,2831
2847,2826
2848,2828
2849,2826
2850,2829
2851,2831
2852,2831
2853,2835
2854,2835
2855,2831
2856,2835
2857,2835
2858,2839
2859,2842
2860,2840
2861,2841
2862,2838
2863,2839
2864,2848
2865,2838
2866,2844
2867,2849
2868,2849
2869,2853
2870,2848
2871,2852
2872,2851
2873,2853
2874,2852
2875,2856
2876,2857
2877,2854
2878,2856
2879,2862
2880,2859
2881,2860
2882,2864
2883,2860
2884,2866
2885,2861
2886,2864
2887,2871
2888,2864
2889,2868
2890,2864
2891,2871
2892,2874
2893,2873
2894,2872
2895,2876
2896,2873
2897,2880
2898,2875
2899,2876
2900,2876
2901,2880
2902,2883
2903,2880
2904,2881
2905,2883
2906,2885
2907,2888
2908,2884
2909,2887
2910,2892
2911,2888
2912,2890
2913,2892
2914,2889
2915,2898
2916,2892
2917,2895
2918,2895
2919,2896
2920,2903
2921,2900
2922,2900
2923,2902
2924,2905
2925,2908
2926,2901
2927,2903
2928,2908
2929,2907
2930,2914
2931,2911
2932,2911
2933,2909
2934,2914
2935,2913
2936,2915
2937,2915
2938,2916
2939,2919
2940,2922
2941,2921
2942,2923
2943,2919
2944,2919
2945,2925
2946,2925
2947,2926
2948,2928
2949,2929
2950,2930
2951,2933
2952,2930
2953,2933
2954,2934
2955,2937
2956,2936
2957,2932
2958,2935
2959,2937
2960,2940
2961,2943
2962,2939
2963,2945
2964,2939
2965,2941
2966,2944
2967,2946
2968,2950
2969,2945
2970,2952
2971,2947
2972,2950
2973,2956
2974,2948
2975,2952
2976,2957
2977,2955
2978,2962
2979,2952
2980,2962
2981,2960
2982,2959
2983,2964
2984,2960
2985,2964
2986,2962
2987,2967
2988,2966
2989,2968
2990,2970
2991,2971
2992,2971
2993,2971
2994,2969
2995,2972
2996,2975
2997,2975
2998,2978
2999,2978
3000,2979
3001,2978
3002,2981
3003,2980
3004,2981
3005,2980
3006,2983
3007,2982
3008,2989
3009,2986
3010,2988
3011,2989
3012,2987
3013,2991
3014,2995
3015,2990
3016,2997
3017,2996
3018,2998
3019,3003
3020,2993
3021,2997
3022,3000
3023,3003
3024,3003
3025,3002
3026,3002
3027,3004
3028,3009
3029,3010
3030,3007
3031,3013
3032,3010
3033,3007
3034,3013
3035,3014
3036,3013
3037,3011
3038,3016
3039,3017
3040,3019
3041,3023
3042,3021
3043,3024
3044,3021
3045,3024
3046,3026
3047,3025
3048,3028
3049,3026
3050,3030
3051,3026
3052,3033
3053,3029
3054,3030
3055,3030
3056,3030
3057,3040
3058,3038
3059,3039
3060,3037
3061,3036
3062,3044
3063,3037
3064,3045
3065,3041
3066,3045
3067,3050
3068,3044
3069,3049
3070,3050
3071,3048
3072,3054
3073,3050
3074,3052
3075,3052
3076,3052
3077,3054
3078,3055
3079,3055
3080,3058
3081,3054
3082,3060
3083,3062
3084,3058
3085,3064
3086,3065
3087,3068
3088,3064
3089,3063
3090,3071
3091,3071
3092,3066
3093,3069
3094,3073
3095,3071
3096,3071
3097,3078
3098,3078
3099,3078
3100,3078
3101,3080
3102,3080
3103,3081
3104,3078
3105,3084
3106,3080
3107,3083
3108,3084
3109,3086
3110,3089
3111,3086
3112,3091
3113,3093
3114,3087
3115,3097
3116,3092
3117,3097
3118,3098
3119,3097
3120,3099
3121,3098
3122,3100
3123,3100
3124,3097
3125,3106
3126,3104
3127,3105
3128,3108
3129,3103
3130,3106
3131,3108
3132,3107
3133,3110
3134,3114
3135,3112
3136,3116
3137,3111
3138,3114
3139,3114
3140,3114
3141,3122
3142,3120
3143,3122
3144,3119
3145,3119
3146,3127
3147,3125
3148,3128
3149,3125
3150,3123
3151,3133
3152,3128
3153,3130
3154,3134
3155,3134
3156,3136
3157,3134
3158,3136
3159,3138
3160,3138
3161,3137
3162,3136
3163,3138
3164,3144
3165,3144
3166,3147
3167,3145
3168,3148
3169,3149
3170,3144
3171,3147
3172,3150
3173,3148
3174,3154
3175,3149
3176,3153
3177,3151
3178,3155
3179,3159
3180,3157
3181,3157
3182,3160
3183,3163
3184,3162
3185,3163
3186,3161
3187,3167
3188,3166
3189,3164
3190,3167
3191,3164
3192,3166
3193,3169
3194,3168
3195,3174
3196,3170
3197,3173
3198,3174
3199,3175
3200,3177
3201,3174
3202,3179
3203,3182
3204,3181
3205,3181
3206,3179
3207,3187
3208,3186
3209,3186
3210,3184
3211,3185
3212,3192
3213,3188
3214,3188
3215,3190
3216,3190
3217,3194
3218,3197
3219,3192
3220,3203
3221,3199
3222,3197
3223,3203
3224,3195
3225,3203
3226,3202
3227,3200
3228,3206
3229,3205
3230,3205
3231,3209
3232,3206
3233,3210
3234,3212
3235,3210
3236,3213
3237,3213
3238,3218
3239,3212
3240,3216
3241,3221
3242,3216
3243,3223
3244,3218
3245,3223
3246,3224
3247,3220
3248,3227
3249,3222
3250,3227
3251,3229
3252,3229
3253,3229
3254,3232
3255,3234
3256,3236
3257,3233
3258,3234
3259,3234
3260,3236
3261,3240
3262,3234
3263,3237
3264,3239
3265,3237
3266,3241
3267,3238
3268,3246
3269,3242
3270,3242
3271,3251
3272,3243
3273,3248
3274,3251
3275,3250
3276,3253
3277,3250
3278,3255
3279,3256
3280,3255
3281,3260
3282,3258
3283,3254
3284,3258
3285,3259
3286,3265
3287,3262
3288,3260
3289,3265
3290,3268
3291,3267
3292,3268
3293,3269
3294,3274
3295,3267
3296,3273
3297,3269
3298,3272
3299,3278
3300,3271
3301,3278
3302,3280
3303,3278
3304,3283
3305,3279
3306,3280
3307,3280
3308,3285
3309,3286
3310,3285
3311,3284
3312,3289
3313,3283
3314,3291
3315,3292
3316,3294
3317,3293
3318,3294
3319,3292
3320,3296
3321,3293
3322,3296
3323,3299
3324,3297
3325,3303
3326,3301
3327,3302
3328,3301
3329,3307
3330,3310
3331,3303
3332,3309
3333,3311
3334,3311
3335,3312
3336,3309
3337,3316
3338,3310
3339,3315
3340,3315
3341,3317
3342,3319
3343,3315
3344,3316
3345,3322
3346,3321
3347,3326
3348,3319
3349,3326
3350,3325
3351,3324
3352,3327
3353,3326
3354,3326
3355,3334
3356,3326
3357,3335
3358,3333
3359,3330
3360,3337
3361,3335
3362,3337
3363,3338
3364,3340
3365,3340
3366,3335
3367,3344
3368,3341
3369,3344
3370,3345
3371,3345
3372,3348
3373,3347
3374,3348
3375,3349
3376,3347
3377,3348
3378,3354
3379,3350
3380,3353
3381,3359
3382,3353
3383,3360
3384,3354
3385,3363
3386,3361
3387,3361
3388,3363
3389,3366
3390,3367
3391,3368
3392,3365
3393,3363
3394,3364
3395,3367
3396,3371
3397,3370
3398,3376
3399,3375
3400,3371
3401,3377
3402,3372
3403,3377
3404,3374
3405,3378
3406,3378
3407,3383
3408,3381
3409,3379
3410,3388
3411,3383
3412,3386
3413,3387
3414,3385
3415,3390
3416,3393
3417,3391
3418,3392
3419,3395
3420,3391
3421,3399
3422,3396
3423,3396
3424,3398
3425,3395
3426,3406
3427,3403
3428,3404
3429,3408
3430,3401
3431,3405
3432,3405
3433,3409
3434,3411
3435,3406
3436,3410
3437,3410
3438,3415
3439,3417
3440,3411
3441,3419
3442,3418
3443,3418
3444,3420
3445,3414
3446,3420
3447,3422
3448,3425
3449,3428
3450,3423
3451,3424
3452,3429
3453,3424
3454,3431
3455,3425
3456,3433
3457,3433
3458,3432
3459,3432
3460,3435
3461,3437
3462,3441
3463,3437
3464,3439
3465,3436
3466,3438
3467,3446
3468,3439
3469,3441
3470,3442
3471,3441
3472,3449
3473,3448
3474,3446
3475,3447
3476,3446
3477,3454
3478,3447
3479,3456
3480,3453
3481,3454
3482,3459
3483,3455
3484,3459
3485,3456
3486,3458
3487,3460
3488,3458
3489,3462
3490,3465
3491,3461
3492,3469
3493,3462
3494,3466
3495,3465
3496,3469
3497,3473
3498,3473
3499,3473
3500,3473
3501,3471
3502,3479
3503,3476
3504,3478
3505,3479
3506,3478
3507,3484
3508,3484
3509,3483
3510,3481
3511,3483
3512,3484
3513,3490
3514,3487
3515,3488
3516,3485
3517,3492
3518,3490
3519,3490
3520,3495
3521,3492
3522,3494
3523,3495
3524,3494
3525,3497
3526,3497
3527,3497
3528,3502
3529,3504
3530,3502
3531,3504
3532,3504
3533,3511
3534,3506
3535,3509
3536,3506
3537,3509
3538,3512
3539,3512
3540,3517
3541,3516
3542,3513
3543,3521
3544,3519
3545,3523
3546,3517
3547,3522
3548,3521
3549,3523
3550,3527
3551,3526
3552,3519
3553,3526
3554,3523
3555,3530
3556,3533
3557,3525
3558,3529
3559,3529
3560,3533
3561,3535
3562,3535
3563,3535
3564,3538
3565,3540
3566,3542
3567,3542
3568,3543
3569,3543
3570,3542
3571,3546
3572,3542
3573,3546
3574,3549
3575,3545
3576,3551
3577,3545
3578,3554
3579,3553
3580,3554
3581,3556
3582,3549
3583,3560
3584,3560
3585,3556
3586,3558
3587,3557
3588,3562
3589,3564
3590,3560
3591,3565
3592,3561
3593,3568
3594,3572
3595,3569
3596,3571
3597,3568
3598,3573
3599,3571
3600,3575
3601,3573
3602,3577
3603,3574
3604,3581
3605,3578
3606,3577
3607,3579
3608,3576
3609,3582
3610,3584
3611,3585
3612,3583
3613,3582
3614,3588
3615,3587
3616,3587
3617,3591
3618,3585
3619,3589
3620,3589
3621,3591
3622,3594
3623,3592
3624,3598
3625,3597
3626,3597
3627,3600
3628,3601
3629,3601
3630,3603
3631,3605
3632,3607
3633,3606
3634,3608
3635,3605
3636,3609
3637,3609
3638,3607
3639,3614
3640,3613
3641,3611
3642,3620
3643,3614
3644,3616
3645,3616
3646,3619
3647,3618
3648,3622
3649,3622
3650,3622
3651,3624
3652,3624
3653,3621
3654,3629
3655,3631
3656,3625
3657,3626
3658,3632
3659,3630
3660,3635
3661,3635
3662,3638
3663,3634
3664,3637
3665,3639
3666,3636
3667,3642
3668,3641
3669,3637
3670,3647
3671,3639
3672,3644
3673,3646
3674,3648
3675,3650
3676,3645
3677,3649
3678,3650
3679,3653
3680,3655
3681,3654
3682,3654
3683,3658
3684,3653
3685,3658
3686,3659
3687,3661
3688,3662
3689,3655
3690,3661
3691,3660
3692,3663
3693,3664
3694,3665
3695,3667
3696,3668
3697,3669
3698,3673
3699,3672
3700,3673
3701,3671
3702,3675
3703,3675
3704,3673
3705,3679
3706,3681
3707,3675
3708,3678
3709,3677
3710,3685
3711,3683
3712,3685
3713,3686
3714,3685
3715,3684
3716,3691
3717,3688
3718,3689
3719,3690
3720,3689
3721,3698
3722,3693
3723,3697
3724,3696
3725,3696
3726,3701
3727,3696
3728,3698
3729,3700
3730,3701
3731,3701
3732,3699
3733,3707
3734,3707
3735,3707
3736,3709
3737,3705
3738,3713
3739,3709
3740,3713
3741,3712
3742,3715
3743,3715
3744,3714
3745,3712
3746,3717
3747,3715
3748,3720
3749,3720
3750,3716
3751,3723
3752,3724
3753,3724
3754,3724
3755,3725
3756,3726
3757,3729
3758,3727
3759,3731
3760,3728
3761,3730
3762,3729
3763,3731
3764,3739
3765,3737
3766,3738
3767,3741
3768,3735
3769,3741
3770,3736
3771,3743
3772,3746
3773,3746
3774,3744
3775,3745
3776,3748
3777,3751
3778,3750
3779,3752
3780,3750
3781,3755
3782,3756
3783,3755
3784,3757
3785,3753
3786,3757
3787,3759
3788,3750
3789,3764
3790,3759
3791,3761
3792,3761
3793,3762
3794,3763
3795,3769
3796,3765
3797,3768
3798,3767
3799,3769
3800,3775
3801,3768
3802,3777
3803,3771
3804,3776
3805,3775
3806,3773
3807,3779
3808,3778
3809,3778
3810,3780
3811,3781
3812,3784
3813,3782
3814,3783
3815,3787
3816,3787
3817,3793
3818,3791
3819,3791
3820,3796
3821,3793
3822,3795
3823,3795
3824,3793
3825,3803
3826,3797
3827,3798
3828,3801
3829,3802
3830,3803
3831,3802
3832,3802
3833,3806
3834,3805
3835,3803
3836,3806
3837,3806
3838,3812
3839,3811
3840,3810
3841,3809
3842,3810
3843,3813
3844,3816
3845,3814
3846,3817
3847,3819
3848,3823
3849,3821
3850,3822
3851,3819
3852,3824
3853,3826
3854,3822
3855,3826
3856,3825
3857,3825
3858,3832
3859,3826
3860,3831
3861,3832
3862,3830
3863,3838
3864,3835
3865,3834
3866,3833
3867,3836
3868,3841
3869,3838
3870,3839
3871,3840
3872,3839
3873,3847
3874,3843
3875,3846
3876,3845
3877,3850
3878,3849
3879,3851
3880,3852
3881,3853
3882,3852
3883,3851
3884,3857
3885,3855
3886,3859
3887,3858
3888,3862
3889,3862
3890,3858
3891,3865
3892,3861
3893,3866
3894,3863
3895,3866
3896,3865
3897,3866
3898,3867
3899,3869
3900,3872
3901,3875
3902,3869
3903,3871
3904,3874
3905,3872
3906,3879
3907,3875
3908,3875
3909,3879
3910,3877
3911,3889
3912,3882
3913,3880
3914,3886
3915,3883
3916,3885
3917,3884
3918,3889
3919,3888
3920,3886
3921,3895
3922,3891
3923,3892
3924,3896
3925,3895
3926,3899
3927,3896
3928,3893
3929,3897
3930,3896
3931,3902
3932,3904
3933,3904
3934,3907
3935,3903
3936,3904
3937,3907
3938,3905
3939,3910
3940,3909
3941,3912
3942,3917
3943,3913
3944,3917
3945,3913
3946,3912
3947,3916
3948,3915
3949,3921
3950,3922
3951,3921
3952,3919
3953,3924
3954,3925
3955,3922
3956,3921
3957,3931
3958,3926
3959,3931
3960,3930
3961,3930
3962,3932
3963,3934
3964,3934
3965,3938
3966,3937
3967,3940
3968,3935
3969,3940
3970,3943
3971,3939
3972,3941
3973,3944
3974,3944
3975,3947
3976,3947
3977,3945
3978,3947
3979,3950
3980,3951
3981,3951
3982,3949
3983,3953
3984,3951
3985,3957
3986,3956
3987,3956
3988,3957
3989,3955
3990,3958
3991,3959
3992,3962
3993,3964
3994,3960
3995,3966
3996,3964
3997,3966
3998,3970
3999,3965
4000,3967
4001,3968
4002,3969
4003,3972
4004,3968
4005,3978
4006,3973
4007,3977
4008,3982
4009,3977
4010,3979
4011,3979
4012,3979
4013,3986
4014,3981
4015,3984
4016,3988
4017,3984
4018,3991
4019,3986
4020,3990
4021,3994
4022,3992
4023,3991
4024,3991
4025,3994
4026,3997
4027,3992
4028,3999
4029,3995
4030,3998
4031,4003
4032,4001
4033,4003
4034,4005
4035,4002
4036,4007
4037,4002
4038,4010
4039,4005
4040,4008
4041,4015
4042,4010
4043,4011
4044,4014
4045,4012
4046,4018
4047,4015
4048,4020
4049,4019
4050,4022
4051,4024
4052,4019
4053,4020
4054,4020
4055,4018
4056,4028
4057,4026
4058,4025
4059,4026
4060,4030
4061,4033
4062,4029
4063,4035
4064,4033
4065,4035
4066,4036
4067,4035
4068,4038
4069,4042
4070,4035
4071,4039
4072,4043
4073,4041
4074,4044
4075,4045
4076,4045
4077,4051
4078,4042
4079,4048
4080,4047
4081,4052
4082,4055
4083,4054
4084,4058
4085,4056
4086,4058
4087,4060
4088,4050
4089,4054
4090,4058
4091,4059
4092,4060
4093,4058
4094,4056
4095,4061
