0,7
1,7
2,5
3,7
4,6
5,8
6,6
7,11
8,11
9,8
10,13
11,8
12,15
13,14
14,16
15,18
16,13
17,20
18,20
19,21
20,21
21,21
22,22
23,25
24,25
25,26
26,26
27,27
28,30
29,30
30,31
31,30
32,33
33,32
34,35
35,36
36,34
37,37
38,37
39,40
40,41
41,39
42,45
43,41
44,43
45,45
46,43
47,50
48,48
49,50
50,52
51,48
52,54
53,53
54,55
55,56
56,56
57,57
58,59
59,59
60,61
61,59
62,62
63,65
64,65
65,69
66,66
67,69
68,66
69,66
70,70
71,69
72,74
73,73
74,70
75,77
76,82
77,76
78,78
79,79
80,81
81,83
82,79
83,85
84,84
85,84
86,89
87,86
88,88
89,87
90,87
91,90
92,88
93,92
94,97
95,95
96,97
97,94
98,98
99,99
100,100
101,101
102,102
103,103
104,105
105,103
106,107
107,105
108,110
109,106
110,108
111,110
112,112
113,116
114,111
115,115
116,117
117,113
118,117
119,118
120,117
121,123
122,121
123,121
124,123
125,123
126,126
127,125
128,127
129,129
130,128
131,131
132,132
133,131
134,135
135,133
136,136
137,136
138,138
139,142
140,139
141,141
142,143
143,139
144,144
145,142
146,144
147,146
148,146
149,146
150,149
151,153
152,151
153,152
154,153
155,154
156,155
157,156
158,152
159,160
160,156
161,158
162,164
163,158
164,164
165,162
166,167
167,166
168,166
169,170
170,166
171,168
172,171
173,174
174,171
175,172
176,176
177,175
178,173
179,179
180,177
181,181
182,180
183,176
184,183
185,182
186,186
187,186
188,183
189,188
190,187
191,186
192,194
193,191
194,191
195,193
196,193
197,195
198,198
199,195
200,201
201,195
202,200
203,202
204,200
205,209
206,204
207,208
208,205
209,207
210,212
211,208
212,209
213,209
214,211
215,216
216,214
217,215
218,217
219,213
220,220
221,218
222,216
223,221
224,220
225,222
226,220
227,227
228,227
229,226
230,230
231,228
232,231
233,230
234,230
235,235
236,230
237,236
238,235
239,235
240,239
241,235
242,240
243,244
244,244
245,242
246,241
247,245
248,245
249,246
250,251
251,247
252,247
253,254
254,254
255,253
256,256
257,254
258,256
259,255
260,260
261,261
262,259
263,264
264,262
265,262
266,265
267,261
268,268
269,267
270,268
271,269
272,267
273,274
274,271
275,274
276,275
277,273
278,278
279,275
280,276
281,280
282,276
283,280
284,284
285,285
286,287
287,281
288,287
289,288
290,289
291,292
292,290
293,292
294,291
295,294
296,297
297,294
298,298
299,300
300,297
301,300
302,297
303,300
304,303
305,302
306,306
307,304
308,305
309,307
310,305
311,310
312,310
313,310
314,313
315,312
316,313
317,315
318,313
319,317
320,317
321,320
322,318
323,318
324,321
325,322
326,326
327,325
328,326
329,327
330,327
331,329
332,332
333,331
334,333
335,332
336,335
337,336
338,332
339,340
340,335
341,341
342,340
343,338
344,342
345,340
346,343
347,347
348,344
349,345
350,344
351,347
352,349
353,348
354,352
355,353
356,351
357,358
358,351
359,359
360,355
361,357
362,360
363,357
364,363
365,359
366,361
367,365
368,366
369,369
370,371
371,367
372,370
373,368
374,372
375,373
376,372
377,376
378,375
379,376
380,377
381,373
382,379
383,379
384,380
385,385
386,382
387,387
388,383
389,384
390,390
391,387
392,388
393,390
394,390
395,392
396,390
397,394
398,394
399,391
400,403
401,397
402,398
403,401
404,399
405,401
406,400
407,402
408,403
409,405
410,409
411,407
412,412
413,408
414,412
415,412
416,412
417,413
418,414
419,412
420,419
421,414
422,417
423,423
424,417
425,422
426,423
427,423
428,423
429,422
430,425
431,431
432,426
433,432
434,430
435,434
436,430
437,435
438,438
439,435
440,436
441,436
442,437
443,440
444,439
445,442
446,442
447,441
448,447
449,445
450,448
451,447
452,446
453,450
454,450
455,453
456,454
457,453
458,458
459,454
460,454
461,457
462,456
463,459
464,458
465,461
466,464
467,462
468,463
469,464
470,467
471,468
472,465
473,469
474,469
475,470
476,474
477,470
478,476
479,478
480,475
481,476
482,477
483,476
484,483
485,481
486,482
487,481
488,481
489,488
490,486
491,487
492,489
493,485
494,489
495,490
496,491
497,491
498,489
499,496
500,491
501,497
502,498
503,497
504,502
505,499
506,499
507,503
508,501
509,503
510,504
511,508
512,506
513,507
514,510
515,511
516,513
517,515
518,516
519,515
520,514
521,520
522,520
523,519
524,524
525,520
526,522
527,525
528,521
529,529
530,525
531,526
532,529
533,528
534,530
535,529
536,534
537,537
538,535
539,535
540,537
541,536
542,537
543,536
544,538
545,544
546,543
547,544
548,543
549,544
550,546
551,544
552,552
553,550
554,553
555,551
556,551
557,552
558,556
559,557
560,559
561,556
562,558
563,557
564,557
565,563
566,561
567,564
568,562
569,566
570,563
571,563
572,567
573,568
574,569
575,569
576,569
577,574
578,575
579,574
580,576
581,574
582,577
583,578
584,577
585,583
586,578
587,584
588,582
589,585
590,587
591,583
592,589
593,585
594,587
595,592
596,593
597,593
598,596
599,591
600,595
601,597
602,595
603,598
604,599
605,595
606,599
607,597
608,605
609,603
610,602
611,606
612,605
613,606
614,608
615,608
616,613
617,609
618,612
619,611
620,617
621,616
622,612
623,619
624,619
625,620
626,619
627,619
628,626
629,625
630,626
631,629
632,628
633,631
634,626
635,632
636,631
637,630
638,635
639,633
640,635
641,636
642,637
643,639
644,638
645,639
646,640
647,640
648,648
649,642
650,647
651,649
652,644
653,651
654,652
655,646
656,650
657,651
658,651
659,657
660,655
661,656
662,658
663,660
664,659
665,658
666,664
667,660
668,664
669,667
670,662
671,666
672,664
673,666
674,675
675,668
676,674
677,672
678,670
679,676
680,674
681,676
682,673
683,679
684,680
685,674
686,680
687,683
688,681
689,686
690,683
691,687
692,688
693,688
694,688
695,686
696,690
697,693
698,693
699,694
700,694
701,695
702,696
703,696
704,701
705,699
706,702
707,700
708,704
709,706
710,707
711,707
712,710
713,708
714,712
715,709
716,711
717,715
718,713
719,713
720,714
721,714
722,718
723,717
724,717
725,719
726,719
727,721
728,722
729,722
730,725
731,723
732,725
733,723
734,728
735,727
736,730
737,732
738,731
739,734
740,733
741,733
742,739
743,737
744,740
745,737
746,735
747,745
748,739
749,745
750,744
751,745
752,748
753,745
754,748
755,752
756,750
757,755
758,751
759,755
760,754
761,754
762,757
763,757
764,756
765,758
766,759
767,762
768,766
769,762
770,766
771,764
772,769
773,770
774,769
775,772
776,772
777,773
778,774
779,774
780,778
781,777
782,776
783,778
784,777
785,780
786,782
787,782
788,785
789,781
790,786
791,785
792,788
793,791
794,788
795,792
796,792
797,790
798,795
799,795
800,797
801,796
802,798
803,801
804,798
805,801
806,803
807,803
808,802
809,804
810,807
811,807
812,803
813,808
814,808
815,812
816,808
817,811
818,818
819,813
820,816
821,818
822,814
823,818
824,821
825,816
826,823
827,822
828,824
829,823
830,825
831,826
832,827
833,826
834,829
835,830
836,831
837,832
838,833
839,835
840,832
841,839
842,836
843,839
844,838
845,835
846,841
847,841
848,842
849,846
850,841
851,847
852,846
853,846
854,852
855,846
856,854
857,852
858,852
859,856
860,851
861,859
862,857
863,859
864,860
865,859
866,861
867,862
868,861
869,867
870,862
871,866
872,868
873,869
874,869
875,870
876,873
877,873
878,869
879,874
880,874
881,876
882,877
883,878
884,878
885,878
886,880
887,881
888,882
889,884
890,883
891,884
892,891
893,884
894,892
895,888
896,889
897,894
898,889
899,893
900,895
901,895
902,897
903,897
904,897
905,901
906,899
907,903
908,898
909,902
910,906
911,907
912,907
913,908
914,913
915,909
916,911
917,915
918,912
919,912
920,916
921,917
922,920
923,918
924,917
925,917
926,917
927,922
928,921
929,926
930,922
931,922
932,929
933,925
934,928
935,932
936,930
937,930
938,936
939,930
940,934
941,936
942,938
943,938
944,935
945,940
946,941
947,939
948,945
949,944
950,943
951,943
952,944
953,946
954,949
955,952
956,950
957,949
958,954
959,954
960,953
961,953
962,954
963,961
964,956
965,961
966,959
967,960
968,963
969,963
970,964
971,963
972,966
973,969
974,965
975,970
976,970
977,969
978,975
979,971
980,973
981,973
982,976
983,979
984,978
985,979
986,979
987,982
988,985
989,982
990,987
991,985
992,984
993,990
994,985
995,986
996,990
997,990
998,991
999,994
1000,995
1001,995
1002,995
1003,997
1004,1000
1005,1000
1006,1005
1007,1001
1008,1001
1009,1002
1010,1002
1011,1009
1012,1002
1013,1011
1014,1010
1015,1010
1016,1011
1017,1011
1018,1012
1019,1013
1020,1011
1021,1019
1022,1014
1023,1017
1024,1018
1025,1019
1026,1024
1027,1018
1028,1023
1029,1021
1030,1025
1031,1027
1032,1023
1033,1030
1034,1028
1035,1027
1036,1030
1037,1028
1038,1035
1039,1032
1040,1033
1041,1034
1042,1040
1043,1034
1044,1038
1045,1036
1046,1041
1047,1042
1048,1040
1049,1045
1050,1043
1051,1045
1052,1048
1053,1043
1054,1050
1055,1050
1056,1050
1057,1052
1058,1052
1059,1051
1060,1052
1061,1054
1062,1060
1063,1056
1064,1061
1065,1059
1066,1060
1067,1063
1068,1063
1069,1063
1070,1065
1071,1066
1072,1066
1073,1067
1074,1071
1075,1067
1076,1069
1077,1073
1078,1069
1079,1073
1080,1074
1081,1075
1082,1077
1083,1077
1084,1079
1085,1076
1086,1078
1087,1082
1088,1080
1089,1080
1090,1086
1091,1081
1092,1089
1093,1087
1094,1088
1095,1089
1096,1089
1097,1091
1098,1091
1099,1094
1100,1094
1101,1093
1102,1095
1103,1097
1104,1098
1105,1101
1106,1097
1107,1101
1108,1104
1109,1102
1110,1106
1111,1105
1112,1108
1113,1108
1114,1107
1115,1110
1116,1110
1117,1112
1118,1109
1119,1110
1120,1115
1121,1111
1122,1119
1123,1117
1124,1117
1125,1123
1126,1115
1127,1121
1128,1120
1129,1123
1130,1125
1131,1126
1132,1129
1133,1126
1134,1126
1135,1128
1136,1129
1137,1127
1138,1136
1139,1132
1140,1135
1141,1136
1142,1135
1143,1136
1144,1135
1145,1137
1146,1144
1147,1140
1148,1144
1149,1141
1150,1141
1151,1148
1152,1144
1153,1146
1154,1147
1155,1148
1156,1151
1157,1151
1158,1155
1159,1153
1160,1151
1161,1157
1162,1154
1163,1160
1164,1155
1165,1156
1166,1162
1167,1158
1168,1165
1169,1161
1170,1165
1171,1166
1172,1164
1173,1168
1174,1166
1175,1169
1176,1170
1177,1171
1178,1174
1179,1173
1180,1173
1181,1176
1182,1175
1183,1179
1184,1178
1185,1175
1186,1181
1187,1178
1188,1182
1189,1186
1190,1179
1191,1186
1192,1186
1193,1183
1194,1191
1195,1186
1196,1192
1197,1189
1198,1188
1199,1192
1200,1194
1201,1197
1202,1194
1203,1195
1204,1200
1205,1194
1206,1201
1207,1197
1208,1201
1209,1202
1210,1204
1211,1204
1212,1204
1213,1204
1214,1210
1215,1209
1216,1208
1217,1209
1218,1208
1219,1211
1220,1211
1221,1212
1222,1212
1223,1216
1224,1219
1225,1217
1226,1220
1227,1222
1228,1215
1229,1221
1230,1221
1231,1223
1232,1226
1233,1225
1234,1226
1235,1227
1236,1225
1237,1232
1238,1229
1239,1232
1240,1232
1241,1231
1242,1238
1243,1237
1244,1236
1245,1236
1246,1235
1247,1243
1248,1238
1249,1244
1250,1243
1251,1240
1252,1244
1253,1244
1254,1245
1255,1247
1256,1245
1257,1251
1258,1252
1259,1254
1260,1252
1261,1254
1262,1256
1263,1253
1264,1257
1265,1260
1266,1256
1267,1260
1268,1260
1269,1263
1270,1265
1271,1264
1272,1266
1273,1266
1274,1267
1275,1269
1276,1268
1277,1272
1278,1272
1279,1269
1280,1275
1281,1273
1282,1275
1283,1277
1284,1277
1285,1282
1286,1279
1287,1280
1288,1284
1289,1282
1290,1284
1291,1281
1292,1284
1293,1290
1294,1287
1295,1288
1296,1289
1297,1291
1298,1294
1299,1292
1300,1293
1301,1294
1302,1294
1303,1299
1304,1294
1305,1300
1306,1297
1307,1299
1308,1303
1309,1299
1310,1304
1311,1305
1312,1303
1313,1309
1314,1302
1315,1310
1316,1311
1317,1308
1318,1312
1319,1310
1320,1313
1321,1314
1322,1311
1323,1319
1324,1317
1325,1314
1326,1320
1327,1315
1328,1323
1329,1323
1330,1322
1331,1327
1332,1323
1333,1323
1334,1328
1335,1326
1336,1333
1337,1330
1338,1328
1339,1330
1340,1330
1341,1334
1342,1335
1343,1333
1344,1339
1345,1339
1346,1338
1347,1339
1348,1339
1349,1340
1350,1342
1351,1345
1352,1345
1353,1344
1354,1350
1355,1348
1356,1350
1357,1347
1358,1349
1359,1350
1360,1350
1361,1354
1362,1352
1363,1357
1364,1358
1365,1354
1366,1360
1367,1360
1368,1360
1369,1361
1370,1359
1371,1364
1372,1364
1373,1366
1374,1366
1375,1369
1376,1367
1377,1371
1378,1368
1379,1368
1380,1374
1381,1371
1382,1374
1383,1371
1384,1377
1385,1378
1386,1377
1387,1383
1388,1378
1389,1382
1390,1381
1391,1383
1392,1383
1393,1383
1394,1386
1395,1385
1396,1389
1397,1393
1398,1390
1399,1392
1400,1390
1401,1392
1402,1397
1403,1394
1404,1397
1405,1397
1406,1395
1407,1399
1408,1399
1409,1401
1410,1399
1411,1402
1412,1404
1413,1405
1414,1407
1415,1407
1416,1405
1417,1410
1418,1409
1419,1412
1420,1412
1421,1410
1422,1415
1423,1412
1424,1417
1425,1418
1426,1415
1427,1418
1428,1419
1429,1420
1430,1422
1431,1419
1432,1425
1433,1425
1434,1423
1435,1428
1436,1424
1437,1429
1438,1428
1439,1430
1440,1436
1441,1432
1442,1433
1443,1435
1444,1432
1445,1437
1446,1435
1447,1440
1448,1442
1449,1442
1450,1442
1451,1443
1452,1443
1453,1445
1454,1448
1455,1447
1456,1448
1457,1448
1458,1454
1459,1455
1460,1455
1461,1458
1462,1455
1463,1459
1464,1456
1465,1458
1466,1463
1467,1460
1468,1463
1469,1459
1470,1462
1471,1461
1472,1460
1473,1466
1474,1464
1475,1466
1476,1468
1477,1466
1478,1470
1479,1469
1480,1471
1481,1473
1482,1468
1483,1473
1484,1473
1485,1474
1486,1480
1487,1473
1488,1476
1489,1477
1490,1478
1491,1481
1492,1478
1493,1486
1494,1482
1495,1486
1496,1486
1497,1485
1498,1488
1499,1489
1500,1490
1501,1495
1502,1492
1503,1492
1504,1494
1505,1492
1506,1495
1507,1496
1508,1499
1509,1499
1510,1498
1511,1503
1512,1510
1513,1506
1514,1508
1515,1505
1516,1506
1517,1507
1518,1504
1519,1511
1520,1506
1521,1510
1522,1512
1523,1512
1524,1515
1525,1512
1526,1516
1527,1519
1528,1516
1529,1520
1530,1518
1531,1520
1532,1522
1533,1522
1534,1522
1535,1523
1536,1526
1537,1529
1538,1526
1539,1530
1540,1528
1541,1532
1542,1531
1543,1530
1544,1535
1545,1534
1546,1535
1547,1538
1548,1537
1549,1542
1550,1538
1551,1541
1552,1538
1553,1539
1554,1543
1555,1546
1556,1544
1557,1547
1558,1546
1559,1549
1560,1551
1561,1550
1562,1554
1563,1550
1564,1555
1565,1555
1566,1553
1567,1559
1568,1558
1569,1561
1570,1560
1571,1559
1572,1564
1573,1560
1574,1565
1575,1566
1576,1562
1577,1569
1578,1567
1579,1569
1580,1572
1581,1568
1582,1574
1583,1572
1584,1575
1585,1575
1586,1575
1587,1576
1588,1578
1589,1579
1590,1578
1591,1577
1592,1581
1593,1582
1594,1584
1595,1588
1596,1582
1597,1588
1598,1586
1599,1587
1600,1587
1601,1591
1602,1591
1603,1593
1604,1592
1605,1595
1606,1597
1607,1595
1608,1598
1609,1595
1610,1598
1611,1601
1612,1597
1613,1600
1614,1601
1615,1602
1616,1604
1617,1605
1618,1610
1619,1605
1620,1608
1621,1609
1622,1610
1623,1615
1624,1610
1625,1615
1626,1613
1627,1613
1628,1617
1629,1614
1630,1617
1631,1625
1632,1618
1633,1622
1634,1622
1635,1625
1636,1626
1637,1623
1638,1628
1639,1623
1640,1627
1641,1629
1642,1629
1643,1635
1644,1630
1645,1633
1646,1635
1647,1632
1648,1637
1649,1636
1650,1636
1651,1642
1652,1639
1653,1640
1654,1642
1655,1643
1656,1647
1657,1643
1658,1646
1659,1651
1660,1645
1661,1651
1662,1651
1663,1652
1664,1655
1665,1653
1666,1655
1667,1653
1668,1656
1669,1661
1670,1657
1671,1663
1672,1661
1673,1663
1674,1664
1675,1659
1676,1666
1677,1664
1678,1667
1679,1668
1680,1667
1681,1671
1682,1667
1683,1675
1684,1674
1685,1670
1686,1676
1687,1674
1688,1675
1689,1677
1690,1675
1691,1683
1692,1681
1693,1678
1694,1681
1695,1681
1696,1682
1697,1684
1698,1686
1699,1690
1700,1690
1701,1690
1702,1691
1703,1690
1704,1694
1705,1691
1706,1695
1707,1696
1708,1696
1709,1696
1710,1698
1711,1696
1712,1700
1713,1697
1714,1701
1715,1700
1716,1704
1717,1706
1718,1703
1719,1708
1720,1708
1721,1706
1722,1714
1723,1708
1724,1712
1725,1714
1726,1713
1727,1717
1728,1712
1729,1719
1730,1719
1731,1719
1732,1723
1733,1718
1734,1724
1735,1723
1736,1723
1737,1726
1738,1725
1739,1723
1740,1728
1741,1727
1742,1733
1743,1729
1744,1729
1745,1736
1746,1733
1747,1738
1748,1735
1749,1735
1750,1741
1751,1739
1752,1740
1753,1741
1754,1741
1755,1744
1756,1741
1757,1743
1758,1747
1759,1744
1760,1751
1761,1745
1762,1750
1763,1751
1764,1751
1765,1754
1766,1754
1767,1759
1768,1759
1769,1755
1770,1759
1771,1756
1772,1761
1773,1760
1774,1760
1775,1765
1776,1761
1777,1765
1778,1765
1779,1763
1780,1770
1781,1767
1782,1768
1783,1771
1784,1773
1785,1772
1786,1777
1787,1772
1788,1777
1789,1777
1790,1776
1791,1779
1792,1778
1793,1783
1794,1779
1795,1784
1796,1786
1797,1784
1798,1787
1799,1786
1800,1786
1801,1792
1802,1788
1803,1793
1804,1792
1805,1792
1806,1794
1807,1794
1808,1797
1809,1798
1810,1799
1811,1798
1812,1796
1813,1800
1814,1800
1815,1802
1816,1807
1817,1803
1818,1808
1819,1804
1820,1805
1821,1811
1822,1809
1823,1811
1824,1811
1825,1811
1826,1816
1827,1811
1828,1818
1829,1817
1830,1814
1831,1819
1832,1820
1833,1819
1834,1825
1835,1822
1836,1826
1837,1823
1838,1822
1839,1829
1840,1827
1841,1830
1842,1830
1843,1829
1844,1834
1845,1829
1846,1832
1847,1837
1848,1835
1849,1837
1850,1835
1851,1839
1852,1840
1853,1841
1854,1842
1855,1841
1856,1845
1857,1843
1858,1842
1859,1845
1860,1845
1861,1850
1862,1850
1863,1847
1864,1854
1865,1851
1866,1852
1867,1853
1868,1854
1869,1859
1870,1856
1871,1857
1872,1859
1873,1858
1874,1861
1875,1861
1876,1865
1877,1865
1878,1865
1879,1865
1880,1869
1881,1865
1882,1870
1883,1869
1884,1870
1885,1874
1886,1871
1887,1877
1888,1872
1889,1875
1890,1879
1891,1877
1892,1881
1893,1879
1894,1882
1895,1882
1896,1880
1897,1886
1898,1887
1899,1886
1900,1888
1901,1884
1902,1890
1903,1887
1904,1892
1905,1894
1906,1893
1907,1894
1908,1895
1909,1896
1910,1898
1911,1893
1912,1900
1913,1899
1914,1901
1915,1902
1916,1903
1917,1905
1918,1903
1919,1906
1920,1907
1921,1906
1922,1909
1923,1910
1924,1913
1925,1911
1926,1913
1927,1913
1928,1919
1929,1912
1930,1917
1931,1916
1932,1917
1933,1920
1934,1919
1935,1922
1936,1922
1937,1920
1938,1928
1939,1924
1940,1928
1941,1926
1942,1927
1943,1932
1944,1927
1945,1931
1946,1928
1947,1931
1948,1938
1949,1932
1950,1934
1951,1938
1952,1936
1953,1940
1954,1937
1955,1944
1956,1941
1957,1943
1958,1945
1959,1944
1960,1946
1961,1949
1962,1947
1963,1951
1964,1949
1965,1951
1966,1951
1967,1951
1968,1958
1969,1952
1970,1956
1971,1957
1972,1956
1973,1960
1974,1961
1975,1961
1976,1963
1977,1960
1978,1964
1979,1966
1980,1962
1981,1970
1982,1965
1983,1969
1984,1973
1985,1970
1986,1974
1987,1971
1988,1973
1989,1976
1990,1972
1991,1977
1992,1976
1993,1980
1994,1981
1995,1978
1996,1985
1997,1983
1998,1984
1999,1988
2000,1984
2001,1988
2002,1988
2003,1987
2004,1992
2005,1990
2006,1995
2007,1991
2008,1993
2009,1998
2010,1993
2011,1996
2012,1999
2013,1996
2014,2002
2015,2001
2016,2003
2017,2004
2018,2004
2019,2008
2020,2004
2021,2006
2022,2013
2023,2008
2024,2010
2025,2012
2026,2013
2027,2014
2028,2014
2029,2016
2030,2015
2031,2018
2032,2019
2033,2016
2034,2020
2035,2020
2036,2020
2037,2024
2038,2024
2039,2025
2040,2025
2041,2025
2042,2032
2043,2030
2044,2033
2045,2031
2046,2029
2047,2036
2048,2033
2049,2037
2050,2034
2051,2034
2052,2043
2053,2038
2054,2040
2055,2041
2056,2041
2057,2047
2058,2045
2059,2046
2060,2046
2061,2045
2062,2052
2063,2050
2064,2049
2065,2052
2066,2052
2067,2055
2068,2056
2069,2053
2070,2059
2071,2055
2072,2058
2073,2060
2074,2057
2075,2062
2076,2061
2077,2063
2078,2065
2079,2064
2080,2066
2081,2065
2082,2069
2083,2071
2084,2068
2085,2073
2086,2070
2087,2074
2088,2076
2089,2071
2090,2078
2091,2077
2092,2077
2093,2081
2094,2076
2095,2083
2096,2081
2097,2082
2098,2088
2099,2083
2100,2089
2101,2087
2102,2086
2103,2091
2104,2086
2105,2090
2106,2092
2107,2094
2108,2097
2109,2094
2110,2097
2111,2097
2112,2095
2113,2101
2114,2100
2115,2099
2116,2102
2117,2101
2118,2105
2119,2103
2120,2103
2121,2108
2122,2108
2123,2108
2124,2110
2125,2108
2126,2114
2127,2109
2128,2116
2129,2114
2130,2115
2131,2118
2132,2117
2133,2118
2134,2119
2135,2117
2136,2122
2137,2125
2138,2125
2139,2123
2140,2123
2141,2129
2142,2126
2143,2126
2144,2129
2145,2130
2146,2132
2147,2129
2148,2132
2149,2134
2150,2133
2151,2139
2152,2134
2153,2137
2154,2141
2155,2140
2156,2143
2157,2141
2158,2143
2159,2152
2160,2144
2161,2147
2162,2148
2163,2148
2164,2148
2165,2150
2166,2151
2167,2154
2168,2151
2169,2156
2170,2152
2171,2157
2172,2157
2173,2157
2174,2159
2175,2158
2176,2160
2177,2164
2178,2162
2179,2163
2180,2166
2181,2166
2182,2168
2183,2164
2184,2169
2185,2170
2186,2173
2187,2172
2188,2170
2189,2177
2190,2174
2191,2174
2192,2179
2193,2173
2194,2181
2195,2178
2196,2183
2197,2187
2198,2181
2199,2184
2200,2186
2201,2182
2202,2188
2203,2184
2204,2188
2205,2191
2206,2190
2207,2193
2208,2192
2209,2193
2210,2198
2211,2194
2212,2197
2213,2196
2214,2198
2215,2201
2216,2197
2217,2204
2218,2201
2219,2204
2220,2207
2221,2205
2222,2206
2223,2208
2224,2207
2225,2209
2226,2207
2227,2215
2228,2212
2229,2213
2230,2217
2231,2213
2232,2219
2233,2220
2234,2219
2235,2222
2236,2220
2237,2223
2238,2222
2239,2220
2240,2228
2241,2227
2242,2226
2243,2228
2244,2227
2245,2229
2246,2229
2247,2230
2248,2232
2249,2231
2250,2234
2251,2236
2252,2235
2253,2238
2254,2239
2255,2239
2256,2240
2257,2242
2258,2245
2259,2243
2260,2242
2261,2248
2262,2243
2263,2251
2264,2246
2265,2251
2266,2253
2267,2249
2268,2256
2269,2252
2270,2257
2271,2256
2272,2257
2273,2261
2274,2259
2275,2259
2276,2262
2277,2262
2278,2264
2279,2262
2280,2265
2281,2268
2282,2263
2283,2271
2284,2268
2285,2268
2286,2271
2287,2269
2288,2275
2289,2271
2290,2275
2291,2279
2292,2277
2293,2280
2294,2278
2295,2280
2296,2284
2297,2281
2298,2281
2299,2285
2300,2284
2301,2285
2302,2286
2303,2286
2304,2292
2305,2286
2306,2291
2307,2289
2308,2291
2309,2294
2310,2291
2311,2297
2312,2295
2313,2294
2314,2301
2315,2296
2316,2302
2317,2301
2318,2300
2319,2307
2320,2304
2321,2308
2322,2306
2323,2304
2324,2309
2325,2308
2326,2311
2327,2312
2328,2309
2329,2314
2330,2312
2331,2315
2332,2315
2333,2317
2334,2319
2335,2317
2336,2321
2337,2321
2338,2319
2339,2327
2340,2320
2341,2325
2342,2327
2343,2326
2344,2330
2345,2328
2346,2329
2347,2335
2348,2329
2349,2335
2350,2333
2351,2333
2352,2337
2353,2333
2354,2337
2355,2341
2356,2338
2357,2340
2358,2342
2359,2343
2360,2342
2361,2343
2362,2348
2363,2343
2364,2349
2365,2353
2366,2347
2367,2352
2368,2352
2369,2355
2370,2355
2371,2351
2372,2359
2373,2358
2374,2361
2375,2358
2376,2358
2377,2363
2378,2363
2379,2360
2380,2366
2381,2362
2382,2369
2383,2366
2384,2367
2385,2372
2386,2366
2387,2374
2388,2372
2389,2374
2390,2376
2391,2373
2392,2376
2393,2378
2394,2377
2395,2379
2396,2381
2397,2381
2398,2386
2399,2380
2400,2383
2401,2385
2402,2386
2403,2390
2404,2384
2405,2388
2406,2388
2407,2391
2408,2391
2409,2389
2410,2397
2411,2395
2412,2400
2413,2399
2414,2392
2415,2399
2416,2400
2417,2397
2418,2405
2419,2400
2420,2403
2421,2408
2422,2403
2423,2408
2424,2403
2425,2408
2426,2409
2427,2409
2428,2415
2429,2408
2430,2412
2431,2412
2432,2414
2433,2417
2434,2413
2435,2420
2436,2421
2437,2420
2438,2422
2439,2419
2440,2420
2441,2428
2442,2423
2443,2425
2444,2428
2445,2427
2446,2432
2447,2429
2448,2433
2449,2430
2450,2430
2451,2434
2452,2432
2453,2437
2454,2439
2455,2438
2456,2438
2457,2437
2458,2441
2459,2443
2460,2438
2461,2442
2462,2442
2463,2443
2464,2447
2465,2448
2466,2450
2467,2447
2468,2454
2469,2453
2470,2453
2471,2455
2472,2455
2473,2455
2474,2455
2475,2456
2476,2458
2477,2460
2478,2458
2479,2462
2480,2458
2481,2467
2482,2462
2483,2463
2484,2470
2485,2465
2486,2469
2487,2470
2488,2468
2489,2471
2490,2474
2491,2472
2492,2475
2493,2472
2494,2477
2495,2475
2496,2477
2497,2481
2498,2475
2499,2485
2500,2484
2501,2482
2502,2487
2503,2481
2504,2488
2505,2486
2506,2485
2507,2492
2508,2488
2509,2489
2510,2493
2511,2493
2512,2495
2513,2495
2514,2497
2515,2498
2516,2497
2517,2501
2518,2499
2519,2504
2520,2503
2521,2502
2522,2506
2523,2507
2524,2506
2525,2506
2526,2510
2527,2509
2528,2510
2529,2511
2530,2513
2531,2514
2532,2518
2533,2514
2534,2516
2535,2519
2536,2517
2537,2520
2538,2521
2539,2523
2540,2525
2541,2520
2542,2525
2543,2527
2544,2523
2545,2527
2546,2527
2547,2528
2548,2533
2549,2528
2550,2537
2551,2531
2552,2533
2553,2537
2554,2532
2555,2543
2556,2536
2557,2541
2558,2538
2559,2542
2560,2544
2561,2544
2562,2544
2563,2547
2564,2545
2565,2550
2566,2548
2567,2548
2568,2550
2569,2546
2570,2555
2571,2554
2572,2556
2573,2559
2574,2553
2575,2560
2576,2558
2577,2560
2578,2560
2579,2559
2580,2560
2581,2566
2582,2565
2583,2568
2584,2567
2585,2566
2586,2568
2587,2568
2588,2574
2589,2572
2590,2573
2591,2574
2592,2570
2593,2578
2594,2573
2595,2575
2596,2580
2597,2578
2598,2582
2599,2582
2600,2583
2601,2587
2602,2582
2603,2585
2604,2587
2605,2587
2606,2589
2607,2587
2608,2593
2609,2588
2610,2592
2611,2596
2612,2590
2613,2598
2614,2596
2615,2594
2616,2600
2617,2595
2618,2599
2619,2601
2620,2599
2621,2606
2622,2600
2623,2604
2624,2606
2625,2604
2626,2604
2627,2606
2628,2606
2629,2616
2630,2611
2631,2615
2632,2612
2633,2615
2634,2619
2635,2614
2636,2619
2637,2620
2638,2618
2639,2620
2640,2617
2641,2623
2642,2621
2643,2621
2644,2625
2645,2626
2646,2627
2647,2627
2648,2628
2649,2630
2650,2630
2651,2630
2652,2635
2653,2630
2654,2636
2655,2635
2656,2637
2657,2640
2658,2637
2659,2643
2660,2641
2661,2645
2662,2645
2663,2640
2664,2646
2665,2643
2666,2646
2667,2651
2668,2646
2669,2650
2670,2650
2671,2651
2672,2655
2673,2653
2674,2657
2675,2655
2676,2655
2677,2661
2678,2659
2679,2661
2680,2662
2681,2662
2682,2664
2683,2665
2684,2663
2685,2666
2686,2664
2687,2672
2688,2667
2689,2673
2690,2672
2691,2672
2692,2678
2693,2671
2694,2672
2695,2679
2696,2675
2697,2681
2698,2681
2699,2677
2700,2681
2701,2681
2702,2682
2703,2686
2704,2686
2705,2687
2706,2683
2707,2691
2708,2687
2709,2691
2710,2692
2711,2691
2712,2693
2713,2692
2714,2695
2715,2697
2716,2694
2717,2694
2718,2701
2719,2700
2720,2703
2721,2700
2722,2702
2723,2704
2724,2704
2725,2706
2726,2704
2727,2704
2728,2709
2729,2706
2730,2711
2731,2711
2732,2709
2733,2713
2734,2710
2735,2717
2736,2714
2737,2718
2738,2719
2739,2720
2740,2722
2741,2723
2742,2719
2743,2728
2744,2721
2745,2724
2746,2729
2747,2723
2748,2728
2749,2725
2750,2728
2751,2733
2752,2730
2753,2734
2754,2736
2755,2734
2756,2739
2757,2737
2758,2739
2759,2739
2760,2742
2761,2739
2762,2740
2763,2741
2764,2748
2765,2746
2766,2745
2767,2745
2768,2749
2769,2749
2770,2751
2771,2752
2772,2748
2773,2751
2774,2754
2775,2755
2776,2758
2777,2756
2778,2756
2779,2761
2780,2758
2781,2761
2782,2760
2783,2765
2784,2768
2785,2764
2786,2769
2787,2764
2788,2769
2789,2772
2790,2770
2791,2775
2792,2771
2793,2774
2794,2778
2795,2774
2796,2778
2797,2776
2798,2780
2799,2780
2800,2778
2801,2781
2802,2780
2803,2782
2804,2785
2805,2781
2806,2787
2807,2788
2808,2788
2809,2789
2810,2788
2811,2792
2812,2796
2813,2790
2814,2795
2815,2796
2816,2793
2817,2797
2818,2798
2819,2798
2820,2798
2821,2801
2822,2805
2823,2803
2824,2802
2825,2806
2826,2803
2827,2808
2828,2804
2829,2808
2830,2808
2831,2811
2832,2815
2833,2813
2834,2814
2835,2815
2836,2814
2837,2822
2838,2814
2839,2820
2840,2818
2841,2821
2842,2824
2843,2822
2844,2822
2845,2823
2846,2825
2847,2830
2848,2824
2849,2830
2850,2831
2851,2829
2852,2835
2853,2830
2854,2832
2855,2835
2856,2832
2857,2835
2858,2838
2859,2834
2860,2840
2861,2839
2862,2842
2863,2847
2864,2842
2865,2848
2866,2847
2867,2847
2868,2850
2869,2844
2870,2853
2871,2849
2872,2849
2873,2852
2874,2848
2875,2858
2876,2852
2877,2853
2878,2857
2879,2858
2880,2860
2881,2857
2882,2859
2883,2865
2884,2863
2885,2864
2886,2863
2887,2866
2888,2867
2889,2868
2890,2870
2891,2869
2892,2873
2893,2872
2894,2872
2895,2878
2896,2874
2897,2875
2898,2882
2899,2879
2900,2882
2901,2880
2902,2878
2903,2885
2904,2885
2905,2884
2906,2889
2907,2886
2908,2887
2909,2888
2910,2886
2911,2895
2912,2890
2913,2893
2914,2892
2915,2894
2916,2898
2917,2892
2918,2897
2919,2896
2920,2898
2921,2901
2922,2897
2923,2902
2924,2901
2925,2904
2926,2905
2927,2903
2928,2907
2929,2911
2930,2906
2931,2914
2932,2911
2933,2912
2934,2913
2935,2914
2936,2916
2937,2913
2938,2917
2939,2919
2940,2916
2941,2923
2942,2922
2943,2923
2944,2924
2945,2922
2946,2925
2947,2921
2948,2925
2949,2931
2950,2929
2951,2929
2952,2934
2953,2931
2954,2935
2955,2933
2956,2933
2957,2939
2958,2937
2959,2939
2960,2934
2961,2940
2962,2942
2963,2940
2964,2945
2965,2940
2966,2945
2967,2945
2968,2946
2969,2948
2970,2946
2971,2950
2972,2953
2973,2952
2974,2955
2975,2951
2976,2956
2977,2958
2978,2953
2979,2959
2980,2958
2981,2958
2982,2961
2983,2960
2984,2966
2985,2964
2986,2962
2987,2970
2988,2966
2989,2968
2990,2968
2991,2970
2992,2970
2993,2969
2994,2974
2995,2978
2996,2973
2997,2975
2998,2977
2999,2977
3000,2981
3001,2979
3002,2981
3003,2981
3004,2982
3005,2984
3006,2983
3007,2987
3008,2986
3009,2985
3010,2988
3011,2985
3012,2987
3013,2989
3014,2990
3015,2994
3016,2992
3017,2993
3018,2995
3019,2994
3020,3000
3021,2995
3022,2999
3023,3003
3024,2998
3025,3005
3026,3004
3027,3003
3028,3007
3029,3005
3030,3012
3031,3009
3032,3011
3033,3008
3034,3010
3035,3015
3036,3011
3037,3015
3038,3017
3039,3014
3040,3023
3041,3017
3042,3020
3043,3023
3044,3022
3045,3023
3046,3025
3047,3022
3048,3030
3049,3028
3050,3031
3051,3032
3052,3030
3053,3031
3054,3030
3055,3035
3056,3037
3057,3033
3058,3038
3059,3033
3060,3042
3061,3038
3062,3038
3063,3041
3064,3038
3065,3044
3066,3047
3067,3045
3068,3048
3069,3043
3070,3046
3071,3049
3072,3051
3073,3052
3074,3051
3075,3052
3076,3054
3077,3051
3078,3057
3079,3055
3080,3059
3081,3058
3082,3059
3083,3062
3084,3060
3085,3061
3086,3066
3087,3061
3088,3067
3089,3066
3090,3065
3091,3068
3092,3067
3093,3072
3094,3073
3095,3068
3096,3075
3097,3077
3098,3074
3099,3077
3100,3083
3101,3081
3102,3081
3103,3082
3104,3084
3105,3080
3106,3084
3107,3083
3108,3086
3109,3088
3110,3087
3111,3087
3112,3092
3113,3089
3114,3095
3115,3087
3116,3093
3117,3094
3118,3097
3119,3100
3120,3098
3121,3100
3122,3100
3123,3099
3124,3105
3125,3101
3126,3105
3127,3102
3128,3103
3129,3106
3130,3107
3131,3108
3132,3110
3133,3109
3134,3114
3135,3113
3136,3110
3137,3115
3138,3117
3139,3115
3140,3117
3141,3114
3142,3122
3143,3121
3144,3121
3145,3125
3146,3120
3147,3126
3148,3123
3149,3125
3150,3127
3151,3125
3152,3134
3153,3130
3154,3130
3155,3133
3156,3134
3157,3134
3158,3132
3159,3138
3160,3139
3161,3138
3162,3140
3163,3140
3164,3144
3165,3145
3166,3139
3167,3146
3168,3145
3169,3145
3170,3147
3171,3147
3172,3149
3173,3146
3174,3154
3175,3155
3176,3147
3177,3155
3178,3152
3179,3155
3180,3157
3181,3157
3182,3156
3183,3159
3184,3162
3185,3158
3186,3164
3187,3162
3188,3168
3189,3166
3190,3167
3191,3168
3192,3168
3193,3169
3194,3173
3195,3167
3196,3175
3197,3170
3198,3175
3199,3174
3200,3173
3201,3180
3202,3178
3203,3181
3204,3183
3205,3181
3206,3189
3207,3183
3208,3185
3209,3189
3210,3186
3211,3188
3212,3188
3213,3189
3214,3192
3215,3190
3216,3193
3217,3190
3218,3192
3219,3195
3220,3193
3221,3201
3222,3196
3223,3198
3224,3205
3225,3200
3226,3205
3227,3202
3228,3205
3229,3210
3230,3204
3231,3208
3232,3210
3233,3206
3234,3210
3235,3211
3236,3213
3237,3214
3238,3211
3239,3214
3240,3218
3241,3217
3242,3222
3243,3218
3244,3221
3245,3219
3246,3219
3247,3224
3248,3220
3249,3224
3250,3227
3251,3228
3252,3230
3253,3227
3254,3232
3255,3232
3256,3230
3257,3234
3258,3230
3259,3236
3260,3237
3261,3235
3262,3237
3263,3237
3264,3241
3265,3239
3266,3242
3267,3246
3268,3240
3269,3243
3270,3247
3271,3248
3272,3248
3273,3248
3274,3250
3275,3252
3276,3249
3277,3256
3278,3251
3279,3254
3280,3257
3281,3257
3282,3258
3283,3258
3284,3258
3285,3265
3286,3262
3287,3265
3288,3263
3289,3262
3290,3268
3291,3265
3292,3268
3293,3268
3294,3270
3295,3272
3296,3269
3297,3275
3298,3272
3299,3275
3300,3278
3301,3275
3302,3281
3303,3277
3304,3280
3305,3281
3306,3279
3307,3286
3308,3284
3309,3285
3310,3288
3311,3285
3312,3289
3313,3288
3314,3286
3315,3294
3316,3293
3317,3294
3318,3296
3319,3292
3320,3298
3321,3300
3322,3299
3323,3302
3324,3301
3325,3301
3326,3305
3327,3302
3328,3304
3329,3304
3330,3305
3331,3309
3332,3306
3333,3311
3334,3308
3335,3309
3336,3312
3337,3308
3338,3317
3339,3312
3340,3316
3341,3320
3342,3316
3343,3322
3344,3320
3345,3321
3346,3321
3347,3322
3348,3324
3349,3327
3350,3324
3351,3328
3352,3325
3353,3329
3354,3328
3355,3331
3356,3335
3357,3331
3358,3334
3359,3335
3360,3336
3361,3338
3362,3335
3363,3342
3364,3340
3365,3337
3366,3346
3367,3339
3368,3341
3369,3348
3370,3346
3371,3346
3372,3346
3373,3348
3374,3354
3375,3350
3376,3353
3377,3355
3378,3350
3379,3351
3380,3354
3381,3359
3382,3357
3383,3358
3384,3360
3385,3358
3386,3364
3387,3360
3388,3360
3389,3366
3390,3361
3391,3366
3392,3366
3393,3370
3394,3373
3395,3367
3396,3369
3397,3374
3398,3369
3399,3376
3400,3373
3401,3377
3402,3379
3403,3376
3404,3383
3405,3378
3406,3380
3407,3381
3408,3379
3409,3385
3410,3385
3411,3384
3412,3386
3413,3388
3414,3390
3415,3391
3416,3391
3417,3397
3418,3394
3419,3392
3420,3399
3421,3396
3422,3398
3423,3401
3424,3398
3425,3400
3426,3399
3427,3402
3428,3399
3429,3402
3430,3407
3431,3406
3432,3408
3433,3406
3434,3410
3435,3410
3436,3407
3437,3414
3438,3412
3439,3412
3440,3418
3441,3412
3442,3416
3443,3415
3444,3418
3445,3420
3446,3421
3447,3424
3448,3421
3449,3422
3450,3427
3451,3422
3452,3427
3453,3427
3454,3428
3455,3431
3456,3427
3457,3431
3458,3430
3459,3431
3460,3439
3461,3434
3462,3433
3463,3441
3464,3436
3465,3442
3466,3441
3467,3442
3468,3443
3469,3441
3470,3444
3471,3444
3472,3445
3473,3451
3474,3444
3475,3452
3476,3447
3477,3451
3478,3455
3479,3450
3480,3456
3481,3456
3482,3453
3483,3457
3484,3454
3485,3460
3486,3462
3487,3460
3488,3462
3489,3459
3490,3466
3491,3466
3492,3466
3493,3470
3494,3465
3495,3467
3496,3469
3497,3469
3498,3474
3499,3470
3500,3475
3501,3476
3502,3476
3503,3481
3504,3476
3505,3482
3506,3477
3507,3477
3508,3481
3509,3483
3510,3480
3511,3484
3512,3487
3513,3489
3514,3489
3515,3487
3516,3488
3517,3492
3518,3492
3519,3492
3520,3493
3521,3497
3522,3494
3523,3495
3524,3500
3525,3495
3526,3501
3527,3498
3528,3500
3529,3502
3530,3502
3531,3508
3532,3504
3533,3508
3534,3507
3535,3507
3536,3513
3537,3510
3538,3512
3539,3515
3540,3512
3541,3516
3542,3517
3543,3518
3544,3516
3545,3517
3546,3521
3547,3517
3548,3521
3549,3523
3550,3519
3551,3527
3552,3523
3553,3526
3554,3529
3555,3526
3556,3530
3557,3533
3558,3530
3559,3533
3560,3532
3561,3531
3562,3537
3563,3531
3564,3537
3565,3537
3566,3537
3567,3541
3568,3537
3569,3544
3570,3541
3571,3540
3572,3548
3573,3541
3574,3549
3575,3549
3576,3549
3577,3552
3578,3551
3579,3551
3580,3553
3581,3555
3582,3555
3583,3554
3584,3558
3585,3559
3586,3558
3587,3561
3588,3557
3589,3561
3590,3563
3591,3563
3592,3566
3593,3562
3594,3566
3595,3567
3596,3564
3597,3572
3598,3570
3599,3570
3600,3572
3601,3575
3602,3574
3603,3575
3604,3573
3605,3579
3606,3579
3607,3582
3608,3579
3609,3579
3610,3587
3611,3580
3612,3583
3613,3584
3614,3583
3615,3587
3616,3589
3617,3588
3618,3592
3619,3591
3620,3593
3621,3591
3622,3593
3623,3597
3624,3596
3625,3597
3626,3598
3627,3599
3628,3603
3629,3597
3630,3605
3631,3604
3632,3606
3633,3606
3634,3607
3635,3608
3636,3608
3637,3607
3638,3613
3639,3611
3640,3615
3641,3614
3642,3611
3643,3616
3644,3616
3645,3619
3646,3619
3647,3618
3648,3620
3649,3620
3650,3622
3651,3627
3652,3625
3653,3627
3654,3624
3655,3627
3656,3629
3657,3626
3658,3635
3659,3632
3660,3633
3661,3633
3662,3633
3663,3633
3664,3634
3665,3633
3666,3640
3667,3639
3668,3639
3669,3640
3670,3641
3671,3645
3672,3644
3673,3643
3674,3645
3675,3642
3676,3650
3677,3646
3678,3650
3679,3649
3680,3650
3681,3653
3682,3654
3683,3653
3684,3655
3685,3653
3686,3662
3687,3657
3688,3659
3689,3662
3690,3661
3691,3663
3692,3661
3693,3663
3694,3669
3695,3665
3696,3665
3697,3670
3698,3667
3699,3673
3700,3668
3701,3673
3702,3677
3703,3670
3704,3674
3705,3673
3706,3680
3707,3677
3708,3679
3709,3682
3710,3679
3711,3679
3712,3683
3713,3682
3714,3688
3715,3686
3716,3688
3717,3688
3718,3688
3719,3691
3720,3691
3721,3694
3722,3696
3723,3696
3724,3695
3725,3696
3726,3695
3727,3698
3728,3699
3729,3702
3730,3701
3731,3702
3732,3704
3733,3703
3734,3707
3735,3703
3736,3709
3737,3709
3738,3706
3739,3712
3740,3713
3741,3710
3742,3713
3743,3711
3744,3716
3745,3715
3746,3713
3747,3717
3748,3717
3749,3719
3750,3725
3751,3718
3752,3726
3753,3722
3754,3726
3755,3729
3756,3723
3757,3728
3758,3729
3759,3730
3760,3734
3761,3732
3762,3732
3763,3733
3764,3735
3765,3739
3766,3733
3767,3737
3768,3736
3769,3740
3770,3741
3771,3741
3772,3745
3773,3742
3774,3743
3775,3746
3776,3743
3777,3747
3778,3748
3779,3749
3780,3755
3781,3753
3782,3754
3783,3753
3784,3752
3785,3761
3786,3757
3787,3756
3788,3763
3789,3756
3790,3764
3791,3762
3792,3761
3793,3767
3794,3763
3795,3766
3796,3768
3797,3767
3798,3770
3799,3770
3800,3773
3801,3772
3802,3770
3803,3776
3804,3776
3805,3778
3806,3776
3807,3779
3808,3779
3809,3777
3810,3784
3811,3782
3812,3783
3813,3787
3814,3783
3815,3784
3816,3790
3817,3788
3818,3790
3819,3791
3820,3792
3821,3792
3822,3789
3823,3795
3824,3794
3825,3795
3826,3798
3827,3794
3828,3799
3829,3800
3830,3801
3831,3802
3832,3802
3833,3804
3834,3809
3835,3805
3836,3811
3837,3805
3838,3807
3839,3813
3840,3811
3841,3811
3842,3811
3843,3815
3844,3819
3845,3813
3846,3820
3847,3815
3848,3818
3849,3822
3850,3816
3851,3822
3852,3824
3853,3821
3854,3827
3855,3823
3856,3829
3857,3827
3858,3829
3859,3830
3860,3828
3861,3830
3862,3829
3863,3832
3864,3835
3865,3834
3866,3837
3867,3837
3868,3837
3869,3840
3870,3837
3871,3842
3872,3842
3873,3840
3874,3845
3875,3845
3876,3849
3877,3846
3878,3850
3879,3850
3880,3851
3881,3851
3882,3854
3883,3850
3884,3856
3885,3857
3886,3853
3887,3859
3888,3856
3889,3857
3890,3857
3891,3860
3892,3866
3893,3863
3894,3862
3895,3867
3896,3865
3897,3871
3898,3868
3899,3869
3900,3869
3901,3866
3902,3875
3903,3872
3904,3874
3905,3874
3906,3876
3907,3877
3908,3877
3909,3881
3910,3883
3911,3881
3912,3884
3913,3884
3914,3885
3915,3887
3916,3885
3917,3887
3918,3889
3919,3887
3920,3892
3921,3889
3922,3892
3923,3893
3924,3895
3925,3894
3926,3895
3927,3894
3928,3901
3929,3895
3930,3903
3931,3902
3932,3899
3933,3906
3934,3903
3935,3906
3936,3903
3937,3906
3938,3908
3939,3908
3940,3912
3941,3908
3942,3912
3943,3916
3944,3913
3945,3915
3946,3913
3947,3915
3948,3920
3949,3916
3950,3924
3951,3922
3952,3919
3953,3923
3954,3922
3955,3926
3956,3920
3957,3925
3958,3931
3959,3924
3960,3931
3961,3930
3962,3928
3963,3935
3964,3932
3965,3935
3966,3936
3967,3936
3968,3940
3969,3935
3970,3939
3971,3941
3972,3940
3973,3944
3974,3943
3975,3945
3976,3948
3977,3943
3978,3949
3979,3947
3980,3946
3981,3955
3982,3950
3983,3953
3984,3951
3985,3953
3986,3959
3987,3956
3988,3956
3989,3959
3990,3959
3991,3963
3992,3957
3993,3963
3994,3962
3995,3961
3996,3968
3997,3964
3998,3966
3999,3969
4000,3967
4001,3971
4002,3971
4003,3974
4004,3976
4005,3970
4006,3978
4007,3976
4008,3975
4009,3981
4010,3975
4011,3982
4012,3977
4013,3985
4014,3985
4015,3983
4016,3987
4017,3985
4018,3986
4019,3989
4020,3987
4021,3989
4022,3992
4023,3989
4024,3995
4025,3995
4026,3993
4027,4000
4028,3995
4029,3999
4030,3998
4031,3999
4032,4005
4033,4001
4034,4005
4035,4001
4036,4006
4037,4008
4038,4006
4039,4008
4040,4007
4041,4009
4042,4015
4043,4010
4044,4017
4045,4012
4046,4016
4047,4016
4048,4014
4049,4020
4050,4018
4051,4021
4052,4021
4053,4020
4054,4026
4055,4021
4056,4025
4057,4032
4058,4024
4059,4029
4060,4028
4061,4028
4062,4035
4063,4030
4064,4036
4065,4036
4066,4031
4067,4039
4068,4037
4069,4035
4070,4043
4071,4041
4072,4040
4073,4041
4074,4044
4075,4045
4076,4042
4077,4045
4078,4048
4079,4045
4080,4053
4081,4045
4082,4054
4083,4050
4084,4054
4085,4057
4086,4051
4087,4054
4088,4058
4089,4057
4090,4064
4091,4057
4092,4060
4093,4058
4094,4054
4095,4059
