0,3
1,6
2,6
3,5
4,7
5,3
6,7
7,8
8,8
9,11
10,9
11,11
12,13
13,14
14,18
15,15
16,18
17,16
18,17
19,20
20,20
21,21
22,24
23,21
24,26
25,22
26,28
27,27
28,29
29,29
30,26
31,32
32,31
33,33
34,35
35,31
36,37
37,38
38,35
39,40
40,40
41,43
42,41
43,42
44,46
45,44
46,48
47,47
48,44
49,51
50,49
51,52
52,52
53,52
54,57
55,51
56,55
57,55
58,55
59,59
60,59
61,60
62,60
63,63
64,65
65,64
66,66
67,66
68,65
69,69
70,69
71,72
72,70
73,70
74,72
75,70
76,74
77,78
78,73
79,78
80,79
81,81
82,80
83,80
84,84
85,87
86,84
87,88
88,88
89,89
90,91
91,87
92,92
93,93
94,90
95,97
96,93
97,95
98,95
99,93
100,101
101,97
102,100
103,102
104,103
105,104
106,104
107,108
108,107
109,109
110,110
111,107
112,108
113,110
114,110
115,116
116,110
117,114
118,116
119,113
120,121
121,119
122,121
123,123
124,120
125,125
126,121
127,125
128,128
129,124
130,128
131,130
132,131
133,133
134,129
135,136
136,134
137,137
138,138
139,135
140,137
141,138
142,139
143,140
144,140
145,143
146,142
147,141
148,146
149,146
150,149
151,148
152,145
153,150
154,150
155,152
156,157
157,154
158,157
159,154
160,159
161,161
162,156
163,162
164,161
165,161
166,164
167,161
168,169
169,167
170,169
171,172
172,169
173,171
174,172
175,171
176,174
177,173
178,175
179,176
180,177
181,179
182,178
183,181
184,181
185,184
186,183
187,182
188,188
189,186
190,187
191,189
192,187
193,193
194,192
195,193
196,196
197,192
198,194
199,202
200,195
201,201
202,201
203,201
204,204
205,201
206,203
207,203
208,205
209,206
210,206
211,208
212,209
213,207
214,215
215,212
216,212
217,215
218,213
219,219
220,215
221,218
222,217
223,217
224,221
225,222
226,225
227,225
228,222
229,228
230,227
231,229
232,230
233,227
234,232
235,232
236,233
237,233
238,235
239,238
240,236
241,236
242,241
243,238
244,243
245,238
246,243
247,245
248,244
249,250
250,243
251,249
252,252
253,250
254,253
255,252
256,251
257,256
258,255
259,258
260,256
261,255
262,261
263,260
264,260
265,264
266,260
267,267
268,266
269,267
270,271
271,265
272,272
273,270
274,273
275,273
276,275
277,276
278,272
279,276
280,280
281,278
282,280
283,278
284,282
285,282
286,279
287,284
288,283
289,288
290,290
291,288
292,291
293,288
294,292
295,296
296,290
297,295
298,296
299,298
300,298
301,295
302,302
303,299
304,302
305,304
306,303
307,303
308,306
309,306
310,308
311,306
312,306
313,314
314,310
315,314
316,314
317,312
318,317
319,316
320,319
321,320
322,318
323,324
324,319
325,323
326,324
327,321
328,326
329,326
330,327
331,328
332,326
333,333
334,327
335,331
336,333
337,333
338,337
339,333
340,336
341,339
342,336
343,339
344,341
345,344
346,342
347,343
348,348
349,343
350,346
351,348
352,347
353,352
354,347
355,354
356,351
357,354
358,355
359,353
360,359
361,359
362,357
363,361
364,360
365,361
366,364
367,360
368,365
369,367
370,364
371,366
372,366
373,367
374,373
375,372
376,374
377,371
378,375
379,375
380,372
381,379
382,379
383,381
384,379
385,380
386,384
387,381
388,385
389,388
390,384
391,388
392,388
393,389
394,388
395,387
396,395
397,391
398,393
399,398
400,395
401,399
402,396
403,398
404,400
405,399
406,402
407,401
408,407
409,407
410,407
411,406
412,406
413,407
414,412
415,411
416,416
417,414
418,414
419,416
420,412
421,419
422,418
423,419
424,421
425,421
426,419
427,424
428,422
429,426
430,424
431,427
432,433
433,425
434,430
435,432
436,429
437,436
438,431
439,436
440,436
441,437
442,441
443,437
444,441
445,438
446,439
447,444
448,443
449,447
450,443
451,446
452,451
453,448
454,448
455,450
456,448
457,454
458,449
459,454
460,453
461,455
462,459
463,456
464,460
465,457
466,461
467,464
468,461
469,466
470,466
471,464
472,469
473,465
474,470
475,470
476,471
477,475
478,470
479,474
480,474
481,473
482,475
483,476
484,477
485,483
486,480
487,482
488,483
489,484
490,487
491,485
492,486
493,489
494,487
495,491
496,489
497,493
498,493
499,493
500,495
501,495
502,497
503,502
504,500
505,500
506,501
507,504
508,505
509,504
510,507
511,506
512,510
513,510
514,509
515,513
516,508
517,511
518,512
519,511
520,515
521,517
522,516
523,518
524,515
525,521
526,519
527,524
528,526
529,521
530,526
531,527
532,526
533,529
534,527
535,530
536,532
537,532
538,533
539,535
540,534
541,540
542,536
543,538
544,542
545,540
546,542
547,541
548,542
549,546
550,542
551,547
552,547
553,549
554,551
555,548
556,553
557,549
558,552
559,555
560,556
561,559
562,555
563,561
564,558
565,560
566,562
567,561
568,565
569,565
570,563
571,569
572,566
573,567
574,570
575,569
576,570
577,571
578,574
579,572
580,570
581,575
582,575
583,578
584,578
585,579
586,582
587,579
588,585
589,582
590,582
591,588
592,586
593,589
594,591
595,589
596,592
597,589
598,589
599,594
600,592
601,594
602,598
603,595
604,598
605,596
606,601
607,602
608,599
609,605
610,601
611,603
612,607
613,603
614,610
615,610
616,610
617,611
618,608
619,614
620,611
621,616
622,616
623,616
624,619
625,616
626,618
627,620
628,620
629,622
630,622
631,626
632,629
633,627
634,630
635,626
636,631
637,631
638,628
639,635
640,632
641,638
642,635
643,637
644,640
645,638
646,638
647,642
648,641
649,643
650,640
651,644
652,645
653,644
654,647
655,650
656,648
657,650
658,651
659,652
660,656
661,654
662,656
663,659
664,658
665,662
666,656
667,659
668,662
669,663
670,667
671,661
672,665
673,667
674,667
675,669
676,668
677,673
678,673
679,671
680,674
681,675
682,677
683,677
684,678
685,682
686,678
687,682
688,679
689,683
690,687
691,685
692,687
693,685
694,685
695,689
696,691
697,692
698,691
699,692
700,697
701,692
702,695
703,698
704,696
705,702
706,697
707,699
708,704
709,700
710,703
711,706
712,702
713,710
714,707
715,709
716,711
717,709
718,714
719,712
720,715
721,718
722,714
723,720
724,717
725,717
726,720
727,717
728,722
729,722
730,722
731,727
732,723
733,728
734,725
735,729
736,729
737,730
738,731
739,730
740,734
741,734
742,732
743,737
744,734
745,737
746,740
747,738
748,742
749,741
750,745
751,747
752,743
753,745
754,748
755,750
756,751
757,751
758,754
759,752
760,752
761,754
762,754
763,758
764,756
765,758
766,762
767,760
768,758
769,766
770,761
771,765
772,765
773,767
774,772
775,769
776,773
777,772
778,772
779,777
780,771
781,773
782,774
783,776
784,780
785,775
786,780
787,779
788,782
789,786
790,780
791,788
792,787
793,785
794,790
795,786
796,793
797,792
798,792
799,797
800,792
801,795
802,796
803,794
804,802
805,796
806,800
807,801
808,799
809,802
810,803
811,804
812,806
813,804
814,809
815,806
816,811
817,810
818,808
819,814
820,811
821,816
822,819
823,813
824,815
825,817
826,817
827,824
828,819
829,821
830,826
831,821
832,828
833,824
834,827
835,831
836,826
837,835
838,828
839,831
840,833
841,834
842,838
843,837
844,837
845,839
846,836
847,843
848,840
849,842
850,843
851,845
852,843
853,846
854,846
855,850
856,850
857,850
858,851
859,853
860,855
861,851
862,858
863,858
864,856
865,861
866,855
867,860
868,860
869,860
870,865
871,864
872,865
873,864
874,865
875,869
876,869
877,875
878,873
879,869
880,873
881,875
882,876
883,877
884,875
885,881
886,881
887,882
888,881
889,882
890,882
891,885
892,884
893,888
894,886
895,888
896,888
897,888
898,892
899,889
900,893
901,896
902,896
903,900
904,898
905,897
906,899
907,900
908,901
909,902
910,907
911,906
912,905
913,909
914,904
915,912
916,908
917,907
918,911
919,912
920,915
921,915
922,914
923,918
924,914
925,920
926,920
927,921
928,925
929,921
930,925
931,922
932,923
933,927
934,925
935,931
936,930
937,929
938,933
939,931
940,930
941,938
942,931
943,938
944,938
945,936
946,938
947,937
948,942
949,941
950,943
951,945
952,944
953,946
954,946
955,946
956,950
957,947
958,953
959,951
960,953
961,954
962,954
963,957
964,957
965,957
966,962
967,960
968,962
969,962
970,964
971,970
972,963
973,968
974,969
975,968
976,969
977,969
978,971
979,974
980,973
981,976
982,971
983,976
984,980
985,977
986,979
987,978
988,981
989,985
990,981
991,987
992,986
993,984
994,989
995,988
996,987
997,991
998,989
999,995
1000,992
1001,993
1002,999
1003,995
1004,996
1005,996
1006,1001
1007,1001
1008,1002
1009,1005
1010,1002
1011,1002
1012,1006
1013,1005
1014,1008
1015,1007
1016,1007
1017,1017
1018,1009
1019,1010
1020,1010
1021,1014
1022,1019
1023,1015
1024,1017
1025,1020
1026,1021
1027,1023
1028,1021
1029,1024
1030,1025
1031,1025
1032,1026
1033,1026
1034,1026
1035,1029
1036,1027
1037,1030
1038,1029
1039,1033
1040,1034
1041,1032
1042,1037
1043,1035
1044,1035
1045,1038
1046,1036
1047,1041
1048,1042
1049,1042
1050,1047
1051,1043
1052,1044
1053,1045
1054,1046
1055,1051
1056,1047
1057,1049
1058,1052
1059,1053
1060,1053
1061,1054
1062,1054
1063,1057
1064,1057
1065,1060
1066,1057
1067,1061
1068,1061
1069,1063
1070,1065
1071,1062
1072,1064
1073,1070
1074,1064
1075,1070
1076,1067
1077,1069
1078,1072
1079,1072
1080,1075
1081,1075
1082,1075
1083,1075
1084,1074
1085,1081
1086,1077
1087,1080
1088,1085
1089,1080
1090,1083
1091,1087
1092,1083
1093,1086
1094,1088
1095,1089
1096,1089
1097,1086
1098,1094
1099,1089
1100,1095
1101,1093
1102,1092
1103,1097
1104,1093
1105,1095
1106,1100
1107,1098
1108,1100
1109,1099
1110,1102
1111,1107
1112,1104
1113,1107
1114,1104
1115,1110
1116,1111
1117,1106
1118,1113
1119,1109
1120,1113
1121,1118
1122,1114
1123,1116
1124,1118
1125,1120
1126,1119
1127,1119
1128,1122
1129,1121
1130,1122
1131,1127
1132,1124
1133,1127
1134,1128
1135,1126
1136,1129
1137,1130
1138,1128
1139,1131
1140,1132
1141,1132
1142,1135
1143,1133
1144,1136
1145,1136
1146,1140
1147,1138
1148,1141
1149,1143
1150,1142
1151,1146
1152,1143
1153,1145
1154,1149
1155,1146
1156,1148
1157,1150
1158,1151
1159,1156
1160,1150
1161,1154
1162,1154
1163,1152
1164,1156
1165,1155
1166,1157
1167,1160
1168,1156
1169,1160
1170,1160
1171,1165
1172,1163
1173,1166
1174,1169
1175,1167
1176,1171
1177,1171
1178,1167
1179,1172
1180,1172
1181,1173
1182,1175
1183,1172
1184,1177
1185,1179
1186,1178
1187,1181
1188,1179
1189,1182
1190,1183
1191,1183
1192,1187
1193,1187
1194,1187
1195,1189
1196,1185
1197,1190
1198,1188
1199,1192
1200,1196
1201,1190
1202,1196
1203,1193
1204,1195
1205,1201
1206,1196
1207,1203
1208,1198
1209,1199
1210,1205
1211,1200
1212,1205
1213,1205
1214,1205
1215,1207
1216,1208
1217,1209
1218,1209
1219,1209
1220,1215
1221,1213
1222,1217
1223,1212
1224,1214
1225,1217
1226,1217
1227,1219
1228,1220
1229,1218
1230,1226
1231,1221
1232,1224
1233,1225
1234,1224
1235,1225
1236,1229
1237,1227
1238,1231
1239,1230
1240,1232
1241,1229
1242,1234
1243,1235
1244,1234
1245,1238
1246,1235
1247,1241
1248,1241
1249,1238
1250,1241
1251,1244
1252,1242
1253,1245
1254,1242
1255,1250
1256,1247
1257,1249
1258,1251
1259,1248
1260,1254
1261,1251
1262,1255
1263,1255
1264,1252
1265,1260
1266,1257
1267,1259
1268,1261
1269,1263
1270,1264
1271,1264
1272,1261
1273,1267
1274,1267
1275,1267
1276,1269
1277,1268
1278,1272
1279,1270
1280,1269
1281,1276
1282,1275
1283,1278
1284,1278
1285,1276
1286,1279
1287,1278
1288,1278
1289,1283
1290,1280
1291,1285
1292,1281
1293,1287
1294,1288
1295,1286
1296,1287
1297,1286
1298,1289
1299,1293
1300,1291
1301,1293
1302,1291
1303,1297
1304,1297
1305,1293
1306,1300
1307,1298
1308,1302
1309,1300
1310,1299
1311,1305
1312,1304
1313,1303
1314,1309
1315,1304
1316,1307
1317,1309
1318,1308
1319,1310
1320,1309
1321,1311
1322,1316
1323,1314
1324,1318
1325,1318
1326,1320
1327,1320
1328,1317
1329,1322
1330,1321
1331,1324
1332,1324
1333,1321
1334,1326
1335,1325
1336,1326
1337,1328
1338,1328
1339,1330
1340,1332
1341,1335
1342,1336
1343,1332
1344,1335
1345,1333
1346,1338
1347,1339
1348,1338
1349,1340
1350,1339
1351,1343
1352,1347
1353,1342
1354,1345
1355,1346
1356,1349
1357,1349
1358,1345
1359,1351
1360,1351
1361,1349
1362,1354
1363,1352
1364,1358
1365,1357
1366,1354
1367,1358
1368,1358
1369,1358
1370,1364
1371,1359
1372,1365
1373,1365
1374,1363
1375,1366
1376,1367
1377,1368
1378,1367
1379,1366
1380,1374
1381,1370
1382,1374
1383,1376
1384,1373
1385,1378
1386,1376
1387,1379
1388,1377
1389,1376
1390,1380
1391,1380
1392,1381
1393,1384
1394,1384
1395,1387
1396,1383
1397,1386
1398,1390
1399,1387
1400,1392
1401,1390
1402,1391
1403,1396
1404,1394
1405,1396
1406,1396
1407,1399
1408,1399
1409,1398
1410,1404
1411,1401
1412,1403
1413,1403
1414,1404
1415,1405
1416,1407
1417,1408
1418,1410
1419,1408
1420,1412
1421,1414
1422,1411
1423,1413
1424,1413
1425,1417
1426,1419
1427,1417
1428,1420
1429,1418
1430,1421
1431,1421
1432,1421
1433,1426
1434,1427
1435,1424
1436,1427
1437,1427
1438,1430
1439,1426
1440,1428
1441,1433
1442,1433
1443,1434
1444,1433
1445,1437
1446,1436
1447,1434
1448,1439
1449,1437
1450,1441
1451,1441
1452,1441
1453,1444
1454,1441
1455,1447
1456,1446
1457,1446
1458,1449
1459,1448
1460,1447
1461,1450
1462,1453
1463,1449
1464,1457
1465,1453
1466,1455
1467,1455
1468,1455
1469,1457
1470,1456
1471,1462
1472,1463
1473,1462
1474,1467
1475,1463
1476,1465
1477,1467
1478,1466
1479,1472
1480,1471
1481,1470
1482,1473
1483,1472
1484,1472
1485,1473
1486,1478
1487,1476
1488,1476
1489,1479
1490,1476
1491,1482
1492,1480
1493,1483
1494,1486
1495,1485
1496,1485
1497,1487
1498,1483
1499,1491
1500,1488
1501,1492
1502,1490
1503,1490
1504,1495
1505,1491
1506,1492
1507,1498
1508,1497
1509,1496
1510,1502
1511,1497
1512,1504
1513,1504
1514,1505
1515,1505
1516,1502
1517,1510
1518,1506
1519,1507
1520,1509
1521,1510
1522,1515
1523,1512
1524,1515
1525,1515
1526,1513
1527,1517
1528,1515
1529,1517
1530,1518
1531,1520
1532,1524
1533,1520
1534,1526
1535,1524
1536,1523
1537,1526
1538,1529
1539,1527
1540,1533
1541,1530
1542,1534
1543,1534
1544,1533
1545,1535
1546,1532
1547,1537
1548,1536
1549,1538
1550,1541
1551,1537
1552,1544
1553,1544
1554,1544
1555,1545
1556,1543
1557,1547
1558,1547
1559,1547
1560,1549
1561,1549
1562,1554
1563,1552
1564,1550
1565,1554
1566,1552
1567,1557
1568,1559
1569,1558
1570,1562
1571,1559
1572,1563
1573,1563
1574,1560
1575,1567
1576,1563
1577,1564
1578,1567
1579,1567
1580,1572
1581,1570
1582,1570
1583,1575
1584,1570
1585,1573
1586,1576
1587,1577
1588,1577
1589,1576
1590,1578
1591,1581
1592,1580
1593,1582
1594,1583
1595,1584
1596,1582
1597,1586
1598,1589
1599,1588
1600,1585
1601,1591
1602,1587
1603,1589
1604,1594
1605,1594
1606,1597
1607,1596
1608,1596
1609,1599
1610,1597
1611,1603
1612,1598
1613,1604
1614,1605
1615,1601
1616,1606
1617,1604
1618,1609
1619,1607
1620,1606
1621,1614
1622,1606
1623,1612
1624,1612
1625,1611
1626,1614
1627,1616
1628,1617
1629,1617
1630,1616
1631,1622
1632,1620
1633,1623
1634,1621
1635,1620
1636,1626
1637,1623
1638,1626
1639,1626
1640,1626
1641,1630
1642,1627
1643,1629
1644,1634
1645,1632
1646,1635
1647,1635
1648,1636
1649,1637
1650,1639
1651,1638
1652,1640
1653,1639
1654,1645
1655,1641
1656,1643
1657,1646
1658,1643
1659,1646
1660,1648
1661,1651
1662,1652
1663,1651
1664,1652
1665,1654
1666,1653
1667,1657
1668,1656
1669,1659
1670,1655
1671,1661
1672,1664
1673,1660
1674,1665
1675,1661
1676,1666
1677,1665
1678,1664
1679,1668
1680,1665
1681,1666
1682,1672
1683,1671
1684,1673
1685,1674
1686,1671
1687,1679
1688,1675
1689,1677
1690,1679
1691,1679
1692,1682
1693,1681
1694,1682
1695,1687
1696,1680
1697,1686
1698,1686
1699,1687
1700,1690
1701,1686
1702,1689
1703,1691
1704,1691
1705,1694
1706,1690
1707,1696
1708,1694
1709,1695
1710,1701
1711,1698
1712,1702
1713,1698
1714,1702
1715,1703
1716,1700
1717,1704
1718,1703
1719,1707
1720,1708
1721,1708
1722,1712
1723,1711
1724,1710
1725,1713
1726,1713
1727,1718
1728,1715
1729,1713
1730,1718
1731,1720
1732,1720
1733,1720
1734,1717
1735,1725
1736,1722
1737,1726
1738,1727
1739,1725
1740,1728
1741,1729
1742,1727
1743,1731
1744,1729
1745,1731
1746,1735
1747,1733
1748,1738
1749,1735
1750,1737
1751,1736
1752,1736
1753,1743
1754,1738
1755,1741
1756,1743
1757,1741
1758,1747
1759,1743
1760,1749
1761,1749
1762,1746
1763,1750
1764,1748
1765,1751
1766,1750
1767,1751
1768,1757
1769,1752
1770,1759
1771,1759
1772,1759
1773,1763
1774,1759
1775,1762
1776,1764
1777,1761
1778,1763
1779,1764
1780,1765
1781,1769
1782,1765
1783,1770
1784,1768
1785,1767
1786,1775
1787,1775
1788,1776
1789,1776
1790,1776
1791,1779
1792,1776
1793,1782
1794,1780
1795,1782
1796,1784
1797,1783
1798,1787
1799,1789
1800,1786
1801,1790
1802,1788
1803,1790
1804,1792
1805,1787
1806,1793
1807,1792
1808,1795
1809,1798
1810,1794
1811,1799
1812,1799
1813,1802
1814,1803
1815,1797
1816,1801
1817,1801
1818,1803
1819,1807
1820,1805
1821,1808
1822,1807
1823,1808
1824,1812
1825,1810
1826,1812
1827,1811
1828,1814
1829,1818
1830,1812
1831,1820
1832,1821
1833,1816
1834,1819
1835,1822
1836,1819
1837,1822
1838,1820
1839,1825
1840,1824
1841,1828
1842,1828
1843,1827
1844,1830
1845,1832
1846,1832
1847,1836
1848,1834
1849,1836
1850,1836
1851,1836
1852,1840
1853,1835
1854,1839
1855,1840
1856,1842
1857,1844
1858,1842
1859,1843
1860,1844
1861,1844
1862,1849
1863,1848
1864,1851
1865,1850
1866,1849
1867,1854
1868,1854
1869,1853
1870,1853
1871,1857
1872,1858
1873,1859
1874,1861
1875,1860
1876,1858
1877,1863
1878,1863
1879,1863
1880,1866
1881,1865
1882,1866
1883,1869
1884,1866
1885,1873
1886,1869
1887,1872
1888,1873
1889,1866
1890,1876
1891,1875
1892,1876
1893,1879
1894,1876
1895,1881
1896,1881
1897,1884
1898,1882
1899,1882
1900,1886
1901,1885
1902,1886
1903,1888
1904,1887
1905,1890
1906,1891
1907,1894
1908,1894
1909,1895
1910,1897
1911,1896
1912,1898
1913,1902
1914,1896
1915,1902
1916,1897
1917,1903
1918,1905
1919,1901
1920,1909
1921,1904
1922,1906
1923,1912
1924,1909
1925,1909
1926,1914
1927,1910
1928,1914
1929,1912
1930,1916
1931,1920
1932,1914
1933,1921
1934,1917
1935,1918
1936,1921
1937,1922
1938,1923
1939,1927
1940,1925
1941,1926
1942,1924
1943,1931
1944,1929
1945,1929
1946,1935
1947,1933
1948,1936
1949,1935
1950,1932
1951,1937
1952,1934
1953,1937
1954,1937
1955,1939
1956,1942
1957,1939
1958,1943
1959,1945
1960,1945
1961,1947
1962,1945
1963,1947
1964,1948
1965,1949
1966,1953
1967,1952
1968,1955
1969,1950
1970,1951
1971,1959
1972,1959
1973,1958
1974,1962
1975,1956
1976,1961
1977,1964
1978,1963
1979,1967
1980,1963
1981,1964
1982,1968
1983,1967
1984,1970
1985,1968
1986,1974
1987,1970
1988,1970
1989,1974
1990,1972
1991,1974
1992,1978
1993,1976
1994,1978
1995,1976
1996,1982
1997,1983
1998,1980
1999,1983
2000,1979
2001,1988
2002,1988
2003,1987
2004,1992
2005,1988
2006,1990
2007,1992
2008,1990
2009,1994
2010,1991
2011,1996
2012,1997
2013,1998
2014,1997
2015,1999
2016,2002
2017,2003
2018,2005
2019,2005
2020,2009
2021,2005
2022,2006
2023,2009
2024,2009
2025,2011
2026,2012
2027,2012
2028,2013
2029,2016
2030,2018
2031,2016
2032,2019
2033,2019
2034,2020
2035,2023
2036,2020
2037,2020
2038,2024
2039,2021
2040,2025
2041,2026
2042,2030
2043,2030
2044,2028
2045,2033
2046,2028
2047,2031
2048,2032
2049,2034
2050,2039
2051,2034
2052,2037
2053,2036
2054,2041
2055,2041
2056,2041
2057,2042
2058,2041
2059,2043
2060,2050
2061,2044
2062,2048
2063,2046
2064,2049
2065,2052
2066,2052
2067,2052
2068,2054
2069,2049
2070,2057
2071,2059
2072,2054
2073,2060
2074,2056
2075,2060
2076,2062
2077,2063
2078,2066
2079,2061
2080,2066
2081,2064
2082,2064
2083,2072
2084,2069
2085,2069
2086,2070
2087,2073
2088,2075
2089,2074
2090,2074
2091,2075
2092,2075
2093,2080
2094,2077
2095,2079
2096,2081
2097,2080
2098,2082
2099,2084
2100,2086
2101,2084
2102,2086
2103,2089
2104,2085
2105,2092
2106,2093
2107,2088
2108,2095
2109,2093
2110,2094
2111,2095
2112,2097
2113,2098
2114,2101
2115,2100
2116,2101
2117,2102
2118,2101
2119,2101
2120,2100
2121,2110
2122,2104
2123,2108
2124,2109
2125,2110
2126,2111
2127,2109
2128,2111
2129,2113
2130,2114
2131,2115
2132,2114
2133,2116
2134,2121
2135,2116
2136,2122
2137,2118
2138,2123
2139,2126
2140,2120
2141,2125
2142,2125
2143,2125
2144,2132
2145,2128
2146,2130
2147,2129
2148,2130
2149,2136
2150,2134
2151,2137
2152,2135
2153,2138
2154,2138
2155,2136
2156,2142
2157,2141
2158,2141
2159,2145
2160,2142
2161,2145
2162,2149
2163,2146
2164,2148
2165,2147
2166,2148
2167,2150
2168,2152
2169,2155
2170,2155
2171,2152
2172,2156
2173,2153
2174,2157
2175,2161
2176,2159
2177,2162
2178,2160
2179,2163
2180,2162
2181,2162
2182,2166
2183,2163
2184,2168
2185,2171
2186,2169
2187,2171
2188,2169
2189,2176
2190,2172
2191,2170
2192,2178
2193,2174
2194,2178
2195,2180
2196,2179
2197,2182
2198,2178
2199,2184
2200,2183
2201,2181
2202,2187
2203,2184
2204,2188
2205,2191
2206,2187
2207,2192
2208,2191
2209,2190
2210,2196
2211,2191
2212,2197
2213,2195
2214,2194
2215,2201
2216,2196
2217,2201
2218,2201
2219,2202
2220,2206
2221,2205
2222,2207
2223,2205
2224,2203
2225,2212
2226,2207
2227,2210
2228,2213
2229,2209
2230,2214
2231,2216
2232,2214
2233,2216
2234,2217
2235,2218
2236,2218
2237,2220
2238,2221
2239,2222
2240,2222
2241,2223
2242,2227
2243,2229
2244,2227
2245,2228
2246,2226
2247,2229
2248,2232
2249,2230
2250,2235
2251,2234
2252,2234
2253,2238
2254,2234
2255,2240
2256,2242
2257,2237
2258,2241
2259,2243
2260,2242
2261,2244
2262,2243
2263,2244
2264,2248
2265,2250
2266,2253
2267,2246
2268,2251
2269,2253
2270,2254
2271,2256
2272,2256
2273,2256
2274,2257
2275,2254
2276,2260
2277,2256
2278,2262
2279,2262
2280,2261
2281,2264
2282,2265
2283,2266
2284,2269
2285,2266
2286,2269
2287,2270
2288,2271
2289,2272
2290,2270
2291,2278
2292,2272
2293,2277
2294,2276
2295,2278
2296,2281
2297,2279
2298,2281
2299,2284
2300,2281
2301,2284
2302,2285
2303,2285
2304,2292
2305,2288
2306,2288
2307,2290
2308,2291
2309,2292
2310,2289
2311,2293
2312,2296
2313,2292
2314,2297
2315,2295
2316,2301
2317,2302
2318,2297
2319,2303
2320,2300
2321,2304
2322,2307
2323,2306
2324,2310
2325,2308
2326,2309
2327,2313
2328,2311
2329,2315
2330,2312
2331,2313
2332,2314
2333,2313
2334,2317
2335,2317
2336,2319
2337,2323
2338,2319
2339,2322
2340,2324
2341,2325
2342,2327
2343,2326
2344,2327
2345,2331
2346,2325
2347,2331
2348,2330
2349,2331
2350,2332
2351,2332
2352,2338
2353,2335
2354,2339
2355,2338
2356,2337
2357,2343
2358,2340
2359,2339
2360,2342
2361,2340
2362,2347
2363,2343
2364,2347
2365,2350
2366,2346
2367,2349
2368,2352
2369,2352
2370,2356
2371,2353
2372,2354
2373,2355
2374,2358
2375,2360
2376,2354
2377,2363
2378,2361
2379,2362
2380,2367
2381,2362
2382,2364
2383,2367
2384,2364
2385,2368
2386,2365
2387,2372
2388,2372
2389,2369
2390,2376
2391,2374
2392,2373
2393,2377
2394,2377
2395,2381
2396,2380
2397,2380
2398,2384
2399,2377
2400,2382
2401,2382
2402,2385
2403,2388
2404,2384
2405,2386
2406,2388
2407,2387
2408,2392
2409,2391
2410,2394
2411,2394
2412,2393
2413,2396
2414,2392
2415,2399
2416,2397
2417,2400
2418,2402
2419,2399
2420,2404
2421,2402
2422,2400
2423,2408
2424,2403
2425,2406
2426,2408
2427,2406
2428,2413
2429,2408
2430,2414
2431,2412
2432,2412
2433,2415
2434,2412
2435,2418
2436,2420
2437,2415
2438,2420
2439,2420
2440,2418
2441,2425
2442,2421
2443,2424
2444,2427
2445,2427
2446,2425
2447,2424
2448,2431
2449,2429
2450,2431
2451,2433
2452,2434
2453,2436
2454,2439
2455,2437
2456,2441
2457,2436
2458,2441
2459,2441
2460,2440
2461,2445
2462,2441
2463,2445
2464,2448
2465,2442
2466,2450
2467,2448
2468,2451
2469,2449
2470,2447
2471,2455
2472,2452
2473,2454
2474,2455
2475,2456
2476,2456
2477,2457
2478,2459
2479,2459
2480,2457
2481,2464
2482,2461
2483,2463
2484,2469
2485,2467
2486,2465
2487,2468
2488,2465
2489,2473
2490,2473
2491,2471
2492,2477
2493,2471
2494,2476
2495,2473
2496,2477
2497,2479
2498,2479
2499,2483
2500,2479
2501,2483
2502,2482
2503,2483
2504,2487
2505,2487
2506,2484
2507,2488
2508,2485
2509,2493
2510,2491
2511,2492
2512,2493
2513,2492
2514,2497
2515,2495
2516,2493
2517,2497
2518,2498
2519,2502
2520,2502
2521,2503
2522,2502
2523,2501
2524,2505
2525,2507
2526,2509
2527,2508
2528,2508
2529,2512
2530,2514
2531,2512
2532,2515
2533,2512
2534,2512
2535,2520
2536,2514
2537,2518
2538,2521
2539,2519
2540,2524
2541,2519
2542,2526
2543,2524
2544,2522
2545,2526
2546,2526
2547,2527
2548,2533
2549,2530
2550,2535
2551,2529
2552,2533
2553,2535
2554,2533
2555,2537
2556,2534
2557,2536
2558,2543
2559,2538
2560,2545
2561,2541
2562,2541
2563,2547
2564,2544
2565,2548
2566,2547
2567,2546
2568,2548
2569,2551
2570,2553
2571,2552
2572,2554
2573,2556
2574,2555
2575,2557
2576,2555
2577,2560
2578,2562
2579,2560
2580,2563
2581,2561
2582,2559
2583,2567
2584,2565
2585,2565
2586,2567
2587,2566
2588,2571
2589,2566
2590,2572
2591,2572
2592,2570
2593,2575
2594,2575
2595,2576
2596,2576
2597,2578
2598,2578
2599,2582
2600,2581
2601,2581
2602,2579
2603,2583
2604,2583
2605,2585
2606,2591
2607,2586
2608,2591
2609,2586
2610,2588
2611,2592
2612,2594
2613,2592
2614,2592
2615,2594
2616,2598
2617,2596
2618,2598
2619,2598
2620,2598
2621,2605
2622,2600
2623,2599
2624,2604
2625,2606
2626,2603
2627,2609
2628,2609
2629,2609
2630,2609
2631,2610
2632,2614
2633,2610
2634,2615
2635,2616
2636,2617
2637,2616
2638,2615
2639,2620
2640,2619
2641,2621
2642,2621
2643,2622
2644,2627
2645,2624
2646,2628
2647,2626
2648,2628
2649,2630
2650,2625
2651,2632
2652,2631
2653,2630
2654,2636
2655,2631
2656,2638
2657,2638
2658,2638
2659,2640
2660,2639
2661,2644
2662,2641
2663,2638
2664,2647
2665,2642
2666,2642
2667,2649
2668,2644
2669,2650
2670,2652
2671,2648
2672,2651
2673,2652
2674,2651
2675,2657
2676,2652
2677,2656
2678,2655
2679,2660
2680,2660
2681,2660
2682,2662
2683,2664
2684,2665
2685,2666
2686,2661
2687,2668
2688,2665
2689,2667
2690,2669
2691,2665
2692,2674
2693,2670
2694,2672
2695,2675
2696,2673
2697,2679
2698,2676
2699,2679
2700,2679
2701,2678
2702,2682
2703,2683
2704,2681
2705,2685
2706,2684
2707,2686
2708,2686
2709,2688
2710,2692
2711,2688
2712,2693
2713,2689
2714,2696
2715,2695
2716,2693
2717,2693
2718,2696
2719,2692
2720,2700
2721,2702
2722,2696
2723,2704
2724,2702
2725,2706
2726,2706
2727,2708
2728,2709
2729,2705
2730,2711
2731,2712
2732,2708
2733,2713
2734,2713
2735,2715
2736,2712
2737,2712
2738,2716
2739,2717
2740,2717
2741,2721
2742,2719
2743,2722
2744,2721
2745,2722
2746,2723
2747,2726
2748,2724
2749,2728
2750,2727
2751,2732
2752,2730
2753,2732
2754,2732
2755,2733
2756,2736
2757,2735
2758,2736
2759,2732
2760,2741
2761,2738
2762,2739
2763,2739
2764,2743
2765,2742
2766,2747
2767,2746
2768,2747
2769,2746
2770,2749
2771,2752
2772,2748
2773,2749
2774,2756
2775,2751
2776,2755
2777,2751
2778,2758
2779,2761
2780,2754
2781,2759
2782,2757
2783,2761
2784,2765
2785,2762
2786,2764
2787,2766
2788,2769
2789,2771
2790,2768
2791,2772
2792,2769
2793,2770
2794,2774
2795,2772
2796,2775
2797,2777
2798,2775
2799,2781
2800,2777
2801,2780
2802,2783
2803,2779
2804,2784
2805,2782
2806,2787
2807,2787
2808,2785
2809,2791
2810,2791
2811,2788
2812,2794
2813,2788
2814,2795
2815,2791
2816,2792
2817,2798
2818,2795
2819,2801
2820,2800
2821,2799
2822,2801
2823,2802
2824,2803
2825,2804
2826,2802
2827,2806
2828,2806
2829,2807
2830,2808
2831,2809
2832,2812
2833,2813
2834,2812
2835,2815
2836,2812
2837,2815
2838,2817
2839,2818
2840,2817
2841,2818
2842,2820
2843,2821
2844,2823
2845,2823
2846,2822
2847,2824
2848,2822
2849,2827
2850,2827
2851,2828
2852,2834
2853,2828
2854,2830
2855,2831
2856,2834
2857,2837
2858,2834
2859,2834
2860,2842
2861,2839
2862,2841
2863,2842
2864,2841
2865,2845
2866,2845
2867,2845
2868,2845
2869,2846
2870,2848
2871,2848
2872,2850
2873,2850
2874,2849
2875,2854
2876,2854
2877,2856
2878,2858
2879,2855
2880,2856
2881,2856
2882,2859
2883,2860
2884,2859
2885,2866
2886,2863
2887,2862
2888,2864
2889,2867
2890,2872
2891,2865
2892,2868
2893,2871
2894,2869
2895,2874
2896,2873
2897,2874
2898,2878
2899,2877
2900,2875
2901,2876
2902,2878
2903,2883
2904,2879
2905,2884
2906,2887
2907,2883
2908,2888
2909,2883
2910,2885
2911,2888
2912,2886
2913,2893
2914,2890
2915,2893
2916,2893
2917,2890
2918,2899
2919,2897
2920,2895
2921,2903
2922,2895
2923,2899
2924,2902
2925,2901
2926,2907
2927,2904
2928,2905
2929,2905
2930,2908
2931,2911
2932,2910
2933,2911
2934,2910
2935,2913
2936,2914
2937,2915
2938,2914
2939,2916
2940,2916
2941,2920
2942,2915
2943,2922
2944,2918
2945,2920
2946,2925
2947,2924
2948,2928
2949,2929
2950,2924
2951,2928
2952,2929
2953,2928
2954,2930
2955,2933
2956,2932
2957,2932
2958,2933
2959,2936
2960,2935
2961,2940
2962,2941
2963,2937
2964,2945
2965,2938
2966,2946
2967,2945
2968,2946
2969,2948
2970,2944
2971,2947
2972,2951
2973,2949
2974,2954
2975,2951
2976,2954
2977,2952
2978,2951
2979,2956
2980,2954
2981,2959
2982,2959
2983,2960
2984,2963
2985,2961
2986,2965
2987,2966
2988,2962
2989,2968
2990,2964
2991,2970
2992,2967
2993,2966
2994,2971
2995,2970
2996,2973
2997,2976
2998,2975
2999,2974
3000,2978
3001,2978
3002,2979
3003,2977
3004,2982
3005,2986
3006,2983
3007,2983
3008,2983
3009,2984
3010,2989
3011,2986
3012,2991
3013,2987
3014,2992
3015,2991
3016,2992
3017,2997
3018,2996
3019,2995
3020,2996
3021,2995
3022,2998
3023,2997
3024,3003
3025,3005
3026,2997
3027,3008
3028,3006
3029,3008
3030,3011
3031,3008
3032,3010
3033,3013
3034,3010
3035,3016
3036,3013
3037,3013
3038,3011
3039,3009
3040,3018
3041,3014
3042,3020
3043,3020
3044,3018
3045,3021
3046,3021
3047,3022
3048,3027
3049,3026
3050,3027
3051,3028
3052,3027
3053,3033
3054,3031
3055,3031
3056,3034
3057,3033
3058,3039
3059,3032
3060,3037
3061,3038
3062,3035
3063,3043
3064,3037
3065,3040
3066,3044
3067,3043
3068,3048
3069,3045
3070,3050
3071,3046
3072,3049
3073,3050
3074,3046
3075,3054
3076,3050
3077,3053
3078,3058
3079,3052
3080,3056
3081,3055
3082,3059
3083,3061
3084,3057
3085,3060
3086,3061
3087,3061
3088,3066
3089,3068
3090,3065
3091,3066
3092,3067
3093,3072
3094,3071
3095,3071
3096,3074
3097,3070
3098,3072
3099,3077
3100,3073
3101,3078
3102,3078
3103,3081
3104,3081
3105,3079
3106,3085
3107,3079
3108,3083
3109,3083
3110,3086
3111,3086
3112,3086
3113,3090
3114,3090
3115,3087
3116,3093
3117,3092
3118,3092
3119,3098
3120,3091
3121,3097
3122,3099
3123,3101
3124,3102
3125,3098
3126,3105
3127,3102
3128,3102
3129,3108
3130,3103
3131,3109
3132,3109
3133,3108
3134,3110
3135,3109
3136,3113
3137,3116
3138,3110
3139,3111
3140,3115
3141,3114
3142,3121
3143,3115
3144,3122
3145,3122
3146,3120
3147,3126
3148,3121
3149,3127
3150,3126
3151,3127
3152,3130
3153,3130
3154,3131
3155,3132
3156,3133
3157,3133
3158,3129
3159,3132
3160,3138
3161,3135
3162,3141
3163,3140
3164,3142
3165,3141
3166,3139
3167,3144
3168,3139
3169,3148
3170,3147
3171,3145
3172,3148
3173,3145
3174,3151
3175,3151
3176,3150
3177,3156
3178,3151
3179,3154
3180,3153
3181,3157
3182,3155
3183,3161
3184,3158
3185,3163
3186,3160
3187,3165
3188,3167
3189,3164
3190,3167
3191,3169
3192,3168
3193,3169
3194,3170
3195,3172
3196,3171
3197,3173
3198,3173
3199,3170
3200,3175
3201,3175
3202,3175
3203,3178
3204,3175
3205,3180
3206,3181
3207,3183
3208,3187
3209,3182
3210,3186
3211,3187
3212,3186
3213,3189
3214,3190
3215,3193
3216,3190
3217,3189
3218,3196
3219,3191
3220,3197
3221,3197
3222,3193
3223,3201
3224,3195
3225,3200
3226,3199
3227,3201
3228,3201
3229,3204
3230,3206
3231,3207
3232,3204
3233,3208
3234,3211
3235,3208
3236,3213
3237,3211
3238,3213
3239,3215
3240,3217
3241,3220
3242,3217
3243,3215
3244,3216
3245,3217
3246,3221
3247,3223
3248,3223
3249,3221
3250,3225
3251,3226
3252,3225
3253,3225
3254,3231
3255,3227
3256,3231
3257,3232
3258,3232
3259,3234
3260,3234
3261,3238
3262,3235
3263,3235
3264,3236
3265,3236
3266,3243
3267,3241
3268,3241
3269,3241
3270,3239
3271,3245
3272,3246
3273,3245
3274,3249
3275,3252
3276,3253
3277,3253
3278,3248
3279,3256
3280,3253
3281,3259
3282,3261
3283,3254
3284,3262
3285,3260
3286,3260
3287,3261
3288,3259
3289,3265
3290,3264
3291,3266
3292,3269
3293,3268
3294,3272
3295,3268
3296,3274
3297,3273
3298,3270
3299,3277
3300,3275
3301,3275
3302,3279
3303,3274
3304,3277
3305,3278
3306,3280
3307,3286
3308,3280
3309,3284
3310,3286
3311,3285
3312,3286
3313,3283
3314,3289
3315,3291
3316,3289
3317,3295
3318,3291
3319,3295
3320,3294
3321,3293
3322,3295
3323,3299
3324,3299
3325,3302
3326,3298
3327,3301
3328,3305
3329,3303
3330,3308
3331,3303
3332,3309
3333,3308
3334,3305
3335,3312
3336,3309
3337,3309
3338,3311
3339,3315
3340,3314
3341,3316
3342,3315
3343,3320
3344,3316
3345,3320
3346,3317
3347,3320
3348,3324
3349,3324
3350,3325
3351,3323
3352,3329
3353,3327
3354,3326
3355,3333
3356,3328
3357,3331
3358,3331
3359,3333
3360,3336
3361,3335
3362,3339
3363,3339
3364,3337
3365,3339
3366,3338
3367,3340
3368,3341
3369,3344
3370,3348
3371,3348
3372,3346
3373,3349
3374,3344
3375,3350
3376,3354
3377,3351
3378,3352
3379,3352
3380,3352
3381,3355
3382,3353
3383,3357
3384,3359
3385,3361
3386,3360
3387,3361
3388,3364
3389,3363
3390,3363
3391,3364
3392,3364
3393,3370
3394,3365
3395,3369
3396,3372
3397,3367
3398,3373
3399,3374
3400,3371
3401,3377
3402,3376
3403,3380
3404,3375
3405,3381
3406,3383
3407,3379
3408,3381
3409,3383
3410,3385
3411,3385
3412,3381
3413,3386
3414,3388
3415,3387
3416,3392
3417,3391
3418,3389
3419,3395
3420,3391
3421,3394
3422,3397
3423,3393
3424,3400
3425,3394
3426,3400
3427,3400
3428,3400
3429,3406
3430,3403
3431,3407
3432,3408
3433,3404
3434,3409
3435,3409
3436,3408
3437,3408
3438,3408
3439,3411
3440,3413
3441,3417
3442,3414
3443,3417
3444,3420
3445,3415
3446,3420
3447,3418
3448,3420
3449,3427
3450,3419
3451,3424
3452,3423
3453,3426
3454,3428
3455,3425
3456,3433
3457,3428
3458,3428
3459,3433
3460,3431
3461,3434
3462,3433
3463,3436
3464,3440
3465,3437
3466,3435
3467,3443
3468,3438
3469,3440
3470,3444
3471,3443
3472,3445
3473,3444
3474,3448
3475,3448
3476,3445
3477,3448
3478,3447
3479,3452
3480,3453
3481,3453
3482,3454
3483,3453
3484,3455
3485,3458
3486,3456
3487,3460
3488,3458
3489,3463
3490,3462
3491,3460
3492,3467
3493,3466
3494,3469
3495,3468
3496,3469
3497,3472
3498,3468
3499,3474
3500,3476
3501,3475
3502,3475
3503,3473
3504,3477
3505,3480
3506,3478
3507,3481
3508,3481
3509,3477
3510,3483
3511,3483
3512,3481
3513,3489
3514,3485
3515,3487
3516,3489
3517,3487
3518,3494
3519,3488
3520,3495
3521,3493
3522,3492
3523,3494
3524,3497
3525,3497
3526,3495
3527,3498
3528,3499
3529,3501
3530,3504
3531,3504
3532,3506
3533,3505
3534,3506
3535,3511
3536,3506
3537,3510
3538,3510
3539,3513
3540,3515
3541,3515
3542,3512
3543,3516
3544,3514
3545,3518
3546,3517
3547,3516
3548,3522
3549,3522
3550,3522
3551,3524
3552,3522
3553,3529
3554,3527
3555,3527
3556,3526
3557,3526
3558,3532
3559,3535
3560,3533
3561,3534
3562,3533
3563,3534
3564,3534
3565,3537
3566,3540
3567,3539
3568,3543
3569,3543
3570,3539
3571,3548
3572,3544
3573,3547
3574,3549
3575,3544
3576,3552
3577,3549
3578,3553
3579,3554
3580,3553
3581,3556
3582,3549
3583,3557
3584,3559
3585,3556
3586,3558
3587,3558
3588,3558
3589,3559
3590,3558
3591,3566
3592,3560
3593,3564
3594,3566
3595,3567
3596,3569
3597,3569
3598,3569
3599,3569
3600,3573
3601,3575
3602,3578
3603,3574
3604,3578
3605,3575
3606,3577
3607,3582
3608,3579
3609,3584
3610,3582
3611,3585
3612,3585
3613,3580
3614,3586
3615,3588
3616,3587
3617,3592
3618,3587
3619,3593
3620,3590
3621,3594
3622,3597
3623,3594
3624,3595
3625,3593
3626,3597
3627,3602
3628,3596
3629,3602
3630,3604
3631,3602
3632,3606
3633,3602
3634,3609
3635,3605
3636,3607
3637,3607
3638,3607
3639,3611
3640,3613
3641,3614
3642,3617
3643,3613
3644,3616
3645,3620
3646,3615
3647,3618
3648,3619
3649,3619
3650,3620
3651,3623
3652,3623
3653,3622
3654,3623
3655,3626
3656,3627
3657,3628
3658,3628
3659,3631
3660,3635
3661,3632
3662,3631
3663,3634
3664,3635
3665,3637
3666,3635
3667,3641
3668,3636
3669,3637
3670,3641
3671,3642
3672,3642
3673,3642
3674,3644
3675,3648
3676,3643
3677,3649
3678,3647
3679,3650
3680,3653
3681,3649
3682,3653
3683,3652
3684,3654
3685,3656
3686,3652
3687,3661
3688,3661
3689,3656
3690,3665
3691,3662
3692,3661
3693,3664
3694,3663
3695,3666
3696,3666
3697,3669
3698,3669
3699,3668
3700,3671
3701,3672
3702,3673
3703,3672
3704,3673
3705,3675
3706,3678
3707,3675
3708,3680
3709,3678
3710,3683
3711,3686
3712,3682
3713,3686
3714,3684
3715,3687
3716,3687
3717,3688
3718,3687
3719,3691
3720,3687
3721,3690
3722,3693
3723,3693
3724,3691
3725,3697
3726,3695
3727,3698
3728,3701
3729,3698
3730,3700
3731,3703
3732,3700
3733,3703
3734,3706
3735,3703
3736,3709
3737,3704
3738,3709
3739,3709
3740,3709
3741,3710
3742,3713
3743,3711
3744,3718
3745,3711
3746,3718
3747,3714
3748,3720
3749,3722
3750,3716
3751,3723
3752,3721
3753,3722
3754,3723
3755,3724
3756,3725
3757,3727
3758,3726
3759,3729
3760,3727
3761,3732
3762,3730
3763,3730
3764,3741
3765,3735
3766,3737
3767,3739
3768,3735
3769,3738
3770,3737
3771,3738
3772,3743
3773,3742
3774,3746
3775,3741
3776,3746
3777,3748
3778,3748
3779,3749
3780,3751
3781,3754
3782,3751
3783,3753
3784,3756
3785,3753
3786,3759
3787,3757
3788,3761
3789,3762
3790,3757
3791,3759
3792,3762
3793,3763
3794,3762
3795,3767
3796,3765
3797,3767
3798,3767
3799,3768
3800,3769
3801,3769
3802,3774
3803,3774
3804,3776
3805,3777
3806,3774
3807,3777
3808,3775
3809,3779
3810,3781
3811,3781
3812,3786
3813,3781
3814,3785
3815,3785
3816,3787
3817,3786
3818,3786
3819,3791
3820,3789
3821,3788
3822,3795
3823,3794
3824,3793
3825,3797
3826,3793
3827,3795
3828,3796
3829,3801
3830,3800
3831,3799
3832,3804
3833,3803
3834,3803
3835,3806
3836,3806
3837,3808
3838,3811
3839,3809
3840,3813
3841,3810
3842,3813
3843,3811
3844,3815
3845,3814
3846,3815
3847,3815
3848,3820
3849,3817
3850,3822
3851,3822
3852,3823
3853,3824
3854,3821
3855,3825
3856,3827
3857,3825
3858,3829
3859,3829
3860,3830
3861,3833
3862,3829
3863,3837
3864,3831
3865,3838
3866,3835
3867,3837
3868,3841
3869,3839
3870,3840
3871,3838
3872,3839
3873,3844
3874,3845
3875,3848
3876,3846
3877,3847
3878,3848
3879,3845
3880,3849
3881,3853
3882,3848
3883,3855
3884,3852
3885,3852
3886,3860
3887,3855
3888,3860
3889,3861
3890,3860
3891,3864
3892,3860
3893,3866
3894,3861
3895,3865
3896,3867
3897,3864
3898,3865
3899,3868
3900,3868
3901,3874
3902,3867
3903,3874
3904,3873
3905,3873
3906,3878
3907,3875
3908,3875
3909,3876
3910,3876
3911,3885
3912,3879
3913,3883
3914,3883
3915,3882
3916,3883
3917,3887
3918,3889
3919,3888
3920,3888
3921,3893
3922,3888
3923,3893
3924,3893
3925,3892
3926,3899
3927,3896
3928,3897
3929,3900
3930,3896
3931,3900
3932,3902
3933,3899
3934,3904
3935,3904
3936,3907
3937,3905
3938,3907
3939,3907
3940,3905
3941,3909
3942,3913
3943,3908
3944,3917
3945,3914
3946,3916
3947,3920
3948,3917
3949,3922
3950,3917
3951,3921
3952,3924
3953,3920
3954,3923
3955,3923
3956,3923
3957,3929
3958,3925
3959,3929
3960,3927
3961,3929
3962,3935
3963,3928
3964,3933
3965,3934
3966,3934
3967,3936
3968,3935
3969,3939
3970,3941
3971,3939
3972,3942
3973,3943
3974,3940
3975,3947
3976,3940
3977,3949
3978,3945
3979,3948
3980,3948
3981,3947
3982,3950
3983,3953
3984,3951
3985,3954
3986,3955
3987,3956
3988,3954
3989,3955
3990,3963
3991,3960
3992,3959
3993,3962
3994,3963
3995,3964
3996,3960
3997,3967
3998,3965
3999,3966
4000,3969
4001,3967
4002,3969
4003,3971
4004,3971
4005,3976
4006,3974
4007,3975
4008,3977
4009,3976
4010,3981
4011,3978
4012,3982
4013,3982
4014,3984
4015,3983
4016,3984
4017,3986
4018,3987
4019,3985
4020,3986
4021,3987
4022,3991
4023,3994
4024,3990
4025,3995
4026,3995
4027,3993
4028,3997
4029,3997
4030,4000
4031,4001
4032,3996
4033,4001
4034,4003
4035,4004
4036,4009
4037,4001
4038,4007
4039,4004
4040,4008
4041,4013
4042,4006
4043,4016
4044,4009
4045,4013
4046,4017
4047,4014
4048,4020
4049,4019
4050,4016
4051,4019
4052,4019
4053,4022
4054,4023
4055,4022
4056,4026
4057,4021
4058,4025
4059,4027
4060,4030
4061,4033
4062,4029
4063,4034
4064,4032
4065,4032
4066,4037
4067,4034
4068,4033
4069,4042
4070,4038
4071,4038
4072,4037
4073,4040
4074,4043
4075,4043
4076,4047
4077,4047
4078,4045
4079,4052
4080,4045
4081,4054
4082,4048
4083,4053
4084,4052
4085,4050
4086,4053
4087,4053
4088,4059
4089,4057
4090,4053
4091,4059
4092,4054
4093,4056
4094,4056
4095,4053
