0,6
1,7
2,9
3,7
4,5
5,5
6,9
7,8
8,8
9,9
10,13
11,10
12,13
13,13
14,15
15,18
16,16
17,19
18,20
19,23
20,23
21,23
22,23
23,23
24,28
25,26
26,28
27,32
28,28
29,29
30,33
31,30
32,35
33,31
34,38
35,36
36,34
37,40
38,39
39,39
40,39
41,39
42,47
43,45
44,46
45,47
46,44
47,48
48,47
49,49
50,52
51,50
52,57
53,54
54,54
55,57
56,57
57,59
58,58
59,58
60,62
61,61
62,63
63,61
64,66
65,66
66,67
67,68
68,67
69,70
70,70
71,70
72,72
73,71
74,76
75,76
76,73
77,74
78,79
79,77
80,82
81,83
82,82
83,86
84,81
85,85
86,87
87,87
88,91
89,86
90,89
91,92
92,89
93,97
94,92
95,98
96,98
97,97
98,98
99,99
100,100
101,102
102,102
103,103
104,100
105,104
106,108
107,103
108,112
109,109
110,110
111,109
112,111
113,114
114,113
115,113
116,115
117,118
118,119
119,116
120,121
121,122
122,118
123,124
124,119
125,128
126,126
127,124
128,130
129,128
130,127
131,130
132,129
133,135
134,130
135,133
136,136
137,136
138,140
139,140
140,138
141,143
142,138
143,144
144,146
145,143
146,144
147,146
148,147
149,146
150,145
151,151
152,150
153,154
154,154
155,155
156,155
157,156
158,157
159,159
160,157
161,163
162,161
163,164
164,162
165,164
166,169
167,164
168,167
169,170
170,166
171,173
172,173
173,170
174,178
175,172
176,179
177,175
178,178
179,181
180,175
181,182
182,179
183,183
184,184
185,181
186,183
187,186
188,186
189,190
190,185
191,188
192,190
193,192
194,196
195,192
196,193
197,199
198,197
199,199
200,195
201,197
202,205
203,199
204,206
205,201
206,202
207,205
208,207
209,207
210,207
211,206
212,211
213,210
214,212
215,214
216,212
217,214
218,213
219,217
220,221
221,220
222,220
223,220
224,222
225,224
226,222
227,227
228,222
229,230
230,227
231,227
232,233
233,230
234,233
235,231
236,231
237,234
238,236
239,237
240,239
241,239
242,243
243,238
244,243
245,245
246,241
247,248
248,244
249,249
250,247
251,251
252,254
253,250
254,253
255,257
256,257
257,257
258,259
259,254
260,259
261,256
262,260
263,263
264,260
265,263
266,265
267,264
268,267
269,264
270,269
271,269
272,272
273,272
274,274
275,274
276,273
277,275
278,278
279,278
280,281
281,277
282,279
283,286
284,282
285,285
286,283
287,285
288,287
289,286
290,292
291,289
292,292
293,294
294,292
295,293
296,295
297,296
298,301
299,298
300,300
301,301
302,302
303,302
304,302
305,303
306,305
307,306
308,306
309,306
310,305
311,311
312,307
313,311
314,314
315,315
316,316
317,314
318,319
319,315
320,316
321,322
322,316
323,319
324,321
325,320
326,324
327,325
328,327
329,326
330,327
331,332
332,327
333,332
334,333
335,330
336,338
337,332
338,338
339,337
340,334
341,340
342,337
343,345
344,341
345,339
346,348
347,343
348,348
349,345
350,347
351,349
352,351
353,351
354,351
355,351
356,357
357,352
358,356
359,357
360,355
361,359
362,356
363,359
364,361
365,359
366,365
367,366
368,362
369,370
370,367
371,368
372,372
373,367
374,374
375,372
376,376
377,375
378,375
379,377
380,375
381,380
382,380
383,379
384,382
385,383
386,381
387,384
388,381
389,386
390,387
391,391
392,392
393,387
394,395
395,391
396,393
397,398
398,393
399,398
400,397
401,398
402,401
403,397
404,402
405,402
406,405
407,408
408,405
409,407
410,407
411,409
412,411
413,409
414,410
415,413
416,411
417,416
418,412
419,419
420,419
421,416
422,422
423,422
424,421
425,423
426,419
427,424
428,427
429,425
430,431
431,429
432,431
433,430
434,431
435,435
436,432
437,435
438,433
439,433
440,437
441,438
442,439
443,438
444,442
445,442
446,444
447,443
448,443
449,446
450,446
451,446
452,448
453,448
454,450
455,455
456,451
457,454
458,456
459,452
460,461
461,456
462,456
463,460
464,460
465,464
466,461
467,461
468,466
469,462
470,465
471,468
472,469
473,470
474,471
475,474
476,472
477,474
478,477
479,471
480,477
481,479
482,479
483,483
484,482
485,484
486,484
487,480
488,487
489,484
490,488
491,490
492,484
493,488
494,489
495,491
496,494
497,490
498,496
499,493
500,498
501,501
502,499
503,503
504,501
505,504
506,507
507,503
508,504
509,508
510,504
511,511
512,506
513,510
514,510
515,513
516,516
517,515
518,515
519,513
520,517
521,522
522,518
523,523
524,518
525,524
526,525
527,520
528,524
529,524
530,525
531,532
532,528
533,530
534,532
535,532
536,536
537,534
538,532
539,539
540,537
541,536
542,540
543,537
544,540
545,538
546,542
547,545
548,542
549,545
550,545
551,547
552,547
553,551
554,552
555,552
556,552
557,554
558,555
559,559
560,555
561,556
562,560
563,558
564,559
565,560
566,564
567,566
568,566
569,569
570,563
571,567
572,567
573,566
574,572
575,570
576,575
577,571
578,575
579,576
580,574
581,579
582,581
583,577
584,583
585,580
586,585
587,584
588,579
589,585
590,585
591,586
592,589
593,586
594,593
595,592
596,589
597,591
598,594
599,593
600,595
601,593
602,600
603,597
604,602
605,603
606,599
607,602
608,603
609,604
610,606
611,606
612,610
613,611
614,612
615,611
616,612
617,615
618,614
619,615
620,616
621,613
622,616
623,618
624,618
625,624
626,621
627,626
628,621
629,624
630,626
631,626
632,630
633,629
634,628
635,633
636,632
637,631
638,631
639,633
640,637
641,637
642,638
643,639
644,640
645,642
646,638
647,646
648,644
649,644
650,645
651,646
652,649
653,653
654,648
655,649
656,654
657,649
658,655
659,653
660,654
661,656
662,656
663,660
664,660
665,659
666,662
667,660
668,666
669,661
670,667
671,663
672,668
673,671
674,668
675,670
676,673
677,671
678,675
679,674
680,675
681,677
682,675
683,682
684,678
685,683
686,684
687,681
688,687
689,685
690,684
691,690
692,687
693,691
694,685
695,690
696,693
697,691
698,699
699,696
700,696
701,695
702,696
703,703
704,698
705,703
706,701
707,701
708,702
709,705
710,702
711,707
712,707
713,707
714,713
715,708
716,714
717,709
718,716
719,715
720,714
721,721
722,715
723,717
724,723
725,716
726,722
727,719
728,720
729,728
730,723
731,729
732,725
733,730
734,732
735,727
736,733
737,732
738,732
739,734
740,730
741,738
742,737
743,739
744,739
745,736
746,742
747,743
748,741
749,743
750,744
751,744
752,744
753,748
754,749
755,750
756,752
757,752
758,752
759,757
760,754
761,758
762,754
763,756
764,761
765,756
766,761
767,764
768,761
769,764
770,764
771,765
772,766
773,767
774,767
775,772
776,770
777,771
778,768
779,777
780,772
781,774
782,778
783,779
784,780
785,781
786,781
787,781
788,780
789,783
790,785
791,784
792,786
793,787
794,790
795,788
796,791
797,792
798,789
799,793
800,797
801,791
802,800
803,796
804,799
805,797
806,800
807,805
808,801
809,804
810,807
811,801
812,808
813,804
814,809
815,809
816,807
817,813
818,813
819,814
820,818
821,812
822,819
823,817
824,816
825,821
826,821
827,822
828,826
829,822
830,826
831,826
832,824
833,828
834,828
835,832
836,829
837,832
838,834
839,830
840,833
841,835
842,837
843,841
844,835
845,840
846,840
847,840
848,844
849,842
850,844
851,845
852,846
853,850
854,848
855,850
856,848
857,850
858,852
859,850
860,858
861,854
862,854
863,858
864,858
865,857
866,857
867,863
868,866
869,863
870,865
871,864
872,868
873,871
874,868
875,869
876,869
877,870
878,875
879,873
880,871
881,875
882,876
883,876
884,878
885,879
886,885
887,877
888,884
889,885
890,882
891,885
892,887
893,887
894,887
895,888
896,891
897,890
898,895
899,894
900,892
901,894
902,896
903,897
904,899
905,899
906,904
907,902
908,900
909,905
910,902
911,909
912,908
913,908
914,910
915,910
916,911
917,908
918,911
919,910
920,912
921,917
922,913
923,919
924,920
925,915
926,923
927,921
928,924
929,925
930,923
931,926
932,923
933,929
934,928
935,930
936,933
937,932
938,931
939,933
940,932
941,937
942,935
943,936
944,938
945,937
946,941
947,945
948,941
949,946
950,943
951,943
952,949
953,943
954,951
955,948
956,947
957,952
958,949
959,952
960,950
961,957
962,958
963,953
964,958
965,957
966,964
967,962
968,959
969,965
970,964
971,965
972,966
973,968
974,967
975,967
976,969
977,975
978,967
979,971
980,971
981,973
982,977
983,973
984,980
985,977
986,980
987,986
988,981
989,984
990,986
991,986
992,986
993,986
994,986
995,991
996,986
997,993
998,994
999,990
1000,998
1001,991
1002,994
1003,997
1004,996
1005,1000
1006,997
1007,1003
1008,1002
1009,1000
1010,1004
1011,1004
1012,1005
1013,1005
1014,1005
1015,1007
1016,1009
1017,1011
1018,1012
1019,1013
1020,1015
1021,1015
1022,1016
1023,1018
1024,1018
1025,1019
1026,1020
1027,1023
1028,1025
1029,1023
1030,1024
1031,1023
1032,1025
1033,1027
1034,1029
1035,1029
1036,1027
1037,1030
1038,1032
1039,1029
1040,1038
1041,1035
1042,1035
1043,1041
1044,1038
1045,1042
1046,1043
1047,1043
1048,1045
1049,1042
1050,1046
1051,1046
1052,1042
1053,1050
1054,1049
1055,1048
1056,1052
1057,1051
1058,1055
1059,1051
1060,1053
1061,1055
1062,1054
1063,1060
1064,1059
1065,1059
1066,1060
1067,1059
1068,1064
1069,1064
1070,1066
1071,1068
1072,1063
1073,1070
1074,1069
1075,1070
1076,1070
1077,1067
1078,1073
1079,1070
1080,1074
1081,1075
1082,1077
1083,1079
1084,1075
1085,1079
1086,1085
1087,1082
1088,1079
1089,1085
1090,1083
1091,1086
1092,1082
1093,1084
1094,1089
1095,1084
1096,1091
1097,1091
1098,1093
1099,1095
1100,1093
1101,1094
1102,1094
1103,1097
1104,1098
1105,1095
1106,1099
1107,1100
1108,1102
1109,1106
1110,1102
1111,1105
1112,1105
1113,1107
1114,1107
1115,1108
1116,1111
1117,1111
1118,1107
1119,1112
1120,1114
1121,1119
1122,1117
1123,1115
1124,1119
1125,1115
1126,1123
1127,1120
1128,1123
1129,1125
1130,1120
1131,1127
1132,1128
1133,1125
1134,1128
1135,1130
1136,1130
1137,1132
1138,1133
1139,1136
1140,1137
1141,1133
1142,1139
1143,1135
1144,1136
1145,1137
1146,1137
1147,1141
1148,1142
1149,1145
1150,1146
1151,1141
1152,1148
1153,1148
1154,1145
1155,1152
1156,1146
1157,1149
1158,1152
1159,1151
1160,1155
1161,1153
1162,1156
1163,1155
1164,1157
1165,1161
1166,1157
1167,1166
1168,1161
1169,1162
1170,1163
1171,1161
1172,1166
1173,1165
1174,1170
1175,1171
1176,1167
1177,1175
1178,1168
1179,1170
1180,1176
1181,1175
1182,1173
1183,1180
1184,1178
1185,1181
1186,1180
1187,1178
1188,1183
1189,1179
1190,1183
1191,1183
1192,1186
1193,1188
1194,1187
1195,1187
1196,1188
1197,1191
1198,1193
1199,1190
1200,1196
1201,1196
1202,1191
1203,1195
1204,1195
1205,1199
1206,1198
1207,1200
1208,1201
1209,1202
1210,1203
1211,1202
1212,1202
1213,1209
1214,1203
1215,1209
1216,1206
1217,1207
1218,1216
1219,1210
1220,1215
1221,1212
1222,1212
1223,1219
1224,1216
1225,1216
1226,1220
1227,1217
1228,1221
1229,1224
1230,1220
1231,1228
1232,1223
1233,1224
1234,1228
1235,1228
1236,1233
1237,1228
1238,1235
1239,1233
1240,1229
1241,1232
1242,1235
1243,1236
1244,1235
1245,1235
1246,1238
1247,1240
1248,1239
1249,1243
1250,1240
1251,1244
1252,1244
1253,1246
1254,1251
1255,1246
1256,1253
1257,1246
1258,1252
1259,1252
1260,1253
1261,1254
1262,1256
1263,1254
1264,1260
1265,1255
1266,1264
1267,1261
1268,1260
1269,1265
1270,1261
1271,1264
1272,1266
1273,1263
1274,1269
1275,1269
1276,1269
1277,1272
1278,1267
1279,1274
1280,1271
1281,1272
1282,1274
1283,1273
1284,1276
1285,1280
1286,1280
1287,1284
1288,1278
1289,1280
1290,1281
1291,1285
1292,1286
1293,1284
1294,1289
1295,1288
1296,1286
1297,1291
1298,1288
1299,1295
1300,1294
1301,1290
1302,1296
1303,1291
1304,1298
1305,1296
1306,1299
1307,1303
1308,1298
1309,1300
1310,1302
1311,1304
1312,1310
1313,1304
1314,1309
1315,1307
1316,1307
1317,1314
1318,1307
1319,1313
1320,1316
1321,1310
1322,1317
1323,1317
1324,1313
1325,1322
1326,1315
1327,1322
1328,1319
1329,1322
1330,1325
1331,1319
1332,1324
1333,1325
1334,1326
1335,1331
1336,1329
1337,1329
1338,1331
1339,1327
1340,1332
1341,1334
1342,1332
1343,1339
1344,1333
1345,1338
1346,1338
1347,1337
1348,1340
1349,1339
1350,1342
1351,1344
1352,1345
1353,1345
1354,1347
1355,1348
1356,1346
1357,1347
1358,1351
1359,1348
1360,1355
1361,1352
1362,1355
1363,1355
1364,1352
1365,1357
1366,1354
1367,1356
1368,1362
1369,1363
1370,1362
1371,1362
1372,1360
1373,1367
1374,1364
1375,1366
1376,1369
1377,1366
1378,1373
1379,1373
1380,1372
1381,1376
1382,1373
1383,1378
1384,1375
1385,1377
1386,1381
1387,1382
1388,1382
1389,1380
1390,1382
1391,1383
1392,1381
1393,1386
1394,1388
1395,1386
1396,1392
1397,1385
1398,1390
1399,1391
1400,1392
1401,1396
1402,1391
1403,1397
1404,1396
1405,1399
1406,1397
1407,1399
1408,1397
1409,1403
1410,1399
1411,1403
1412,1405
1413,1406
1414,1402
1415,1409
1416,1409
1417,1405
1418,1413
1419,1408
1420,1414
1421,1412
1422,1411
1423,1418
1424,1416
1425,1416
1426,1416
1427,1415
1428,1423
1429,1419
1430,1423
1431,1421
1432,1421
1433,1424
1434,1425
1435,1428
1436,1429
1437,1425
1438,1432
1439,1428
1440,1432
1441,1436
1442,1433
1443,1436
1444,1432
1445,1437
1446,1435
1447,1437
1448,1443
1449,1438
1450,1443
1451,1442
1452,1440
1453,1447
1454,1444
1455,1447
1456,1451
1457,1447
1458,1451
1459,1449
1460,1448
1461,1451
1462,1450
1463,1457
1464,1454
1465,1456
1466,1459
1467,1460
1468,1457
1469,1460
1470,1459
1471,1463
1472,1461
1473,1463
1474,1465
1475,1466
1476,1468
1477,1465
1478,1468
1479,1470
1480,1469
1481,1474
1482,1473
1483,1474
1484,1475
1485,1476
1486,1479
1487,1479
1488,1478
1489,1483
1490,1477
1491,1485
1492,1482
1493,1484
1494,1489
1495,1481
1496,1488
1497,1486
1498,1489
1499,1490
1500,1488
1501,1490
1502,1490
1503,1495
1504,1499
1505,1496
1506,1494
1507,1501
1508,1496
1509,1502
1510,1500
1511,1499
1512,1502
1513,1504
1514,1505
1515,1503
1516,1507
1517,1506
1518,1506
1519,1510
1520,1511
1521,1511
1522,1514
1523,1514
1524,1517
1525,1514
1526,1517
1527,1521
1528,1515
1529,1519
1530,1519
1531,1519
1532,1526
1533,1522
1534,1527
1535,1523
1536,1525
1537,1527
1538,1524
1539,1532
1540,1531
1541,1532
1542,1534
1543,1534
1544,1535
1545,1536
1546,1536
1547,1538
1548,1537
1549,1541
1550,1541
1551,1542
1552,1543
1553,1543
1554,1544
1555,1549
1556,1544
1557,1550
1558,1553
1559,1551
1560,1551
1561,1550
1562,1553
1563,1556
1564,1550
1565,1559
1566,1556
1567,1559
1568,1561
1569,1557
1570,1560
1571,1561
1572,1560
1573,1562
1574,1563
1575,1567
1576,1564
1577,1570
1578,1567
1579,1569
1580,1572
1581,1572
1582,1572
1583,1577
1584,1575
1585,1579
1586,1582
1587,1574
1588,1580
1589,1577
1590,1584
1591,1581
1592,1580
1593,1585
1594,1579
1595,1585
1596,1584
1597,1589
1598,1589
1599,1585
1600,1588
1601,1591
1602,1588
1603,1596
1604,1595
1605,1594
1606,1595
1607,1595
1608,1600
1609,1597
1610,1598
1611,1602
1612,1599
1613,1602
1614,1601
1615,1604
1616,1609
1617,1606
1618,1610
1619,1609
1620,1608
1621,1611
1622,1612
1623,1615
1624,1613
1625,1613
1626,1617
1627,1613
1628,1620
1629,1619
1630,1616
1631,1623
1632,1623
1633,1622
1634,1625
1635,1622
1636,1630
1637,1622
1638,1631
1639,1629
1640,1630
1641,1634
1642,1630
1643,1631
1644,1633
1645,1631
1646,1638
1647,1638
1648,1635
1649,1642
1650,1638
1651,1642
1652,1642
1653,1637
1654,1644
1655,1645
1656,1646
1657,1650
1658,1650
1659,1650
1660,1646
1661,1654
1662,1651
1663,1652
1664,1655
1665,1651
1666,1659
1667,1659
1668,1654
1669,1662
1670,1655
1671,1661
1672,1661
1673,1663
1674,1668
1675,1664
1676,1667
1677,1668
1678,1667
1679,1671
1680,1667
1681,1669
1682,1671
1683,1673
1684,1674
1685,1673
1686,1678
1687,1676
1688,1675
1689,1680
1690,1680
1691,1677
1692,1683
1693,1681
1694,1685
1695,1687
1696,1686
1697,1690
1698,1685
1699,1687
1700,1692
1701,1687
1702,1695
1703,1690
1704,1695
1705,1697
1706,1691
1707,1696
1708,1699
1709,1697
1710,1701
1711,1702
1712,1703
1713,1700
1714,1701
1715,1707
1716,1703
1717,1706
1718,1706
1719,1707
1720,1712
1721,1706
1722,1711
1723,1713
1724,1715
1725,1714
1726,1711
1727,1716
1728,1717
1729,1716
1730,1720
1731,1721
1732,1721
1733,1723
1734,1720
1735,1724
1736,1720
1737,1729
1738,1724
1739,1728
1740,1726
1741,1730
1742,1728
1743,1736
1744,1733
1745,1737
1746,1737
1747,1737
1748,1741
1749,1734
1750,1739
1751,1738
1752,1739
1753,1743
1754,1743
1755,1742
1756,1746
1757,1746
1758,1747
1759,1747
1760,1748
1761,1748
1762,1751
1763,1754
1764,1753
1765,1756
1766,1752
1767,1751
1768,1760
1769,1753
1770,1760
1771,1759
1772,1757
1773,1761
1774,1761
1775,1765
1776,1764
1777,1766
1778,1768
1779,1763
1780,1771
1781,1771
1782,1767
1783,1772
1784,1772
1785,1769
1786,1775
1787,1776
1788,1775
1789,1780
1790,1778
1791,1778
1792,1778
1793,1779
1794,1780
1795,1784
1796,1784
1797,1783
1798,1786
1799,1785
1800,1786
1801,1790
1802,1791
1803,1792
1804,1795
1805,1790
1806,1794
1807,1795
1808,1800
1809,1800
1810,1797
1811,1804
1812,1798
1813,1801
1814,1805
1815,1799
1816,1806
1817,1806
1818,1808
1819,1810
1820,1807
1821,1810
1822,1807
1823,1811
1824,1812
1825,1809
1826,1813
1827,1816
1828,1817
1829,1817
1830,1816
1831,1820
1832,1822
1833,1819
1834,1823
1835,1822
1836,1821
1837,1825
1838,1824
1839,1826
1840,1825
1841,1826
1842,1830
1843,1828
1844,1832
1845,1831
1846,1831
1847,1834
1848,1836
1849,1840
1850,1834
1851,1839
1852,1844
1853,1839
1854,1844
1855,1840
1856,1840
1857,1847
1858,1842
1859,1849
1860,1849
1861,1849
1862,1852
1863,1850
1864,1851
1865,1854
1866,1854
1867,1858
1868,1853
1869,1857
1870,1856
1871,1854
1872,1859
1873,1857
1874,1862
1875,1861
1876,1862
1877,1865
1878,1862
1879,1867
1880,1870
1881,1868
1882,1870
1883,1873
1884,1869
1885,1875
1886,1872
1887,1874
1888,1876
1889,1874
1890,1881
1891,1875
1892,1878
1893,1880
1894,1882
1895,1884
1896,1879
1897,1887
1898,1888
1899,1885
1900,1888
1901,1889
1902,1890
1903,1891
1904,1889
1905,1895
1906,1890
1907,1892
1908,1897
1909,1893
1910,1897
1911,1899
1912,1897
1913,1902
1914,1896
1915,1904
1916,1904
1917,1904
1918,1908
1919,1903
1920,1910
1921,1907
1922,1911
1923,1913
1924,1906
1925,1912
1926,1917
1927,1912
1928,1916
1929,1917
1930,1918
1931,1920
1932,1919
1933,1922
1934,1920
1935,1923
1936,1926
1937,1924
1938,1928
1939,1924
1940,1928
1941,1929
1942,1928
1943,1932
1944,1928
1945,1930
1946,1934
1947,1932
1948,1935
1949,1935
1950,1935
1951,1940
1952,1936
1953,1939
1954,1942
1955,1939
1956,1943
1957,1940
1958,1947
1959,1944
1960,1945
1961,1947
1962,1949
1963,1952
1964,1952
1965,1953
1966,1953
1967,1953
1968,1951
1969,1953
1970,1954
1971,1958
1972,1955
1973,1959
1974,1962
1975,1960
1976,1963
1977,1962
1978,1965
1979,1968
1980,1963
1981,1963
1982,1967
1983,1969
1984,1971
1985,1970
1986,1973
1987,1974
1988,1973
1989,1978
1990,1977
1991,1976
1992,1980
1993,1979
1994,1979
1995,1982
1996,1980
1997,1982
1998,1985
1999,1985
2000,1986
2001,1986
2002,1986
2003,1987
2004,1993
2005,1992
2006,1992
2007,1997
2008,1995
2009,1995
2010,1996
2011,1995
2012,1998
2013,1996
2014,1999
2015,2001
2016,2002
2017,2004
2018,2007
2019,2006
2020,2011
2021,2004
2022,2012
2023,2011
2024,2011
2025,2014
2026,2008
2027,2016
2028,2013
2029,2019
2030,2019
2031,2015
2032,2020
2033,2020
2034,2022
2035,2025
2036,2023
2037,2027
2038,2022
2039,2026
2040,2026
2041,2024
2042,2030
2043,2031
2044,2031
2045,2033
2046,2031
2047,2036
2048,2036
2049,2035
2050,2036
2051,2035
2052,2041
2053,2038
2054,2041
2055,2042
2056,2043
2057,2042
2058,2043
2059,2047
2060,2048
2061,2048
2062,2052
2063,2048
2064,2050
2065,2051
2066,2055
2067,2055
2068,2055
2069,2052
2070,2058
2071,2055
2072,2056
2073,2059
2074,2062
2075,2064
2076,2061
2077,2065
2078,2065
2079,2067
2080,2065
2081,2065
2082,2067
2083,2076
2084,2071
2085,2069
2086,2070
2087,2073
2088,2074
2089,2074
2090,2077
2091,2075
2092,2078
2093,2080
2094,2080
2095,2081
2096,2082
2097,2079
2098,2088
2099,2083
2100,2087
2101,2086
2102,2088
2103,2092
2104,2088
2105,2092
2106,2093
2107,2091
2108,2098
2109,2091
2110,2098
2111,2097
2112,2096
2113,2099
2114,2104
2115,2097
2116,2104
2117,2103
2118,2106
2119,2110
2120,2106
2121,2105
2122,2105
2123,2111
2124,2115
2125,2108
2126,2114
2127,2110
2128,2113
2129,2118
2130,2113
2131,2120
2132,2117
2133,2119
2134,2121
2135,2118
2136,2126
2137,2124
2138,2122
2139,2128
2140,2123
2141,2129
2142,2129
2143,2127
2144,2130
2145,2131
2146,2131
2147,2132
2148,2135
2149,2135
2150,2131
2151,2140
2152,2138
2153,2138
2154,2140
2155,2141
2156,2141
2157,2142
2158,2139
2159,2145
2160,2147
2161,2148
2162,2148
2163,2149
2164,2149
2165,2150
2166,2150
2167,2153
2168,2154
2169,2153
2170,2153
2171,2152
2172,2156
2173,2158
2174,2158
2175,2163
2176,2158
2177,2163
2178,2159
2179,2167
2180,2165
2181,2164
2182,2171
2183,2166
2184,2168
2185,2173
2186,2171
2187,2173
2188,2169
2189,2174
2190,2174
2191,2172
2192,2179
2193,2174
2194,2181
2195,2183
2196,2181
2197,2186
2198,2182
2199,2185
2200,2183
2201,2187
2202,2188
2203,2188
2204,2184
2205,2190
2206,2189
2207,2189
2208,2195
2209,2195
2210,2198
2211,2193
2212,2196
2213,2200
2214,2195
2215,2202
2216,2202
2217,2204
2218,2202
2219,2204
2220,2205
2221,2206
2222,2209
2223,2211
2224,2210
2225,2211
2226,2212
2227,2210
2228,2216
2229,2211
2230,2215
2231,2215
2232,2215
2233,2220
2234,2220
2235,2218
2236,2222
2237,2220
2238,2227
2239,2224
2240,2226
2241,2223
2242,2225
2243,2231
2244,2226
2245,2228
2246,2232
2247,2229
2248,2237
2249,2230
2250,2237
2251,2237
2252,2233
2253,2237
2254,2240
2255,2235
2256,2241
2257,2242
2258,2241
2259,2241
2260,2241
2261,2247
2262,2242
2263,2250
2264,2248
2265,2245
2266,2254
2267,2247
2268,2252
2269,2254
2270,2251
2271,2259
2272,2257
2273,2257
2274,2261
2275,2261
2276,2263
2277,2259
2278,2263
2279,2264
2280,2263
2281,2269
2282,2266
2283,2269
2284,2267
2285,2269
2286,2271
2287,2272
2288,2273
2289,2270
2290,2272
2291,2276
2292,2276
2293,2277
2294,2276
2295,2275
2296,2280
2297,2281
2298,2281
2299,2285
2300,2284
2301,2286
2302,2286
2303,2284
2304,2289
2305,2287
2306,2288
2307,2292
2308,2292
2309,2294
2310,2292
2311,2299
2312,2301
2313,2296
2314,2301
2315,2301
2316,2302
2317,2305
2318,2301
2319,2308
2320,2306
2321,2305
2322,2305
2323,2302
2324,2309
2325,2308
2326,2309
2327,2311
2328,2309
2329,2315
2330,2316
2331,2318
2332,2319
2333,2316
2334,2323
2335,2320
2336,2324
2337,2322
2338,2323
2339,2329
2340,2322
2341,2327
2342,2328
2343,2328
2344,2326
2345,2331
2346,2327
2347,2331
2348,2335
2349,2334
2350,2338
2351,2336
2352,2340
2353,2337
2354,2339
2355,2339
2356,2337
2357,2341
2358,2341
2359,2340
2360,2351
2361,2345
2362,2345
2363,2347
2364,2345
2365,2349
2366,2349
2367,2349
2368,2350
2369,2351
2370,2358
2371,2355
2372,2358
2373,2359
2374,2355
2375,2357
2376,2362
2377,2363
2378,2363
2379,2361
2380,2368
2381,2361
2382,2370
2383,2369
2384,2367
2385,2371
2386,2367
2387,2371
2388,2373
2389,2369
2390,2373
2391,2373
2392,2375
2393,2374
2394,2379
2395,2376
2396,2377
2397,2384
2398,2378
2399,2382
2400,2383
2401,2382
2402,2385
2403,2386
2404,2391
2405,2390
2406,2392
2407,2391
2408,2390
2409,2391
2410,2392
2411,2396
2412,2397
2413,2396
2414,2400
2415,2399
2416,2395
2417,2401
2418,2403
2419,2402
2420,2402
2421,2405
2422,2405
2423,2407
2424,2405
2425,2409
2426,2405
2427,2414
2428,2408
2429,2412
2430,2412
2431,2415
2432,2416
2433,2417
2434,2416
2435,2417
2436,2416
2437,2423
2438,2421
2439,2421
2440,2426
2441,2421
2442,2426
2443,2425
2444,2425
2445,2433
2446,2430
2447,2427
2448,2433
2449,2429
2450,2435
2451,2433
2452,2433
2453,2439
2454,2437
2455,2441
2456,2436
2457,2439
2458,2444
2459,2439
2460,2447
2461,2443
2462,2441
2463,2447
2464,2445
2465,2448
2466,2451
2467,2452
2468,2452
2469,2447
2470,2453
2471,2455
2472,2455
2473,2456
2474,2453
2475,2461
2476,2460
2477,2463
2478,2465
2479,2459
2480,2465
2481,2464
2482,2460
2483,2466
2484,2468
2485,2469
2486,2472
2487,2469
2488,2473
2489,2473
2490,2468
2491,2475
2492,2473
2493,2473
2494,2474
2495,2479
2496,2483
2497,2481
2498,2478
2499,2483
2500,2482
2501,2487
2502,2486
2503,2487
2504,2482
2505,2489
2506,2490
2507,2491
2508,2489
2509,2493
2510,2492
2511,2494
2512,2496
2513,2498
2514,2497
2515,2497
2516,2502
2517,2500
2518,2499
2519,2504
2520,2501
2521,2504
2522,2503
2523,2506
2524,2508
2525,2505
2526,2513
2527,2510
2528,2507
2529,2515
2530,2512
2531,2515
2532,2513
2533,2513
2534,2516
2535,2512
2536,2516
2537,2519
2538,2516
2539,2521
2540,2520
2541,2524
2542,2524
2543,2522
2544,2531
2545,2528
2546,2527
2547,2529
2548,2527
2549,2531
2550,2532
2551,2532
2552,2536
2553,2533
2554,2539
2555,2534
2556,2537
2557,2542
2558,2542
2559,2540
2560,2538
2561,2544
2562,2548
2563,2541
2564,2545
2565,2546
2566,2547
2567,2553
2568,2547
2569,2554
2570,2550
2571,2554
2572,2555
2573,2551
2574,2557
2575,2557
2576,2557
2577,2561
2578,2559
2579,2563
2580,2565
2581,2560
2582,2567
2583,2562
2584,2562
2585,2566
2586,2564
2587,2572
2588,2572
2589,2569
2590,2572
2591,2569
2592,2578
2593,2573
2594,2574
2595,2581
2596,2578
2597,2577
2598,2581
2599,2578
2600,2583
2601,2582
2602,2587
2603,2586
2604,2587
2605,2586
2606,2584
2607,2591
2608,2588
2609,2588
2610,2590
2611,2593
2612,2591
2613,2592
2614,2592
2615,2599
2616,2597
2617,2596
2618,2601
2619,2597
2620,2604
2621,2599
2622,2607
2623,2608
2624,2602
2625,2607
2626,2605
2627,2605
2628,2610
2629,2609
2630,2615
2631,2609
2632,2614
2633,2617
2634,2616
2635,2616
2636,2615
2637,2615
2638,2621
2639,2621
2640,2623
2641,2624
2642,2623
2643,2624
2644,2624
2645,2625
2646,2627
2647,2625
2648,2632
2649,2628
2650,2630
2651,2632
2652,2633
2653,2636
2654,2635
2655,2634
2656,2639
2657,2634
2658,2642
2659,2640
2660,2642
2661,2640
2662,2640
2663,2647
2664,2643
2665,2645
2666,2645
2667,2648
2668,2649
2669,2651
2670,2647
2671,2654
2672,2655
2673,2654
2674,2656
2675,2654
2676,2657
2677,2658
2678,2657
2679,2662
2680,2658
2681,2661
2682,2661
2683,2665
2684,2666
2685,2662
2686,2665
2687,2665
2688,2668
2689,2673
2690,2667
2691,2673
2692,2674
2693,2676
2694,2675
2695,2672
2696,2675
2697,2678
2698,2678
2699,2680
2700,2675
2701,2680
2702,2679
2703,2682
2704,2686
2705,2685
2706,2689
2707,2684
2708,2686
2709,2691
2710,2691
2711,2690
2712,2696
2713,2689
2714,2697
2715,2694
2716,2696
2717,2702
2718,2697
2719,2701
2720,2699
2721,2698
2722,2706
2723,2701
2724,2704
2725,2707
2726,2704
2727,2706
2728,2704
2729,2708
2730,2713
2731,2708
2732,2715
2733,2711
2734,2716
2735,2713
2736,2713
2737,2716
2738,2719
2739,2718
2740,2718
2741,2717
2742,2721
2743,2721
2744,2722
2745,2722
2746,2724
2747,2728
2748,2724
2749,2730
2750,2728
2751,2727
2752,2737
2753,2730
2754,2736
2755,2733
2756,2734
2757,2743
2758,2739
2759,2737
2760,2743
2761,2740
2762,2742
2763,2744
2764,2740
2765,2747
2766,2741
2767,2746
2768,2751
2769,2744
2770,2753
2771,2751
2772,2750
2773,2751
2774,2754
2775,2757
2776,2753
2777,2759
2778,2762
2779,2758
2780,2762
2781,2764
2782,2762
2783,2767
2784,2764
2785,2766
2786,2762
2787,2764
2788,2767
2789,2770
2790,2773
2791,2772
2792,2769
2793,2773
2794,2770
2795,2775
2796,2777
2797,2774
2798,2781
2799,2776
2800,2778
2801,2779
2802,2783
2803,2783
2804,2783
2805,2783
2806,2784
2807,2784
2808,2791
2809,2792
2810,2788
2811,2795
2812,2790
2813,2795
2814,2791
2815,2792
2816,2800
2817,2797
2818,2800
2819,2797
2820,2796
2821,2803
2822,2799
2823,2805
2824,2803
2825,2800
2826,2808
2827,2806
2828,2806
2829,2807
2830,2806
2831,2813
2832,2808
2833,2815
2834,2816
2835,2812
2836,2815
2837,2813
2838,2816
2839,2817
2840,2816
2841,2825
2842,2823
2843,2819
2844,2823
2845,2823
2846,2828
2847,2822
2848,2826
2849,2830
2850,2825
2851,2834
2852,2828
2853,2834
2854,2837
2855,2832
2856,2836
2857,2840
2858,2833
2859,2840
2860,2840
2861,2840
2862,2840
2863,2843
2864,2840
2865,2846
2866,2844
2867,2848
2868,2846
2869,2850
2870,2851
2871,2851
2872,2854
2873,2852
2874,2852
2875,2854
2876,2853
2877,2859
2878,2857
2879,2860
2880,2855
2881,2860
2882,2861
2883,2862
2884,2865
2885,2861
2886,2865
2887,2866
2888,2865
2889,2872
2890,2868
2891,2871
2892,2870
2893,2872
2894,2876
2895,2870
2896,2876
2897,2877
2898,2874
2899,2878
2900,2878
2901,2881
2902,2885
2903,2879
2904,2884
2905,2884
2906,2882
2907,2889
2908,2883
2909,2888
2910,2893
2911,2886
2912,2891
2913,2895
2914,2889
2915,2898
2916,2895
2917,2900
2918,2895
2919,2894
2920,2903
2921,2899
2922,2901
2923,2899
2924,2898
2925,2904
2926,2904
2927,2908
2928,2906
2929,2907
2930,2911
2931,2909
2932,2909
2933,2910
2934,2910
2935,2913
2936,2913
2937,2919
2938,2916
2939,2919
2940,2920
2941,2918
2942,2921
2943,2921
2944,2919
2945,2923
2946,2929
2947,2927
2948,2929
2949,2927
2950,2930
2951,2928
2952,2930
2953,2931
2954,2931
2955,2936
2956,2937
2957,2933
2958,2935
2959,2933
2960,2937
2961,2938
2962,2940
2963,2945
2964,2940
2965,2943
2966,2943
2967,2945
2968,2949
2969,2944
2970,2949
2971,2948
2972,2949
2973,2954
2974,2948
2975,2954
2976,2959
2977,2952
2978,2960
2979,2955
2980,2960
2981,2964
2982,2959
2983,2960
2984,2964
2985,2965
2986,2967
2987,2961
2988,2966
2989,2968
2990,2969
2991,2970
2992,2970
2993,2969
2994,2974
2995,2970
2996,2975
2997,2976
2998,2972
2999,2980
3000,2977
3001,2982
3002,2980
3003,2978
3004,2984
3005,2979
3006,2985
3007,2983
3008,2986
3009,2989
3010,2988
3011,2990
3012,2990
3013,2987
3014,2996
3015,2990
3016,2997
3017,2997
3018,2998
3019,2999
3020,2995
3021,3000
3022,2997
3023,3000
3024,3003
3025,2999
3026,3006
3027,3003
3028,3006
3029,3008
3030,3010
3031,3010
3032,3011
3033,3009
3034,3012
3035,3014
3036,3012
3037,3017
3038,3016
3039,3020
3040,3019
3041,3018
3042,3020
3043,3022
3044,3024
3045,3026
3046,3020
3047,3025
3048,3023
3049,3029
3050,3031
3051,3026
3052,3033
3053,3027
3054,3032
3055,3038
3056,3036
3057,3034
3058,3037
3059,3035
3060,3043
3061,3037
3062,3038
3063,3037
3064,3040
3065,3045
3066,3040
3067,3044
3068,3047
3069,3046
3070,3048
3071,3050
3072,3048
3073,3053
3074,3050
3075,3052
3076,3049
3077,3055
3078,3054
3079,3054
3080,3060
3081,3054
3082,3059
3083,3061
3084,3065
3085,3062
3086,3061
3087,3063
3088,3063
3089,3066
3090,3068
3091,3071
3092,3065
3093,3073
3094,3074
3095,3077
3096,3071
3097,3077
3098,3078
3099,3076
3100,3075
3101,3077
3102,3076
3103,3077
3104,3078
3105,3081
3106,3085
3107,3083
3108,3084
3109,3086
3110,3086
3111,3090
3112,3087
3113,3093
3114,3091
3115,3090
3116,3095
3117,3091
3118,3097
3119,3096
3120,3099
3121,3097
3122,3100
3123,3099
3124,3102
3125,3105
3126,3106
3127,3104
3128,3106
3129,3101
3130,3106
3131,3106
3132,3109
3133,3110
3134,3111
3135,3108
3136,3114
3137,3110
3138,3117
3139,3116
3140,3115
3141,3122
3142,3121
3143,3118
3144,3121
3145,3121
3146,3121
3147,3120
3148,3125
3149,3129
3150,3123
3151,3127
3152,3126
3153,3132
3154,3129
3155,3133
3156,3132
3157,3136
3158,3133
3159,3137
3160,3133
3161,3141
3162,3136
3163,3140
3164,3145
3165,3140
3166,3147
3167,3144
3168,3142
3169,3147
3170,3142
3171,3148
3172,3150
3173,3153
3174,3150
3175,3147
3176,3154
3177,3156
3178,3153
3179,3155
3180,3158
3181,3160
3182,3159
3183,3158
3184,3161
3185,3166
3186,3161
3187,3168
3188,3170
3189,3166
3190,3165
3191,3169
3192,3165
3193,3170
3194,3172
3195,3172
3196,3174
3197,3174
3198,3173
3199,3171
3200,3181
3201,3174
3202,3177
3203,3182
3204,3178
3205,3184
3206,3184
3207,3187
3208,3186
3209,3187
3210,3188
3211,3187
3212,3189
3213,3188
3214,3191
3215,3191
3216,3190
3217,3196
3218,3194
3219,3196
3220,3198
3221,3198
3222,3200
3223,3203
3224,3198
3225,3202
3226,3198
3227,3205
3228,3201
3229,3206
3230,3209
3231,3211
3232,3209
3233,3211
3234,3211
3235,3213
3236,3210
3237,3210
3238,3215
3239,3215
3240,3214
3241,3219
3242,3218
3243,3224
3244,3219
3245,3224
3246,3224
3247,3220
3248,3227
3249,3227
3250,3228
3251,3230
3252,3225
3253,3231
3254,3233
3255,3228
3256,3233
3257,3229
3258,3236
3259,3237
3260,3232
3261,3238
3262,3238
3263,3237
3264,3239
3265,3237
3266,3246
3267,3244
3268,3246
3269,3244
3270,3246
3271,3252
3272,3242
3273,3248
3274,3251
3275,3251
3276,3255
3277,3251
3278,3255
3279,3254
3280,3258
3281,3257
3282,3258
3283,3257
3284,3259
3285,3262
3286,3261
3287,3266
3288,3262
3289,3268
3290,3263
3291,3266
3292,3267
3293,3266
3294,3272
3295,3266
3296,3275
3297,3275
3298,3275
3299,3278
3300,3272
3301,3280
3302,3281
3303,3279
3304,3284
3305,3280
3306,3283
3307,3282
3308,3282
3309,3289
3310,3285
3311,3287
3312,3292
3313,3289
3314,3288
3315,3293
3316,3291
3317,3293
3318,3295
3319,3292
3320,3295
3321,3298
3322,3296
3323,3297
3324,3301
3325,3305
3326,3302
3327,3303
3328,3299
3329,3306
3330,3305
3331,3307
3332,3307
3333,3310
3334,3310
3335,3314
3336,3307
3337,3311
3338,3316
3339,3316
3340,3315
3341,3314
3342,3319
3343,3316
3344,3322
3345,3324
3346,3319
3347,3325
3348,3322
3349,3322
3350,3325
3351,3324
3352,3329
3353,3328
3354,3330
3355,3328
3356,3331
3357,3335
3358,3334
3359,3335
3360,3339
3361,3333
3362,3341
3363,3334
3364,3337
3365,3343
3366,3338
3367,3346
3368,3346
3369,3341
3370,3345
3371,3343
3372,3344
3373,3348
3374,3348
3375,3353
3376,3353
3377,3351
3378,3352
3379,3349
3380,3353
3381,3356
3382,3352
3383,3356
3384,3360
3385,3358
3386,3363
3387,3363
3388,3364
3389,3361
3390,3368
3391,3364
3392,3368
3393,3372
3394,3364
3395,3367
3396,3368
3397,3369
3398,3371
3399,3374
3400,3374
3401,3379
3402,3377
3403,3379
3404,3375
3405,3380
3406,3380
3407,3376
3408,3382
3409,3385
3410,3385
3411,3388
3412,3384
3413,3391
3414,3384
3415,3388
3416,3394
3417,3393
3418,3397
3419,3394
3420,3392
3421,3397
3422,3392
3423,3397
3424,3400
3425,3397
3426,3399
3427,3402
3428,3406
3429,3407
3430,3403
3431,3409
3432,3404
3433,3405
3434,3408
3435,3406
3436,3411
3437,3409
3438,3415
3439,3412
3440,3411
3441,3416
3442,3416
3443,3419
3444,3421
3445,3414
3446,3420
3447,3419
3448,3424
3449,3426
3450,3420
3451,3425
3452,3426
3453,3427
3454,3429
3455,3431
3456,3430
3457,3429
3458,3430
3459,3436
3460,3436
3461,3436
3462,3438
3463,3433
3464,3442
3465,3442
3466,3436
3467,3441
3468,3437
3469,3443
3470,3446
3471,3447
3472,3451
3473,3447
3474,3449
3475,3451
3476,3451
3477,3454
3478,3451
3479,3454
3480,3456
3481,3451
3482,3458
3483,3456
3484,3454
3485,3459
3486,3459
3487,3464
3488,3459
3489,3462
3490,3467
3491,3461
3492,3469
3493,3462
3494,3468
3495,3469
3496,3471
3497,3472
3498,3470
3499,3472
3500,3473
3501,3472
3502,3478
3503,3474
3504,3479
3505,3479
3506,3476
3507,3481
3508,3481
3509,3480
3510,3484
3511,3484
3512,3488
3513,3487
3514,3486
3515,3492
3516,3492
3517,3491
3518,3491
3519,3493
3520,3497
3521,3491
3522,3498
3523,3496
3524,3499
3525,3499
3526,3498
3527,3502
3528,3504
3529,3502
3530,3503
3531,3500
3532,3507
3533,3511
3534,3508
3535,3507
3536,3509
3537,3507
3538,3512
3539,3510
3540,3512
3541,3512
3542,3518
3543,3518
3544,3514
3545,3516
3546,3520
3547,3522
3548,3526
3549,3522
3550,3523
3551,3521
3552,3522
3553,3525
3554,3529
3555,3529
3556,3531
3557,3530
3558,3530
3559,3530
3560,3534
3561,3537
3562,3533
3563,3539
3564,3537
3565,3535
3566,3540
3567,3536
3568,3540
3569,3540
3570,3543
3571,3546
3572,3543
3573,3545
3574,3548
3575,3549
3576,3550
3577,3546
3578,3551
3579,3550
3580,3551
3581,3554
3582,3550
3583,3555
3584,3554
3585,3556
3586,3562
3587,3560
3588,3564
3589,3561
3590,3563
3591,3564
3592,3566
3593,3564
3594,3567
3595,3563
3596,3570
3597,3566
3598,3571
3599,3573
3600,3567
3601,3570
3602,3575
3603,3575
3604,3576
3605,3578
3606,3576
3607,3582
3608,3580
3609,3581
3610,3583
3611,3585
3612,3587
3613,3584
3614,3590
3615,3584
3616,3588
3617,3593
3618,3590
3619,3592
3620,3594
3621,3596
3622,3599
3623,3591
3624,3598
3625,3597
3626,3600
3627,3603
3628,3601
3629,3599
3630,3601
3631,3603
3632,3607
3633,3606
3634,3605
3635,3604
3636,3611
3637,3610
3638,3605
3639,3613
3640,3613
3641,3609
3642,3613
3643,3611
3644,3620
3645,3619
3646,3619
3647,3621
3648,3619
3649,3617
3650,3621
3651,3622
3652,3625
3653,3623
3654,3624
3655,3627
3656,3624
3657,3633
3658,3627
3659,3627
3660,3635
3661,3628
3662,3631
3663,3634
3664,3637
3665,3636
3666,3633
3667,3641
3668,3641
3669,3640
3670,3643
3671,3644
3672,3644
3673,3647
3674,3643
3675,3648
3676,3650
3677,3651
3678,3649
3679,3650
3680,3655
3681,3651
3682,3653
3683,3657
3684,3656
3685,3659
3686,3657
3687,3662
3688,3661
3689,3657
3690,3664
3691,3660
3692,3663
3693,3666
3694,3662
3695,3664
3696,3667
3697,3665
3698,3668
3699,3672
3700,3672
3701,3675
3702,3673
3703,3673
3704,3678
3705,3676
3706,3679
3707,3678
3708,3680
3709,3680
3710,3679
3711,3681
3712,3682
3713,3683
3714,3682
3715,3685
3716,3688
3717,3689
3718,3688
3719,3687
3720,3693
3721,3693
3722,3693
3723,3698
3724,3696
3725,3697
3726,3701
3727,3699
3728,3701
3729,3702
3730,3700
3731,3701
3732,3699
3733,3703
3734,3705
3735,3703
3736,3706
3737,3705
3738,3708
3739,3708
3740,3707
3741,3710
3742,3712
3743,3711
3744,3715
3745,3712
3746,3716
3747,3718
3748,3720
3749,3720
3750,3717
3751,3721
3752,3726
3753,3720
3754,3726
3755,3726
3756,3731
3757,3731
3758,3725
3759,3734
3760,3734
3761,3734
3762,3733
3763,3732
3764,3739
3765,3736
3766,3738
3767,3736
3768,3738
3769,3744
3770,3738
3771,3745
3772,3744
3773,3745
3774,3745
3775,3743
3776,3745
3777,3746
3778,3749
3779,3750
3780,3749
3781,3756
3782,3754
3783,3755
3784,3755
3785,3754
3786,3759
3787,3761
3788,3757
3789,3761
3790,3761
3791,3758
3792,3764
3793,3765
3794,3767
3795,3765
3796,3769
3797,3768
3798,3771
3799,3771
3800,3771
3801,3774
3802,3771
3803,3775
3804,3774
3805,3779
3806,3773
3807,3779
3808,3777
3809,3780
3810,3781
3811,3779
3812,3785
3813,3786
3814,3783
3815,3790
3816,3786
3817,3786
3818,3786
3819,3789
3820,3793
3821,3790
3822,3790
3823,3795
3824,3792
3825,3799
3826,3796
3827,3797
3828,3797
3829,3797
3830,3806
3831,3804
3832,3806
3833,3810
3834,3805
3835,3806
3836,3804
3837,3806
3838,3808
3839,3807
3840,3813
3841,3808
3842,3809
3843,3815
3844,3815
3845,3815
3846,3818
3847,3818
3848,3822
3849,3819
3850,3819
3851,3818
3852,3820
3853,3825
3854,3821
3855,3823
3856,3828
3857,3824
3858,3831
3859,3831
3860,3831
3861,3833
3862,3831
3863,3835
3864,3829
3865,3838
3866,3834
3867,3833
3868,3843
3869,3835
3870,3839
3871,3845
3872,3841
3873,3844
3874,3845
3875,3844
3876,3845
3877,3843
3878,3846
3879,3848
3880,3846
3881,3850
3882,3853
3883,3851
3884,3856
3885,3852
3886,3856
3887,3859
3888,3860
3889,3859
3890,3855
3891,3865
3892,3862
3893,3862
3894,3868
3895,3867
3896,3867
3897,3865
3898,3869
3899,3873
3900,3867
3901,3870
3902,3874
3903,3875
3904,3875
3905,3871
3906,3875
3907,3875
3908,3881
3909,3879
3910,3875
3911,3884
3912,3878
3913,3885
3914,3887
3915,3884
3916,3889
3917,3889
3918,3885
3919,3889
3920,3889
3921,3894
3922,3893
3923,3895
3924,3895
3925,3895
3926,3899
3927,3901
3928,3899
3929,3900
3930,3899
3931,3900
3932,3903
3933,3898
3934,3905
3935,3904
3936,3903
3937,3907
3938,3908
3939,3909
3940,3912
3941,3913
3942,3914
3943,3909
3944,3913
3945,3917
3946,3917
3947,3918
3948,3914
3949,3921
3950,3919
3951,3921
3952,3925
3953,3921
3954,3922
3955,3926
3956,3927
3957,3926
3958,3925
3959,3930
3960,3929
3961,3931
3962,3936
3963,3931
3964,3931
3965,3933
3966,3937
3967,3940
3968,3938
3969,3937
3970,3941
3971,3939
3972,3944
3973,3947
3974,3939
3975,3945
3976,3942
3977,3944
3978,3951
3979,3948
3980,3949
3981,3952
3982,3950
3983,3957
3984,3949
3985,3953
3986,3952
3987,3956
3988,3956
3989,3958
3990,3958
3991,3962
3992,3959
3993,3960
3994,3964
3995,3971
3996,3965
3997,3966
3998,3968
3999,3967
4000,3969
4001,3967
4002,3969
4003,3971
4004,3971
4005,3972
4006,3973
4007,3976
4008,3977
4009,3975
4010,3983
4011,3978
4012,3982
4013,3981
4014,3979
4015,3987
4016,3987
4017,3989
4018,3987
4019,3987
4020,3986
4021,3992
4022,3993
4023,3991
4024,3996
4025,3993
4026,3999
4027,3991
4028,3999
4029,3998
4030,3998
4031,4001
4032,3996
4033,4006
4034,4005
4035,4006
4036,4006
4037,4004
4038,4009
4039,4008
4040,4006
4041,4012
4042,4011
4043,4011
4044,4014
4045,4011
4046,4017
4047,4019
4048,4016
4049,4016
4050,4016
4051,4020
4052,4023
4053,4026
4054,4020
4055,4023
4056,4030
4057,4027
4058,4031
4059,4032
4060,4027
4061,4034
4062,4027
4063,4031
4064,4038
4065,4031
4066,4036
4067,4039
4068,4036
4069,4036
4070,4040
4071,4037
4072,4043
4073,4037
4074,4043
4075,4041
4076,4048
4077,4045
4078,4042
4079,4047
4080,4050
4081,4053
4082,4056
4083,4048
4084,4052
4085,4053
4086,4055
4087,4061
4088,4058
4089,4060
4090,4054
4091,4060
4092,4057
4093,4053
4094,4064
4095,4054
