0,32
1,6
2,6
3,6
4,6
5,6
6,6
7,7
8,8
9,9
10,10
11,11
12,12
13,13
14,14
15,15
16,16
17,17
18,18
19,19
20,20
21,21
22,22
23,23
24,24
25,25
26,26
27,27
28,28
29,29
30,30
31,31
32,32
33,33
34,34
35,35
36,36
37,37
38,38
39,40
40,40
41,41
42,42
43,44
44,44
45,45
46,46
47,47
48,48
49,49
50,50
51,52
52,52
53,53
54,54
55,55
56,56
57,57
58,58
59,60
60,60
61,61
62,62
63,63
64,64
65,65
66,66
67,66
68,68
69,69
70,69
71,71
72,72
73,73
74,74
75,74
76,76
77,76
78,78
79,79
80,80
81,81
82,82
83,83
84,84
85,84
86,85
87,87
88,87
89,88
90,90
91,91
92,92
93,93
94,94
95,95
96,96
97,96
98,98
99,99
100,100
101,101
102,102
103,103
104,104
105,105
106,105
107,107
108,107
109,108
110,109
111,110
112,112
113,112
114,114
115,115
116,116
117,117
118,118
119,119
120,120
121,121
122,121
123,123
124,124
125,124
126,126
127,127
128,128
129,129
130,129
131,131
132,132
133,133
134,133
135,135
136,136
137,137
138,137
139,139
140,140
141,141
142,141
143,143
144,144
145,144
146,145
147,147
148,148
149,148
150,150
151,150
152,152
153,153
154,154
155,155
156,156
157,157
158,158
159,159
160,159
161,161
162,162
163,163
164,164
165,165
166,165
167,166
168,167
169,168
170,170
171,171
172,171
173,172
174,174
175,175
176,176
177,176
178,177
179,179
180,179
181,181
182,181
183,183
184,183
185,185
186,185
187,186
188,187
189,188
190,189
191,190
192,192
193,193
194,194
195,194
196,196
197,196
198,197
199,198
200,199
201,200
202,201
203,202
204,203
205,204
206,205
207,206
208,207
209,208
210,209
211,211
212,211
213,212
214,213
215,214
216,216
217,217
218,217
219,218
220,220
221,221
222,221
223,222
224,223
225,224
226,225
227,226
228,227
229,228
230,229
231,231
232,231
233,232
234,233
235,234
236,235
237,236
238,237
239,238
240,240
241,240
242,241
243,243
244,244
245,244
246,245
247,247
248,248
249,249
250,250
251,251
252,252
253,254
254,254
255,255
256,256
257,258
258,258
259,259
260,260
261,262
262,262
263,263
264,264
265,266
266,266
267,267
268,268
269,269
270,271
271,271
272,272
273,273
274,274
275,275
276,276
277,277
278,278
279,279
280,279
281,281
282,283
283,283
284,283
285,285
286,286
287,288
288,288
289,289
290,290
291,291
292,292
293,294
294,294
295,295
296,296
297,297
298,298
299,299
300,300
301,301
302,301
303,303
304,304
305,305
306,306
307,307
308,308
309,309
310,310
311,311
312,312
313,313
314,314
315,316
316,316
317,317
318,318
319,319
320,320
321,321
322,322
323,323
324,324
325,325
326,326
327,327
328,328
329,329
330,330
331,331
332,332
333,333
334,334
335,335
336,335
337,337
338,338
339,339
340,341
341,341
342,342
343,343
344,344
345,345
346,346
347,347
348,347
349,349
350,350
351,351
352,353
353,353
354,354
355,354
356,356
357,358
358,358
359,359
360,360
361,361
362,362
363,363
364,363
365,365
366,366
367,367
368,368
369,368
370,370
371,371
372,372
373,373
374,374
375,375
376,376
377,377
378,378
379,379
380,380
381,381
382,382
383,383
384,384
385,385
386,386
387,387
388,388
389,389
390,390
391,391
392,392
393,393
394,394
395,395
396,396
397,397
398,398
399,399
400,400
401,401
402,402
403,402
404,404
405,406
406,406
407,407
408,407
409,409
410,409
411,411
412,412
413,413
414,414
415,415
416,416
417,417
418,418
419,419
420,420
421,421
422,422
423,423
424,423
425,425
426,426
427,427
428,428
429,429
430,430
431,430
432,432
433,433
434,433
435,435
436,436
437,437
438,438
439,439
440,439
441,440
442,441
443,442
444,443
445,445
446,446
447,447
448,447
449,449
450,450
451,450
452,452
453,453
454,454
455,455
456,455
457,457
458,457
459,458
460,459
461,461
462,461
463,462
464,463
465,465
466,465
467,467
468,467
469,469
470,470
471,470
472,471
473,472
474,474
475,474
476,475
477,476
478,478
479,478
480,479
481,481
482,481
483,482
484,483
485,484
486,486
487,486
488,487
489,488
490,490
491,491
492,491
493,493
494,494
495,494
496,495
497,496
498,497
499,499
500,499
501,500
502,501
503,503
504,504
505,504
506,505
507,506
508,507
509,508
510,509
511,511
512,511
513,512
514,513
515,514
516,515
517,516
518,517
519,518
520,519
521,520
522,521
523,522
524,523
525,524
526,525
527,527
528,527
529,528
530,529
531,530
532,531
533,532
534,533
535,535
536,536
537,536
538,537
539,538
540,539
541,540
542,542
543,542
544,543
545,544
546,545
547,546
548,547
549,548
550,550
551,551
552,551
553,552
554,553
555,554
556,555
557,556
558,557
559,558
560,560
561,560
562,561
563,562
564,563
565,564
566,565
567,567
568,568
569,568
570,569
571,570
572,571
573,572
574,573
575,574
576,575
577,576
578,577
579,578
580,579
581,580
582,581
583,583
584,584
585,584
586,585
587,586
588,587
589,588
590,589
591,590
592,591
593,592
594,593
595,594
596,595
597,595
598,597
599,599
600,599
601,600
602,601
603,602
604,602
605,604
606,605
607,606
608,607
609,607
610,608
611,610
612,611
613,612
614,614
615,614
616,615
617,616
618,616
619,617
620,619
621,620
622,621
623,623
624,622
625,623
626,625
627,626
628,627
629,628
630,629
631,630
632,631
633,631
634,632
635,634
636,635
637,636
638,637
639,638
640,639
641,640
642,640
643,642
644,643
645,644
646,644
647,646
648,647
649,648
650,648
651,650
652,651
653,652
654,653
655,654
656,655
657,656
658,657
659,658
660,659
661,660
662,662
663,662
664,664
665,664
666,665
667,666
668,667
669,668
670,669
671,670
672,671
673,672
674,673
675,674
676,675
677,676
678,677
679,678
680,680
681,680
682,681
683,682
684,683
685,684
686,685
687,687
688,687
689,688
690,689
691,690
692,691
693,692
694,693
695,694
696,695
697,696
698,697
699,698
700,699
701,699
702,701
703,702
704,703
705,704
706,705
707,706
708,707
709,708
710,709
711,710
712,711
713,712
714,713
715,714
716,715
717,716
718,717
719,718
720,719
721,720
722,721
723,722
724,723
725,724
726,725
727,726
728,727
729,728
730,729
731,730
732,731
733,732
734,733
735,735
736,735
737,736
738,737
739,738
740,739
741,740
742,741
743,742
744,743
745,744
746,745
747,746
748,747
749,748
750,750
751,751
752,752
753,753
754,753
755,754
756,756
757,757
758,758
759,759
760,761
761,761
762,762
763,763
764,764
765,765
766,766
767,767
768,768
769,769
770,770
771,770
772,772
773,773
774,774
775,775
776,777
777,777
778,778
779,779
780,780
781,781
782,782
783,783
784,784
785,785
786,785
787,787
788,788
789,789
790,790
791,791
792,792
793,793
794,794
795,795
796,796
797,797
798,798
799,800
800,800
801,801
802,802
803,803
804,804
805,805
806,806
807,808
808,809
809,809
810,810
811,811
812,812
813,813
814,814
815,815
816,816
817,817
818,818
819,819
820,820
821,821
822,822
823,823
824,824
825,825
826,826
827,827
828,828
829,829
830,831
831,832
832,832
833,833
834,834
835,835
836,836
837,837
838,838
839,840
840,840
841,841
842,842
843,843
844,844
845,845
846,846
847,847
848,848
849,849
850,850
851,851
852,852
853,853
854,854
855,856
856,857
857,857
858,858
859,859
860,860
861,861
862,862
863,864
864,865
865,866
866,866
867,867
868,868
869,869
870,871
871,872
872,873
873,873
874,875
875,876
876,877
877,877
878,878
879,880
880,881
881,881
882,882
883,884
884,884
885,885
886,886
887,888
888,889
889,889
890,890
891,891
892,892
893,894
894,894
895,896
896,897
897,898
898,898
899,899
900,901
901,902
902,903
903,904
904,905
905,905
906,906
907,908
908,908
909,910
910,911
911,912
912,913
913,914
914,914
915,915
916,917
917,918
918,919
919,920
920,921
921,922
922,922
923,923
924,924
925,925
926,926
927,928
928,929
929,930
930,930
931,932
932,932
933,933
934,935
935,936
936,937
937,938
938,939
939,940
940,940
941,942
942,942
943,944
944,945
945,946
946,946
947,947
948,948
949,949
950,950
951,952
952,953
953,954
954,954
955,956
956,957
957,957
958,959
959,960
960,961
961,961
962,963
963,963
964,964
965,965
966,967
967,968
968,969
969,970
970,970
971,971
972,972
973,973
974,975
975,975
976,977
977,978
978,979
979,980
980,980
981,981
982,983
983,984
984,985
985,985
986,986
987,987
988,989
989,989
990,990
991,992
992,993
993,994
994,994
995,996
996,996
997,998
998,999
999,1000
1000,1002
1001,1003
1002,1003
1003,1004
1004,1005
1005,1006
1006,1008
1007,1008
1008,1009
1009,1011
1010,1011
1011,1012
1012,1013
1013,1014
1014,1015
1015,1016
1016,1018
1017,1018
1018,1019
1019,1021
1020,1021
1021,1022
1022,1024
1023,1025
1024,1026
1025,1027
1026,1028
1027,1028
1028,1029
1029,1030
1030,1031
1031,1033
1032,1034
1033,1035
1034,1035
1035,1036
1036,1037
1037,1038
1038,1039
1039,1041
1040,1042
1041,1043
1042,1043
1043,1045
1044,1046
1045,1047
1046,1048
1047,1049
1048,1050
1049,1051
1050,1051
1051,1053
1052,1053
1053,1055
1054,1056
1055,1057
1056,1058
1057,1058
1058,1059
1059,1060
1060,1061
1061,1062
1062,1063
1063,1065
1064,1066
1065,1067
1066,1068
1067,1068
1068,1069
1069,1070
1070,1071
1071,1073
1072,1074
1073,1075
1074,1075
1075,1076
1076,1077
1077,1078
1078,1079
1079,1081
1080,1082
1081,1083
1082,1083
1083,1084
1084,1085
1085,1086
1086,1087
1087,1089
1088,1090
1089,1091
1090,1092
1091,1092
1092,1093
1093,1094
1094,1095
1095,1097
1096,1098
1097,1099
1098,1099
1099,1100
1100,1101
1101,1102
1102,1103
1103,1105
1104,1106
1105,1106
1106,1108
1107,1108
1108,1109
1109,1111
1110,1111
1111,1112
1112,1114
1113,1115
1114,1115
1115,1116
1116,1118
1117,1118
1118,1120
1119,1120
1120,1121
1121,1123
1122,1123
1123,1124
1124,1126
1125,1127
1126,1128
1127,1128
1128,1130
1129,1131
1130,1131
1131,1132
1132,1133
1133,1135
1134,1135
1135,1136
1136,1138
1137,1138
1138,1140
1139,1141
1140,1141
1141,1142
1142,1144
1143,1145
1144,1145
1145,1147
1146,1147
1147,1148
1148,1149
1149,1150
1150,1152
1151,1153
1152,1154
1153,1155
1154,1156
1155,1156
1156,1157
1157,1158
1158,1159
1159,1161
1160,1162
1161,1163
1162,1163
1163,1164
1164,1165
1165,1166
1166,1168
1167,1169
1168,1170
1169,1171
1170,1171
1171,1172
1172,1173
1173,1174
1174,1175
1175,1176
1176,1177
1177,1179
1178,1179
1179,1180
1180,1181
1181,1182
1182,1183
1183,1184
1184,1186
1185,1187
1186,1187
1187,1188
1188,1189
1189,1190
1190,1191
1191,1192
1192,1193
1193,1195
1194,1195
1195,1196
1196,1197
1197,1198
1198,1199
1199,1200
1200,1201
1201,1202
1202,1203
1203,1204
1204,1205
1205,1206
1206,1207
1207,1208
1208,1209
1209,1210
1210,1211
1211,1212
1212,1213
1213,1214
1214,1215
1215,1216
1216,1217
1217,1219
1218,1219
1219,1220
1220,1221
1221,1222
1222,1223
1223,1224
1224,1225
1225,1227
1226,1227
1227,1228
1228,1229
1229,1230
1230,1231
1231,1232
1232,1233
1233,1234
1234,1235
1235,1236
1236,1237
1237,1238
1238,1239
1239,1240
1240,1241
1241,1243
1242,1244
1243,1244
1244,1245
1245,1246
1246,1247
1247,1248
1248,1249
1249,1250
1250,1251
1251,1252
1252,1253
1253,1254
1254,1255
1255,1256
1256,1257
1257,1258
1258,1260
1259,1260
1260,1261
1261,1261
1262,1263
1263,1264
1264,1265
1265,1266
1266,1267
1267,1268
1268,1269
1269,1269
1270,1271
1271,1272
1272,1273
1273,1274
1274,1275
1275,1276
1276,1276
1277,1278
1278,1279
1279,1280
1280,1281
1281,1282
1282,1284
1283,1284
1284,1285
1285,1286
1286,1287
1287,1288
1288,1289
1289,1290
1290,1291
1291,1293
1292,1293
1293,1293
1294,1295
1295,1296
1296,1297
1297,1298
1298,1300
1299,1300
1300,1301
1301,1301
1302,1303
1303,1304
1304,1305
1305,1306
1306,1307
1307,1308
1308,1309
1309,1309
1310,1311
1311,1312
1312,1313
1313,1314
1314,1315
1315,1316
1316,1316
1317,1317
1318,1319
1319,1320
1320,1320
1321,1322
1322,1323
1323,1323
1324,1325
1325,1326
1326,1327
1327,1327
1328,1329
1329,1330
1330,1331
1331,1332
1332,1333
1333,1333
1334,1334
1335,1336
1336,1337
1337,1338
1338,1339
1339,1340
1340,1340
1341,1341
1342,1342
1343,1344
1344,1345
1345,1345
1346,1347
1347,1348
1348,1349
1349,1349
1350,1351
1351,1352
1352,1352
1353,1354
1354,1355
1355,1356
1356,1357
1357,1357
1358,1359
1359,1360
1360,1360
1361,1362
1362,1363
1363,1364
1364,1365
1365,1365
1366,1366
1367,1368
1368,1368
1369,1369
1370,1371
1371,1372
1372,1372
1373,1373
1374,1375
1375,1376
1376,1377
1377,1378
1378,1379
1379,1380
1380,1381
1381,1381
1382,1383
1383,1384
1384,1385
1385,1386
1386,1387
1387,1388
1388,1389
1389,1389
1390,1390
1391,1392
1392,1393
1393,1393
1394,1394
1395,1396
1396,1396
1397,1397
1398,1398
1399,1400
1400,1400
1401,1402
1402,1403
1403,1404
1404,1405
1405,1406
1406,1406
1407,1407
1408,1408
1409,1409
1410,1411
1411,1412
1412,1412
1413,1414
1414,1414
1415,1415
1416,1417
1417,1417
1418,1418
1419,1420
1420,1421
1421,1421
1422,1422
1423,1424
1424,1424
1425,1425
1426,1426
1427,1428
1428,1428
1429,1429
1430,1430
1431,1431
1432,1432
1433,1433
1434,1434
1435,1435
1436,1436
1437,1437
1438,1438
1439,1439
1440,1440
1441,1441
1442,1442
1443,1443
1444,1444
1445,1445
1446,1446
1447,1447
1448,1448
1449,1449
1450,1450
1451,1451
1452,1452
1453,1453
1454,1454
1455,1455
1456,1456
1457,1457
1458,1458
1459,1459
1460,1460
1461,1460
1462,1462
1463,1463
1464,1464
1465,1465
1466,1466
1467,1467
1468,1468
1469,1468
1470,1469
1471,1471
1472,1472
1473,1473
1474,1474
1475,1475
1476,1476
1477,1477
1478,1478
1479,1479
1480,1480
1481,1481
1482,1481
1483,1483
1484,1484
1485,1484
1486,1485
1487,1487
1488,1487
1489,1489
1490,1490
1491,1491
1492,1492
1493,1493
1494,1493
1495,1495
1496,1496
1497,1497
1498,1498
1499,1499
1500,1501
1501,1502
1502,1502
1503,1503
1504,1504
1505,1505
1506,1507
1507,1508
1508,1509
1509,1509
1510,1511
1511,1511
1512,1512
1513,1513
1514,1515
1515,1516
1516,1517
1517,1518
1518,1518
1519,1519
1520,1520
1521,1521
1522,1522
1523,1523
1524,1525
1525,1526
1526,1526
1527,1527
1528,1528
1529,1529
1530,1530
1531,1532
1532,1533
1533,1534
1534,1534
1535,1535
1536,1537
1537,1537
1538,1539
1539,1540
1540,1541
1541,1542
1542,1542
1543,1543
1544,1544
1545,1546
1546,1547
1547,1548
1548,1549
1549,1550
1550,1550
1551,1551
1552,1552
1553,1554
1554,1554
1555,1555
1556,1557
1557,1558
1558,1559
1559,1559
1560,1560
1561,1561
1562,1562
1563,1563
1564,1565
1565,1566
1566,1567
1567,1567
1568,1568
1569,1569
1570,1570
1571,1571
1572,1573
1573,1574
1574,1574
1575,1575
1576,1576
1577,1577
1578,1578
1579,1579
1580,1581
1581,1582
1582,1582
1583,1583
1584,1584
1585,1585
1586,1586
1587,1587
1588,1588
1589,1590
1590,1590
1591,1591
1592,1592
1593,1593
1594,1594
1595,1595
1596,1596
1597,1597
1598,1598
1599,1599
1600,1600
1601,1601
1602,1602
1603,1603
1604,1604
1605,1605
1606,1606
1607,1607
1608,1608
1609,1609
1610,1610
1611,1611
1612,1612
1613,1614
1614,1614
1615,1615
1616,1616
1617,1617
1618,1618
1619,1619
1620,1620
1621,1621
1622,1622
1623,1623
1624,1624
1625,1625
1626,1626
1627,1627
1628,1628
1629,1629
1630,1630
1631,1631
1632,1631
1633,1633
1634,1634
1635,1635
1636,1636
1637,1637
1638,1638
1639,1639
1640,1640
1641,1640
1642,1642
1643,1643
1644,1644
1645,1645
1646,1646
1647,1647
1648,1647
1649,1649
1650,1650
1651,1651
1652,1652
1653,1653
1654,1654
1655,1654
1656,1656
1657,1656
1658,1658
1659,1659
1660,1660
1661,1661
1662,1662
1663,1663
1664,1663
1665,1664
1666,1666
1667,1667
1668,1668
1669,1669
1670,1670
1671,1671
1672,1672
1673,1673
1674,1674
1675,1675
1676,1676
1677,1677
1678,1678
1679,1678
1680,1680
1681,1681
1682,1681
1683,1683
1684,1684
1685,1685
1686,1686
1687,1686
1688,1687
1689,1688
1690,1689
1691,1691
1692,1692
1693,1693
1694,1693
1695,1695
1696,1695
1697,1696
1698,1698
1699,1699
1700,1700
1701,1701
1702,1702
1703,1703
1704,1703
1705,1704
1706,1705
1707,1706
1708,1708
1709,1708
1710,1710
1711,1711
1712,1711
1713,1712
1714,1713
1715,1715
1716,1715
1717,1717
1718,1718
1719,1719
1720,1720
1721,1719
1722,1721
1723,1723
1724,1723
1725,1725
1726,1725
1727,1726
1728,1727
1729,1729
1730,1729
1731,1730
1732,1731
1733,1733
1734,1733
1735,1734
1736,1735
1737,1736
1738,1737
1739,1738
1740,1740
1741,1741
1742,1742
1743,1742
1744,1743
1745,1744
1746,1745
1747,1746
1748,1747
1749,1748
1750,1750
1751,1751
1752,1752
1753,1752
1754,1752
1755,1754
1756,1755
1757,1757
1758,1758
1759,1759
1760,1759
1761,1760
1762,1761
1763,1762
1764,1764
1765,1764
1766,1766
1767,1767
1768,1767
1769,1768
1770,1769
1771,1769
1772,1772
1773,1773
1774,1774
1775,1774
1776,1776
1777,1776
1778,1777
1779,1779
1780,1779
1781,1780
1782,1782
1783,1783
1784,1784
1785,1784
1786,1785
1787,1786
1788,1787
1789,1788
1790,1789
1791,1790
1792,1791
1793,1792
1794,1793
1795,1794
1796,1795
1797,1796
1798,1798
1799,1798
1800,1800
1801,1799
1802,1801
1803,1802
1804,1803
1805,1804
1806,1805
1807,1807
1808,1807
1809,1808
1810,1809
1811,1809
1812,1811
1813,1812
1814,1813
1815,1814
1816,1815
1817,1816
1818,1817
1819,1818
1820,1819
1821,1820
1822,1821
1823,1823
1824,1823
1825,1824
1826,1825
1827,1826
1828,1827
1829,1828
1830,1829
1831,1830
1832,1831
1833,1832
1834,1833
1835,1834
1836,1835
1837,1836
1838,1837
1839,1839
1840,1839
1841,1840
1842,1840
1843,1842
1844,1843
1845,1844
1846,1845
1847,1847
1848,1847
1849,1849
1850,1849
1851,1850
1852,1851
1853,1852
1854,1853
1855,1854
1856,1855
1857,1856
1858,1857
1859,1858
1860,1859
1861,1860
1862,1861
1863,1862
1864,1863
1865,1864
1866,1865
1867,1866
1868,1867
1869,1868
1870,1869
1871,1871
1872,1872
1873,1872
1874,1873
1875,1874
1876,1875
1877,1876
1878,1877
1879,1879
1880,1879
1881,1880
1882,1881
1883,1882
1884,1883
1885,1884
1886,1885
1887,1886
1888,1887
1889,1888
1890,1889
1891,1889
1892,1891
1893,1892
1894,1893
1895,1895
1896,1895
1897,1896
1898,1897
1899,1898
1900,1899
1901,1900
1902,1901
1903,1902
1904,1903
1905,1904
1906,1905
1907,1906
1908,1906
1909,1908
1910,1909
1911,1910
1912,1911
1913,1912
1914,1912
1915,1914
1916,1916
1917,1916
1918,1917
1919,1919
1920,1920
1921,1920
1922,1921
1923,1922
1924,1923
1925,1924
1926,1925
1927,1926
1928,1928
1929,1928
1930,1929
1931,1929
1932,1930
1933,1932
1934,1933
1935,1934
1936,1935
1937,1936
1938,1936
1939,1938
1940,1939
1941,1939
1942,1941
1943,1942
1944,1943
1945,1944
1946,1945
1947,1946
1948,1946
1949,1947
1950,1948
1951,1950
1952,1951
1953,1951
1954,1953
1955,1954
1956,1954
1957,1955
1958,1957
1959,1958
1960,1958
1961,1959
1962,1960
1963,1962
1964,1963
1965,1963
1966,1965
1967,1965
1968,1967
1969,1967
1970,1968
1971,1969
1972,1970
1973,1971
1974,1973
1975,1974
1976,1974
1977,1975
1978,1976
1979,1977
1980,1978
1981,1979
1982,1981
1983,1982
1984,1983
1985,1983
1986,1984
1987,1985
1988,1986
1989,1987
1990,1988
1991,1989
1992,1991
1993,1992
1994,1992
1995,1993
1996,1995
1997,1996
1998,1997
1999,1999
2000,2000
2001,2001
2002,2002
2003,2003
2004,2004
2005,2005
2006,2007
2007,2008
2008,2009
2009,2010
2010,2010
2011,2011
2012,2013
2013,2013
2014,2015
2015,2016
2016,2018
2017,2018
2018,2019
2019,2019
2020,2021
2021,2022
2022,2024
2023,2024
2024,2025
2025,2026
2026,2027
2027,2027
2028,2028
2029,2030
2030,2031
2031,2032
2032,2033
2033,2034
2034,2035
2035,2035
2036,2037
2037,2038
2038,2038
2039,2040
2040,2041
2041,2042
2042,2043
2043,2044
2044,2044
2045,2046
2046,2047
2047,2048
2048,2049
2049,2050
2050,2051
2051,2052
2052,2053
2053,2054
2054,2055
2055,2056
2056,2057
2057,2058
2058,2059
2059,2059
2060,2061
2061,2062
2062,2063
2063,2064
2064,2065
2065,2066
2066,2067
2067,2067
2068,2069
2069,2070
2070,2071
2071,2072
2072,2073
2073,2074
2074,2075
2075,2076
2076,2077
2077,2077
2078,2079
2079,2079
2080,2081
2081,2082
2082,2083
2083,2083
2084,2085
2085,2086
2086,2086
2087,2088
2088,2089
2089,2090
2090,2090
2091,2092
2092,2092
2093,2094
2094,2095
2095,2096
2096,2097
2097,2098
2098,2099
2099,2099
2100,2100
2101,2102
2102,2102
2103,2104
2104,2105
2105,2106
2106,2107
2107,2107
2108,2108
2109,2110
2110,2110
2111,2111
2112,2113
2113,2114
2114,2114
2115,2115
2116,2116
2117,2118
2118,2118
2119,2120
2120,2121
2121,2122
2122,2123
2123,2123
2124,2125
2125,2125
2126,2126
2127,2128
2128,2129
2129,2130
2130,2130
2131,2131
2132,2133
2133,2133
2134,2134
2135,2135
2136,2136
2137,2137
2138,2139
2139,2139
2140,2141
2141,2142
2142,2143
2143,2144
2144,2145
2145,2146
2146,2146
2147,2147
2148,2148
2149,2150
2150,2151
2151,2151
2152,2153
2153,2154
2154,2154
2155,2156
2156,2156
2157,2157
2158,2159
2159,2160
2160,2161
2161,2161
2162,2162
2163,2162
2164,2165
2165,2164
2166,2166
2167,2168
2168,2169
2169,2170
2170,2170
2171,2171
2172,2173
2173,2173
2174,2174
2175,2175
2176,2177
2177,2178
2178,2179
2179,2179
2180,2180
2181,2181
2182,2182
2183,2184
2184,2184
2185,2186
2186,2186
2187,2187
2188,2188
2189,2189
2190,2190
2191,2191
2192,2192
2193,2193
2194,2194
2195,2195
2196,2196
2197,2197
2198,2198
2199,2199
2200,2200
2201,2201
2202,2202
2203,2203
2204,2204
2205,2205
2206,2206
2207,2207
2208,2208
2209,2210
2210,2210
2211,2211
2212,2212
2213,2213
2214,2214
2215,2215
2216,2216
2217,2218
2218,2218
2219,2219
2220,2220
2221,2220
2222,2222
2223,2223
2224,2225
2225,2226
2226,2227
2227,2227
2228,2227
2229,2229
2230,2230
2231,2231
2232,2232
2233,2233
2234,2234
2235,2235
2236,2235
2237,2237
2238,2238
2239,2239
2240,2240
2241,2241
2242,2242
2243,2243
2244,2244
2245,2245
2246,2246
2247,2248
2248,2249
2249,2250
2250,2252
2251,2253
2252,2252
2253,2254
2254,2255
2255,2255
2256,2258
2257,2258
2258,2259
2259,2261
2260,2261
2261,2262
2262,2262
2263,2264
2264,2265
2265,2267
2266,2267
2267,2268
2268,2269
2269,2269
2270,2270
2271,2272
2272,2273
2273,2273
2274,2274
2275,2276
2276,2276
2277,2277
2278,2278
2279,2279
2280,2281
2281,2282
2282,2283
2283,2284
2284,2284
2285,2286
2286,2287
2287,2288
2288,2289
2289,2290
2290,2291
2291,2292
2292,2293
2293,2294
2294,2295
2295,2296
2296,2297
2297,2298
2298,2299
2299,2300
2300,2300
2301,2301
2302,2303
2303,2304
2304,2306
2305,2306
2306,2306
2307,2308
2308,2309
2309,2309
2310,2310
2311,2312
2312,2313
2313,2314
2314,2315
2315,2316
2316,2316
2317,2318
2318,2319
2319,2319
2320,2321
2321,2322
2322,2323
2323,2324
2324,2324
2325,2326
2326,2326
2327,2328
2328,2329
2329,2330
2330,2332
2331,2332
2332,2333
2333,2334
2334,2335
2335,2336
2336,2337
2337,2338
2338,2339
2339,2340
2340,2340
2341,2342
2342,2342
2343,2343
2344,2345
2345,2346
2346,2347
2347,2348
2348,2349
2349,2349
2350,2351
2351,2351
2352,2353
2353,2354
2354,2355
2355,2356
2356,2357
2357,2358
2358,2358
2359,2359
2360,2361
2361,2362
2362,2363
2363,2363
2364,2364
2365,2365
2366,2366
2367,2368
2368,2369
2369,2370
2370,2371
2371,2372
2372,2372
2373,2374
2374,2374
2375,2376
2376,2378
2377,2378
2378,2379
2379,2381
2380,2381
2381,2381
2382,2383
2383,2384
2384,2384
2385,2385
2386,2387
2387,2387
2388,2388
2389,2389
2390,2390
2391,2392
2392,2393
2393,2394
2394,2395
2395,2395
2396,2396
2397,2398
2398,2398
2399,2399
2400,2401
2401,2402
2402,2403
2403,2404
2404,2404
2405,2406
2406,2407
2407,2407
2408,2408
2409,2410
2410,2410
2411,2412
2412,2412
2413,2414
2414,2414
2415,2415
2416,2416
2417,2417
2418,2419
2419,2419
2420,2420
2421,2422
2422,2422
2423,2423
2424,2424
2425,2426
2426,2427
2427,2428
2428,2429
2429,2429
2430,2430
2431,2432
2432,2432
2433,2433
2434,2434
2435,2436
2436,2435
2437,2437
2438,2438
2439,2439
2440,2440
2441,2441
2442,2442
2443,2443
2444,2444
2445,2445
2446,2446
2447,2448
2448,2447
2449,2449
2450,2451
2451,2452
2452,2452
2453,2453
2454,2454
2455,2455
2456,2456
2457,2457
2458,2458
2459,2459
2460,2459
2461,2461
2462,2462
2463,2463
2464,2464
2465,2465
2466,2466
2467,2468
2468,2468
2469,2468
2470,2470
2471,2471
2472,2472
2473,2473
2474,2474
2475,2475
2476,2476
2477,2477
2478,2477
2479,2479
2480,2480
2481,2480
2482,2482
2483,2483
2484,2484
2485,2484
2486,2485
2487,2487
2488,2487
2489,2488
2490,2490
2491,2491
2492,2492
2493,2493
2494,2493
2495,2495
2496,2495
2497,2496
2498,2498
2499,2499
2500,2500
2501,2501
2502,2501
2503,2503
2504,2503
2505,2505
2506,2505
2507,2507
2508,2507
2509,2509
2510,2509
2511,2510
2512,2513
2513,2513
2514,2514
2515,2515
2516,2516
2517,2517
2518,2518
2519,2519
2520,2520
2521,2521
2522,2522
2523,2523
2524,2524
2525,2524
2526,2525
2527,2526
2528,2528
2529,2529
2530,2530
2531,2531
2532,2532
2533,2533
2534,2534
2535,2534
2536,2536
2537,2536
2538,2538
2539,2539
2540,2540
2541,2541
2542,2542
2543,2543
2544,2543
2545,2545
2546,2545
2547,2546
2548,2548
2549,2548
2550,2550
2551,2551
2552,2552
2553,2552
2554,2554
2555,2555
2556,2556
2557,2557
2558,2557
2559,2559
2560,2559
2561,2560
2562,2562
2563,2563
2564,2564
2565,2565
2566,2566
2567,2566
2568,2568
2569,2569
2570,2569
2571,2571
2572,2572
2573,2573
2574,2574
2575,2574
2576,2575
2577,2577
2578,2577
2579,2579
2580,2579
2581,2581
2582,2581
2583,2582
2584,2583
2585,2584
2586,2585
2587,2587
2588,2588
2589,2588
2590,2590
2591,2591
2592,2591
2593,2592
2594,2593
2595,2594
2596,2596
2597,2597
2598,2598
2599,2599
2600,2599
2601,2600
2602,2601
2603,2603
2604,2604
2605,2605
2606,2605
2607,2606
2608,2608
2609,2608
2610,2610
2611,2610
2612,2611
2613,2613
2614,2614
2615,2614
2616,2615
2617,2616
2618,2618
2619,2619
2620,2619
2621,2621
2622,2622
2623,2622
2624,2624
2625,2625
2626,2625
2627,2627
2628,2628
2629,2629
2630,2630
2631,2631
2632,2632
2633,2633
2634,2633
2635,2634
2636,2635
2637,2637
2638,2638
2639,2638
2640,2640
2641,2641
2642,2641
2643,2643
2644,2643
2645,2645
2646,2646
2647,2645
2648,2646
2649,2648
2650,2649
2651,2650
2652,2652
2653,2652
2654,2652
2655,2654
2656,2655
2657,2656
2658,2656
2659,2658
2660,2660
2661,2660
2662,2661
2663,2662
2664,2663
2665,2665
2666,2665
2667,2667
2668,2667
2669,2669
2670,2669
2671,2670
2672,2671
2673,2672
2674,2673
2675,2674
2676,2675
2677,2676
2678,2676
2679,2678
2680,2678
2681,2680
2682,2681
2683,2682
2684,2684
2685,2685
2686,2685
2687,2685
2688,2687
2689,2688
2690,2689
2691,2690
2692,2691
2693,2693
2694,2694
2695,2693
2696,2694
2697,2696
2698,2697
2699,2698
2700,2699
2701,2700
2702,2701
2703,2702
2704,2703
2705,2703
2706,2705
2707,2706
2708,2706
2709,2707
2710,2709
2711,2710
2712,2710
2713,2712
2714,2713
2715,2714
2716,2715
2717,2716
2718,2716
2719,2717
2720,2719
2721,2719
2722,2720
2723,2721
2724,2723
2725,2724
2726,2725
2727,2726
2728,2726
2729,2727
2730,2728
2731,2729
2732,2731
2733,2732
2734,2733
2735,2734
2736,2734
2737,2735
2738,2736
2739,2738
2740,2739
2741,2739
2742,2740
2743,2742
2744,2742
2745,2744
2746,2744
2747,2746
2748,2747
2749,2748
2750,2750
2751,2751
2752,2752
2753,2752
2754,2752
2755,2754
2756,2755
2757,2756
2758,2758
2759,2759
2760,2760
2761,2760
2762,2762
2763,2763
2764,2764
2765,2764
2766,2766
2767,2767
2768,2766
2769,2769
2770,2769
2771,2771
2772,2772
2773,2773
2774,2774
2775,2774
2776,2774
2777,2777
2778,2776
2779,2779
2780,2779
2781,2780
2782,2782
2783,2782
2784,2783
2785,2784
2786,2785
2787,2786
2788,2788
2789,2789
2790,2790
2791,2791
2792,2792
2793,2792
2794,2794
2795,2795
2796,2794
2797,2798
2798,2798
2799,2799
2800,2800
2801,2800
2802,2801
2803,2803
2804,2804
2805,2805
2806,2806
2807,2807
2808,2807
2809,2808
2810,2809
2811,2811
2812,2811
2813,2812
2814,2814
2815,2814
2816,2815
2817,2816
2818,2817
2819,2818
2820,2819
2821,2820
2822,2821
2823,2823
2824,2823
2825,2824
2826,2825
2827,2826
2828,2827
2829,2829
2830,2829
2831,2831
2832,2831
2833,2832
2834,2834
2835,2835
2836,2835
2837,2836
2838,2837
2839,2839
2840,2839
2841,2840
2842,2842
2843,2842
2844,2843
2845,2844
2846,2846
2847,2846
2848,2847
2849,2848
2850,2848
2851,2851
2852,2851
2853,2853
2854,2853
2855,2855
2856,2855
2857,2856
2858,2857
2859,2858
2860,2859
2861,2860
2862,2861
2863,2862
2864,2863
2865,2864
2866,2864
2867,2866
2868,2867
2869,2868
2870,2869
2871,2870
2872,2871
2873,2872
2874,2873
2875,2874
2876,2875
2877,2876
2878,2877
2879,2878
2880,2879
2881,2880
2882,2880
2883,2882
2884,2883
2885,2883
2886,2884
2887,2886
2888,2886
2889,2888
2890,2888
2891,2891
2892,2890
2893,2892
2894,2893
2895,2894
2896,2895
2897,2896
2898,2897
2899,2897
2900,2899
2901,2900
2902,2901
2903,2902
2904,2901
2905,2904
2906,2905
2907,2905
2908,2907
2909,2909
2910,2908
2911,2910
2912,2910
2913,2913
2914,2913
2915,2913
2916,2915
2917,2916
2918,2915
2919,2918
2920,2918
2921,2920
2922,2921
2923,2922
2924,2923
2925,2925
2926,2925
2927,2926
2928,2927
2929,2927
2930,2928
2931,2929
2932,2932
2933,2932
2934,2933
2935,2934
2936,2935
2937,2937
2938,2937
2939,2937
2940,2939
2941,2940
2942,2941
2943,2942
2944,2943
2945,2944
2946,2944
2947,2946
2948,2947
2949,2947
2950,2949
2951,2949
2952,2952
2953,2951
2954,2953
2955,2954
2956,2954
2957,2956
2958,2956
2959,2958
2960,2958
2961,2959
2962,2961
2963,2962
2964,2963
2965,2964
2966,2964
2967,2966
2968,2966
2969,2968
2970,2967
2971,2969
2972,2971
2973,2971
2974,2973
2975,2973
2976,2975
2977,2976
2978,2977
2979,2977
2980,2978
2981,2979
2982,2980
2983,2982
2984,2983
2985,2983
2986,2984
2987,2985
2988,2987
2989,2987
2990,2988
2991,2990
2992,2990
2993,2992
2994,2993
2995,2993
2996,2995
2997,2996
2998,2998
2999,2999
3000,3000
3001,3000
3002,3001
3003,3002
3004,3004
3005,3005
3006,3005
3007,3006
3008,3008
3009,3009
3010,3010
3011,3010
3012,3011
3013,3012
3014,3013
3015,3013
3016,3015
3017,3017
3018,3018
3019,3019
3020,3020
3021,3020
3022,3022
3023,3022
3024,3024
3025,3024
3026,3026
3027,3027
3028,3027
3029,3029
3030,3030
3031,3030
3032,3032
3033,3032
3034,3034
3035,3034
3036,3035
3037,3036
3038,3038
3039,3039
3040,3041
3041,3040
3042,3041
3043,3042
3044,3043
3045,3045
3046,3046
3047,3046
3048,3048
3049,3048
3050,3050
3051,3051
3052,3051
3053,3053
3054,3052
3055,3054
3056,3056
3057,3056
3058,3057
3059,3058
3060,3059
3061,3060
3062,3061
3063,3062
3064,3064
3065,3065
3066,3066
3067,3066
3068,3067
3069,3068
3070,3069
3071,3070
3072,3072
3073,3073
3074,3073
3075,3074
3076,3075
3077,3076
3078,3078
3079,3079
3080,3080
3081,3080
3082,3081
3083,3082
3084,3083
3085,3084
3086,3086
3087,3087
3088,3087
3089,3089
3090,3089
3091,3091
3092,3091
3093,3091
3094,3093
3095,3095
3096,3095
3097,3096
3098,3097
3099,3097
3100,3099
3101,3100
3102,3101
3103,3102
3104,3103
3105,3105
3106,3105
3107,3106
3108,3107
3109,3107
3110,3109
3111,3110
3112,3111
3113,3112
3114,3113
3115,3114
3116,3114
3117,3116
3118,3117
3119,3118
3120,3120
3121,3120
3122,3122
3123,3121
3124,3123
3125,3125
3126,3125
3127,3125
3128,3128
3129,3128
3130,3129
3131,3130
3132,3131
3133,3132
3134,3134
3135,3135
3136,3135
3137,3136
3138,3136
3139,3139
3140,3138
3141,3141
3142,3141
3143,3141
3144,3143
3145,3143
3146,3145
3147,3146
3148,3147
3149,3149
3150,3147
3151,3150
3152,3152
3153,3152
3154,3153
3155,3155
3156,3156
3157,3155
3158,3156
3159,3157
3160,3159
3161,3160
3162,3162
3163,3162
3164,3163
3165,3164
3166,3164
3167,3166
3168,3167
3169,3169
3170,3170
3171,3170
3172,3171
3173,3172
3174,3172
3175,3175
3176,3176
3177,3177
3178,3178
3179,3178
3180,3178
3181,3179
3182,3181
3183,3182
3184,3183
3185,3184
3186,3185
3187,3184
3188,3185
3189,3188
3190,3188
3191,3190
3192,3191
3193,3192
3194,3192
3195,3194
3196,3195
3197,3195
3198,3196
3199,3197
3200,3199
3201,3200
3202,3201
3203,3202
3204,3202
3205,3203
3206,3205
3207,3206
3208,3206
3209,3208
3210,3209
3211,3209
3212,3210
3213,3211
3214,3212
3215,3214
3216,3213
3217,3215
3218,3215
3219,3217
3220,3218
3221,3218
3222,3220
3223,3221
3224,3222
3225,3223
3226,3224
3227,3225
3228,3226
3229,3227
3230,3228
3231,3229
3232,3231
3233,3232
3234,3231
3235,3233
3236,3233
3237,3235
3238,3235
3239,3237
3240,3238
3241,3239
3242,3240
3243,3241
3244,3241
3245,3243
3246,3243
3247,3246
3248,3246
3249,3247
3250,3249
3251,3249
3252,3251
3253,3251
3254,3252
3255,3254
3256,3254
3257,3256
3258,3256
3259,3258
3260,3258
3261,3259
3262,3260
3263,3261
3264,3262
3265,3263
3266,3264
3267,3266
3268,3267
3269,3266
3270,3267
3271,3269
3272,3271
3273,3272
3274,3273
3275,3272
3276,3274
3277,3275
3278,3277
3279,3277
3280,3279
3281,3279
3282,3280
3283,3281
3284,3283
3285,3283
3286,3284
3287,3286
3288,3287
3289,3287
3290,3288
3291,3289
3292,3291
3293,3291
3294,3292
3295,3294
3296,3294
3297,3295
3298,3296
3299,3298
3300,3297
3301,3300
3302,3300
3303,3302
3304,3302
3305,3302
3306,3304
3307,3306
3308,3306
3309,3306
3310,3308
3311,3309
3312,3310
3313,3311
3314,3312
3315,3313
3316,3315
3317,3314
3318,3315
3319,3317
3320,3318
3321,3319
3322,3320
3323,3321
3324,3322
3325,3323
3326,3324
3327,3325
3328,3326
3329,3328
3330,3328
3331,3329
3332,3329
3333,3331
3334,3332
3335,3334
3336,3334
3337,3335
3338,3336
3339,3337
3340,3339
3341,3339
3342,3340
3343,3341
3344,3342
3345,3343
3346,3345
3347,3345
3348,3346
3349,3347
3350,3348
3351,3348
3352,3350
3353,3351
3354,3351
3355,3353
3356,3354
3357,3355
3358,3356
3359,3356
3360,3358
3361,3359
3362,3360
3363,3362
3364,3362
3365,3363
3366,3363
3367,3365
3368,3366
3369,3366
3370,3368
3371,3369
3372,3370
3373,3370
3374,3373
3375,3373
3376,3374
3377,3375
3378,3375
3379,3377
3380,3377
3381,3379
3382,3379
3383,3381
3384,3382
3385,3382
3386,3384
3387,3385
3388,3384
3389,3388
3390,3388
3391,3389
3392,3390
3393,3390
3394,3392
3395,3391
3396,3394
3397,3394
3398,3396
3399,3398
3400,3398
3401,3399
3402,3402
3403,3402
3404,3402
3405,3402
3406,3405
3407,3403
3408,3405
3409,3407
3410,3409
3411,3409
3412,3409
3413,3411
3414,3412
3415,3414
3416,3414
3417,3414
3418,3416
3419,3418
3420,3418
3421,3419
3422,3418
3423,3421
3424,3422
3425,3423
3426,3424
3427,3425
3428,3425
3429,3427
3430,3429
3431,3428
3432,3430
3433,3430
3434,3432
3435,3433
3436,3433
3437,3435
3438,3435
3439,3435
3440,3438
3441,3438
3442,3439
3443,3441
3444,3442
3445,3442
3446,3443
3447,3443
3448,3445
3449,3446
3450,3447
3451,3449
3452,3449
3453,3449
3454,3452
3455,3454
3456,3453
3457,3454
3458,3456
3459,3457
3460,3458
3461,3459
3462,3458
3463,3459
3464,3461
3465,3463
3466,3463
3467,3465
3468,3466
3469,3466
3470,3467
3471,3468
3472,3467
3473,3470
3474,3472
3475,3472
3476,3473
3477,3474
3478,3475
3479,3476
3480,3477
3481,3478
3482,3479
3483,3480
3484,3481
3485,3482
3486,3483
3487,3484
3488,3484
3489,3486
3490,3486
3491,3488
3492,3490
3493,3491
3494,3491
3495,3493
3496,3492
3497,3494
3498,3496
3499,3497
3500,3499
3501,3499
3502,3501
3503,3501
3504,3502
3505,3504
3506,3504
3507,3506
3508,3506
3509,3507
3510,3508
3511,3510
3512,3510
3513,3511
3514,3512
3515,3514
3516,3515
3517,3516
3518,3516
3519,3516
3520,3518
3521,3519
3522,3520
3523,3521
3524,3523
3525,3523
3526,3524
3527,3525
3528,3525
3529,3526
3530,3528
3531,3529
3532,3530
3533,3531
3534,3533
3535,3532
3536,3534
3537,3534
3538,3536
3539,3538
3540,3538
3541,3540
3542,3540
3543,3542
3544,3542
3545,3543
3546,3543
3547,3546
3548,3546
3549,3547
3550,3549
3551,3548
3552,3550
3553,3551
3554,3552
3555,3554
3556,3554
3557,3556
3558,3556
3559,3558
3560,3559
3561,3559
3562,3558
3563,3561
3564,3562
3565,3563
3566,3563
3567,3564
3568,3565
3569,3568
3570,3568
3571,3570
3572,3570
3573,3572
3574,3572
3575,3572
3576,3573
3577,3574
3578,3576
3579,3576
3580,3578
3581,3580
3582,3580
3583,3581
3584,3582
3585,3583
3586,3583
3587,3585
3588,3587
3589,3587
3590,3588
3591,3589
3592,3590
3593,3591
3594,3591
3595,3592
3596,3594
3597,3595
3598,3596
3599,3597
3600,3598
3601,3598
3602,3599
3603,3601
3604,3601
3605,3602
3606,3604
3607,3604
3608,3605
3609,3606
3610,3608
3611,3609
3612,3610
3613,3611
3614,3612
3615,3612
3616,3614
3617,3614
3618,3616
3619,3617
3620,3618
3621,3619
3622,3620
3623,3620
3624,3621
3625,3623
3626,3624
3627,3625
3628,3625
3629,3627
3630,3628
3631,3628
3632,3628
3633,3631
3634,3631
3635,3633
3636,3635
3637,3634
3638,3635
3639,3638
3640,3635
3641,3637
3642,3639
3643,3639
3644,3642
3645,3643
3646,3644
3647,3645
3648,3644
3649,3646
3650,3648
3651,3649
3652,3651
3653,3651
3654,3652
3655,3651
3656,3652
3657,3654
3658,3657
3659,3656
3660,3657
3661,3659
3662,3660
3663,3660
3664,3661
3665,3661
3666,3663
3667,3663
3668,3665
3669,3666
3670,3667
3671,3668
3672,3669
3673,3671
3674,3671
3675,3672
3676,3673
3677,3674
3678,3676
3679,3676
3680,3678
3681,3677
3682,3678
3683,3680
3684,3682
3685,3683
3686,3685
3687,3685
3688,3685
3689,3686
3690,3687
3691,3689
3692,3689
3693,3690
3694,3691
3695,3692
3696,3692
3697,3694
3698,3694
3699,3696
3700,3697
3701,3698
3702,3699
3703,3700
3704,3701
3705,3702
3706,3703
3707,3704
3708,3706
3709,3707
3710,3708
3711,3708
3712,3708
3713,3710
3714,3711
3715,3711
3716,3712
3717,3714
3718,3715
3719,3715
3720,3716
3721,3718
3722,3720
3723,3719
3724,3721
3725,3721
3726,3724
3727,3724
3728,3725
3729,3726
3730,3727
3731,3727
3732,3728
3733,3729
3734,3731
3735,3731
3736,3733
3737,3734
3738,3735
3739,3735
3740,3737
3741,3737
3742,3739
3743,3739
3744,3740
3745,3742
3746,3742
3747,3744
3748,3745
3749,3745
3750,3747
3751,3749
3752,3749
3753,3749
3754,3751
3755,3751
3756,3752
3757,3755
3758,3755
3759,3756
3760,3757
3761,3759
3762,3759
3763,3760
3764,3761
3765,3762
3766,3763
3767,3765
3768,3764
3769,3765
3770,3766
3771,3768
3772,3769
3773,3771
3774,3771
3775,3772
3776,3773
3777,3773
3778,3773
3779,3777
3780,3776
3781,3777
3782,3779
3783,3781
3784,3781
3785,3782
3786,3782
3787,3783
3788,3784
3789,3786
3790,3787
3791,3788
3792,3789
3793,3790
3794,3791
3795,3792
3796,3792
3797,3794
3798,3796
3799,3796
3800,3797
3801,3797
3802,3798
3803,3800
3804,3800
3805,3801
3806,3804
3807,3805
3808,3805
3809,3806
3810,3806
3811,3809
3812,3808
3813,3809
3814,3810
3815,3812
3816,3813
3817,3814
3818,3813
3819,3815
3820,3817
3821,3818
3822,3819
3823,3820
3824,3821
3825,3821
3826,3823
3827,3823
3828,3825
3829,3825
3830,3827
3831,3828
3832,3829
3833,3829
3834,3830
3835,3831
3836,3832
3837,3834
3838,3833
3839,3835
3840,3837
3841,3838
3842,3838
3843,3839
3844,3840
3845,3841
3846,3843
3847,3844
3848,3845
3849,3845
3850,3846
3851,3847
3852,3849
3853,3850
3854,3850
3855,3852
3856,3852
3857,3853
3858,3854
3859,3855
3860,3857
3861,3857
3862,3858
3863,3860
3864,3860
3865,3860
3866,3862
3867,3863
3868,3865
3869,3866
3870,3866
3871,3868
3872,3868
3873,3870
3874,3870
3875,3872
3876,3872
3877,3874
3878,3874
3879,3877
3880,3877
3881,3878
3882,3879
3883,3880
3884,3879
3885,3882
3886,3883
3887,3883
3888,3885
3889,3885
3890,3885
3891,3886
3892,3889
3893,3890
3894,3890
3895,3893
3896,3894
3897,3893
3898,3893
3899,3895
3900,3897
3901,3897
3902,3898
3903,3899
3904,3900
3905,3901
3906,3901
3907,3903
3908,3904
3909,3907
3910,3906
3911,3909
3912,3909
3913,3909
3914,3909
3915,3910
3916,3910
3917,3913
3918,3915
3919,3916
3920,3917
3921,3916
3922,3918
3923,3919
3924,3919
3925,3921
3926,3922
3927,3924
3928,3925
3929,3926
3930,3926
3931,3928
3932,3928
3933,3930
3934,3931
3935,3932
3936,3932
3937,3935
3938,3934
3939,3934
3940,3936
3941,3937
3942,3938
3943,3939
3944,3941
3945,3942
3946,3942
3947,3942
3948,3944
3949,3946
3950,3946
3951,3948
3952,3948
3953,3948
3954,3949
3955,3950
3956,3952
3957,3952
3958,3953
3959,3956
3960,3956
3961,3957
3962,3957
3963,3959
3964,3959
3965,3960
3966,3962
3967,3963
3968,3964
3969,3965
3970,3965
3971,3967
3972,3968
3973,3968
3974,3970
3975,3970
3976,3972
3977,3972
3978,3972
3979,3975
3980,3976
3981,3977
3982,3977
3983,3979
3984,3980
3985,3981
3986,3981
3987,3982
3988,3983
3989,3984
3990,3986
3991,3986
3992,3987
3993,3989
3994,3990
3995,3991
3996,3991
3997,3992
3998,3993
3999,3994
4000,3996
4001,3997
4002,3998
4003,4000
4004,4000
4005,4001
4006,4002
4007,4003
4008,4005
4009,4006
4010,4006
4011,4007
4012,4009
4013,4010
4014,4011
4015,4010
4016,4013
4017,4014
4018,4015
4019,4016
4020,4016
4021,4018
4022,4018
4023,4019
4024,4020
4025,4021
4026,4022
4027,4023
4028,4025
4029,4026
4030,4026
4031,4027
4032,4028
4033,4029
4034,4031
4035,4032
4036,4033
4037,4033
4038,4034
4039,4035
4040,4036
4041,4037
4042,4038
4043,4040
4044,4041
4045,4041
4046,4042
4047,4044
4048,4044
4049,4045
4050,4047
4051,4048
4052,4048
4053,4049
4054,4049
4055,4050
4056,4052
4057,4053
4058,4054
4059,4055
4060,4057
4061,4057
4062,4058
4063,4060
4064,4060
4065,4061
4066,4063
4067,4064
4068,4065
4069,4065
4070,4066
4071,4067
4072,4068
4073,4069
4074,4070
4075,4071
4076,4072
4077,4073
4078,4074
4079,4075
4080,4076
4081,4077
4082,4078
4083,4079
4084,4080
4085,4081
4086,4082
4087,4083
4088,4084
4089,4085
4090,4085
4091,4085
4092,4085
4093,4086
4094,4084
4095,4085
