0,32
1,6
2,6
3,6
4,6
5,6
6,6
7,7
8,8
9,9
10,10
11,11
12,12
13,13
14,14
15,15
16,16
17,17
18,18
19,19
20,20
21,21
22,22
23,23
24,24
25,26
26,26
27,27
28,28
29,29
30,30
31,30
32,33
33,32
34,34
35,35
36,35
37,37
38,38
39,39
40,40
41,40
42,42
43,43
44,44
45,45
46,46
47,47
48,48
49,48
50,49
51,50
52,51
53,52
54,54
55,55
56,55
57,57
58,57
59,59
60,59
61,61
62,62
63,62
64,64
65,65
66,65
67,67
68,67
69,68
70,69
71,70
72,71
73,72
74,73
75,74
76,75
77,76
78,78
79,78
80,79
81,80
82,82
83,83
84,83
85,84
86,86
87,86
88,87
89,88
90,89
91,90
92,92
93,93
94,93
95,94
96,95
97,96
98,97
99,98
100,99
101,100
102,101
103,102
104,103
105,104
106,105
107,106
108,107
109,108
110,109
111,110
112,111
113,112
114,113
115,114
116,114
117,115
118,117
119,117
120,120
121,120
122,121
123,121
124,122
125,124
126,125
127,126
128,126
129,128
130,128
131,130
132,131
133,132
134,132
135,134
136,135
137,136
138,137
139,138
140,139
141,140
142,141
143,142
144,143
145,144
146,145
147,146
148,147
149,148
150,149
151,150
152,151
153,152
154,152
155,154
156,155
157,156
158,157
159,158
160,159
161,160
162,161
163,161
164,163
165,164
166,165
167,166
168,167
169,168
170,169
171,170
172,171
173,172
174,173
175,173
176,175
177,176
178,177
179,177
180,179
181,180
182,181
183,182
184,183
185,184
186,184
187,185
188,187
189,187
190,189
191,190
192,191
193,192
194,193
195,193
196,194
197,195
198,197
199,198
200,198
201,199
202,201
203,201
204,202
205,203
206,204
207,205
208,206
209,207
210,208
211,210
212,211
213,211
214,213
215,213
216,214
217,215
218,216
219,218
220,219
221,220
222,221
223,222
224,222
225,223
226,225
227,225
228,226
229,228
230,228
231,229
232,230
233,232
234,232
235,233
236,234
237,235
238,236
239,237
240,238
241,239
242,240
243,241
244,242
245,243
246,244
247,245
248,246
249,247
250,249
251,249
252,251
253,251
254,253
255,254
256,255
257,256
258,257
259,258
260,259
261,260
262,261
263,262
264,263
265,264
266,265
267,266
268,267
269,268
270,269
271,270
272,271
273,272
274,273
275,274
276,275
277,276
278,277
279,278
280,279
281,280
282,281
283,282
284,283
285,284
286,285
287,286
288,287
289,288
290,288
291,289
292,291
293,292
294,292
295,294
296,295
297,296
298,297
299,297
300,299
301,300
302,301
303,302
304,302
305,304
306,305
307,306
308,306
309,308
310,309
311,310
312,311
313,311
314,312
315,313
316,315
317,315
318,317
319,318
320,318
321,320
322,321
323,321
324,323
325,323
326,324
327,325
328,326
329,327
330,327
331,330
332,330
333,331
334,333
335,333
336,335
337,335
338,337
339,337
340,339
341,339
342,340
343,342
344,342
345,342
346,345
347,345
348,345
349,347
350,349
351,350
352,350
353,351
354,352
355,354
356,354
357,355
358,356
359,358
360,358
361,359
362,360
363,361
364,361
365,363
366,364
367,365
368,366
369,367
370,368
371,369
372,370
373,371
374,372
375,373
376,374
377,375
378,376
379,376
380,378
381,379
382,380
383,381
384,382
385,383
386,384
387,385
388,386
389,387
390,388
391,389
392,390
393,391
394,392
395,393
396,394
397,395
398,396
399,397
400,398
401,399
402,400
403,401
404,402
405,403
406,404
407,405
408,406
409,407
410,408
411,409
412,410
413,411
414,412
415,413
416,414
417,414
418,415
419,416
420,418
421,419
422,419
423,421
424,422
425,422
426,424
427,425
428,426
429,427
430,427
431,429
432,430
433,431
434,431
435,433
436,434
437,434
438,435
439,436
440,437
441,438
442,439
443,440
444,441
445,442
446,443
447,445
448,445
449,446
450,447
451,448
452,449
453,450
454,451
455,452
456,453
457,454
458,455
459,456
460,458
461,458
462,459
463,460
464,461
465,462
466,463
467,464
468,465
469,466
470,467
471,468
472,469
473,470
474,471
475,472
476,474
477,474
478,475
479,475
480,477
481,478
482,479
483,480
484,481
485,482
486,483
487,484
488,485
489,486
490,487
491,488
492,488
493,490
494,491
495,492
496,493
497,494
498,495
499,496
500,497
501,498
502,499
503,500
504,501
505,502
506,503
507,505
508,505
509,506
510,507
511,508
512,510
513,510
514,512
515,513
516,513
517,515
518,515
519,517
520,518
521,519
522,520
523,521
524,522
525,523
526,524
527,525
528,525
529,526
530,528
531,529
532,529
533,530
534,532
535,533
536,533
537,535
538,536
539,536
540,537
541,538
542,539
543,541
544,541
545,542
546,543
547,544
548,546
549,546
550,547
551,548
552,549
553,550
554,551
555,553
556,554
557,554
558,555
559,556
560,558
561,558
562,559
563,560
564,562
565,562
566,563
567,564
568,566
569,566
570,567
571,568
572,569
573,570
574,571
575,572
576,573
577,574
578,575
579,576
580,577
581,578
582,579
583,580
584,581
585,582
586,583
587,584
588,585
589,585
590,587
591,588
592,589
593,590
594,592
595,592
596,593
597,594
598,594
599,596
600,596
601,597
602,599
603,600
604,600
605,603
606,603
607,603
608,604
609,607
610,607
611,608
612,609
613,609
614,610
615,612
616,612
617,614
618,615
619,616
620,616
621,617
622,619
623,620
624,621
625,621
626,623
627,623
628,624
629,625
630,626
631,627
632,628
633,630
634,631
635,632
636,633
637,634
638,635
639,636
640,637
641,638
642,639
643,640
644,641
645,642
646,642
647,644
648,645
649,646
650,647
651,648
652,649
653,650
654,651
655,652
656,653
657,654
658,655
659,656
660,657
661,658
662,659
663,660
664,661
665,662
666,663
667,664
668,664
669,665
670,667
671,668
672,669
673,670
674,671
675,672
676,673
677,674
678,675
679,676
680,677
681,677
682,679
683,679
684,681
685,682
686,683
687,683
688,685
689,686
690,686
691,687
692,689
693,690
694,691
695,692
696,693
697,693
698,694
699,695
700,696
701,697
702,699
703,700
704,700
705,701
706,702
707,703
708,704
709,705
710,707
711,707
712,708
713,709
714,710
715,711
716,713
717,713
718,714
719,715
720,717
721,718
722,719
723,719
724,721
725,722
726,723
727,723
728,725
729,726
730,726
731,727
732,729
733,729
734,730
735,732
736,732
737,733
738,734
739,735
740,736
741,737
742,739
743,739
744,741
745,741
746,742
747,743
748,744
749,745
750,746
751,748
752,748
753,749
754,750
755,751
756,752
757,753
758,754
759,755
760,756
761,757
762,757
763,759
764,760
765,761
766,762
767,763
768,764
769,765
770,766
771,767
772,768
773,769
774,770
775,771
776,772
777,773
778,774
779,775
780,776
781,777
782,778
783,779
784,780
785,781
786,782
787,783
788,784
789,785
790,786
791,787
792,788
793,789
794,790
795,791
796,792
797,793
798,794
799,795
800,796
801,797
802,798
803,799
804,800
805,801
806,802
807,803
808,804
809,805
810,806
811,807
812,808
813,809
814,810
815,811
816,812
817,814
818,813
819,815
820,816
821,817
822,818
823,819
824,820
825,821
826,822
827,824
828,824
829,825
830,826
831,827
832,828
833,828
834,830
835,831
836,832
837,833
838,833
839,834
840,836
841,837
842,838
843,839
844,840
845,841
846,842
847,843
848,844
849,845
850,846
851,847
852,848
853,849
854,850
855,850
856,852
857,853
858,854
859,855
860,856
861,857
862,858
863,860
864,860
865,861
866,862
867,863
868,864
869,865
870,866
871,867
872,867
873,869
874,870
875,870
876,872
877,873
878,874
879,875
880,876
881,877
882,878
883,879
884,880
885,881
886,882
887,883
888,884
889,885
890,886
891,887
892,888
893,889
894,890
895,891
896,892
897,893
898,894
899,895
900,896
901,897
902,898
903,899
904,900
905,901
906,902
907,903
908,904
909,905
910,906
911,907
912,908
913,909
914,910
915,911
916,912
917,913
918,914
919,915
920,916
921,917
922,918
923,919
924,920
925,921
926,922
927,923
928,924
929,925
930,926
931,927
932,928
933,929
934,930
935,931
936,932
937,933
938,934
939,935
940,936
941,937
942,938
943,939
944,940
945,941
946,941
947,943
948,943
949,945
950,946
951,947
952,948
953,949
954,950
955,951
956,952
957,953
958,954
959,955
960,955
961,957
962,958
963,959
964,960
965,961
966,962
967,962
968,964
969,965
970,966
971,967
972,968
973,969
974,970
975,971
976,972
977,973
978,974
979,974
980,976
981,976
982,978
983,979
984,979
985,980
986,981
987,983
988,983
989,985
990,985
991,987
992,987
993,989
994,990
995,991
996,992
997,993
998,994
999,994
1000,995
1001,996
1002,998
1003,999
1004,1000
1005,1001
1006,1002
1007,1003
1008,1004
1009,1005
1010,1006
1011,1007
1012,1008
1013,1009
1014,1010
1015,1012
1016,1012
1017,1013
1018,1014
1019,1015
1020,1016
1021,1017
1022,1018
1023,1019
1024,1020
1025,1021
1026,1022
1027,1023
1028,1024
1029,1025
1030,1026
1031,1027
1032,1028
1033,1029
1034,1030
1035,1031
1036,1032
1037,1033
1038,1034
1039,1035
1040,1036
1041,1038
1042,1039
1043,1039
1044,1040
1045,1041
1046,1042
1047,1044
1048,1044
1049,1045
1050,1046
1051,1047
1052,1048
1053,1049
1054,1050
1055,1052
1056,1052
1057,1053
1058,1054
1059,1055
1060,1057
1061,1057
1062,1058
1063,1059
1064,1060
1065,1061
1066,1062
1067,1063
1068,1064
1069,1065
1070,1066
1071,1067
1072,1068
1073,1068
1074,1070
1075,1071
1076,1072
1077,1073
1078,1073
1079,1075
1080,1076
1081,1077
1082,1078
1083,1079
1084,1080
1085,1081
1086,1082
1087,1083
1088,1084
1089,1085
1090,1086
1091,1087
1092,1088
1093,1089
1094,1090
1095,1091
1096,1092
1097,1093
1098,1094
1099,1095
1100,1096
1101,1097
1102,1098
1103,1099
1104,1100
1105,1101
1106,1102
1107,1103
1108,1104
1109,1105
1110,1106
1111,1107
1112,1108
1113,1109
1114,1110
1115,1111
1116,1112
1117,1113
1118,1115
1119,1115
1120,1116
1121,1117
1122,1117
1123,1118
1124,1119
1125,1121
1126,1122
1127,1122
1128,1124
1129,1124
1130,1125
1131,1127
1132,1127
1133,1129
1134,1130
1135,1131
1136,1132
1137,1133
1138,1134
1139,1135
1140,1136
1141,1137
1142,1138
1143,1139
1144,1140
1145,1141
1146,1142
1147,1143
1148,1144
1149,1145
1150,1145
1151,1147
1152,1148
1153,1149
1154,1150
1155,1150
1156,1152
1157,1153
1158,1154
1159,1154
1160,1155
1161,1157
1162,1158
1163,1158
1164,1160
1165,1161
1166,1162
1167,1163
1168,1164
1169,1164
1170,1165
1171,1166
1172,1167
1173,1168
1174,1169
1175,1170
1176,1172
1177,1172
1178,1173
1179,1174
1180,1175
1181,1177
1182,1177
1183,1179
1184,1180
1185,1181
1186,1181
1187,1182
1188,1184
1189,1185
1190,1185
1191,1187
1192,1187
1193,1188
1194,1189
1195,1190
1196,1191
1197,1192
1198,1193
1199,1194
1200,1195
1201,1196
1202,1197
1203,1198
1204,1199
1205,1200
1206,1201
1207,1202
1208,1203
1209,1204
1210,1205
1211,1206
1212,1207
1213,1208
1214,1209
1215,1210
1216,1211
1217,1212
1218,1213
1219,1214
1220,1215
1221,1216
1222,1217
1223,1218
1224,1219
1225,1220
1226,1221
1227,1222
1228,1223
1229,1224
1230,1225
1231,1225
1232,1227
1233,1228
1234,1229
1235,1230
1236,1231
1237,1232
1238,1233
1239,1234
1240,1235
1241,1236
1242,1237
1243,1238
1244,1239
1245,1240
1246,1241
1247,1242
1248,1243
1249,1244
1250,1245
1251,1246
1252,1247
1253,1248
1254,1250
1255,1251
1256,1252
1257,1253
1258,1254
1259,1255
1260,1255
1261,1257
1262,1258
1263,1259
1264,1260
1265,1261
1266,1262
1267,1263
1268,1263
1269,1264
1270,1265
1271,1267
1272,1267
1273,1269
1274,1269
1275,1271
1276,1271
1277,1273
1278,1274
1279,1274
1280,1276
1281,1277
1282,1278
1283,1278
1284,1279
1285,1280
1286,1282
1287,1282
1288,1284
1289,1285
1290,1285
1291,1286
1292,1287
1293,1288
1294,1289
1295,1290
1296,1291
1297,1292
1298,1293
1299,1294
1300,1295
1301,1296
1302,1297
1303,1298
1304,1299
1305,1300
1306,1301
1307,1302
1308,1303
1309,1304
1310,1305
1311,1307
1312,1307
1313,1308
1314,1309
1315,1310
1316,1311
1317,1312
1318,1313
1319,1314
1320,1315
1321,1316
1322,1317
1323,1318
1324,1319
1325,1320
1326,1321
1327,1322
1328,1323
1329,1324
1330,1325
1331,1326
1332,1327
1333,1328
1334,1329
1335,1330
1336,1331
1337,1332
1338,1333
1339,1334
1340,1335
1341,1335
1342,1337
1343,1338
1344,1339
1345,1340
1346,1341
1347,1342
1348,1343
1349,1344
1350,1345
1351,1346
1352,1347
1353,1348
1354,1349
1355,1350
1356,1350
1357,1351
1358,1352
1359,1353
1360,1355
1361,1356
1362,1356
1363,1358
1364,1358
1365,1359
1366,1360
1367,1362
1368,1363
1369,1364
1370,1365
1371,1365
1372,1366
1373,1368
1374,1369
1375,1370
1376,1371
1377,1371
1378,1373
1379,1373
1380,1374
1381,1375
1382,1376
1383,1378
1384,1379
1385,1380
1386,1381
1387,1382
1388,1383
1389,1384
1390,1385
1391,1386
1392,1386
1393,1388
1394,1389
1395,1389
1396,1390
1397,1391
1398,1392
1399,1394
1400,1395
1401,1395
1402,1397
1403,1397
1404,1398
1405,1399
1406,1400
1407,1401
1408,1403
1409,1403
1410,1405
1411,1405
1412,1407
1413,1407
1414,1408
1415,1409
1416,1411
1417,1411
1418,1411
1419,1413
1420,1414
1421,1415
1422,1416
1423,1417
1424,1418
1425,1419
1426,1420
1427,1421
1428,1422
1429,1423
1430,1424
1431,1425
1432,1426
1433,1427
1434,1428
1435,1429
1436,1430
1437,1431
1438,1432
1439,1433
1440,1434
1441,1435
1442,1436
1443,1437
1444,1438
1445,1439
1446,1440
1447,1440
1448,1442
1449,1443
1450,1444
1451,1445
1452,1446
1453,1447
1454,1448
1455,1449
1456,1450
1457,1451
1458,1451
1459,1453
1460,1454
1461,1454
1462,1455
1463,1456
1464,1457
1465,1459
1466,1460
1467,1461
1468,1462
1469,1462
1470,1464
1471,1464
1472,1465
1473,1467
1474,1467
1475,1469
1476,1469
1477,1471
1478,1471
1479,1472
1480,1473
1481,1474
1482,1475
1483,1476
1484,1477
1485,1478
1486,1479
1487,1480
1488,1481
1489,1482
1490,1483
1491,1484
1492,1485
1493,1486
1494,1487
1495,1488
1496,1489
1497,1490
1498,1491
1499,1492
1500,1493
1501,1494
1502,1495
1503,1496
1504,1497
1505,1498
1506,1500
1507,1501
1508,1502
1509,1503
1510,1504
1511,1505
1512,1506
1513,1507
1514,1508
1515,1509
1516,1510
1517,1511
1518,1512
1519,1513
1520,1514
1521,1515
1522,1516
1523,1517
1524,1518
1525,1519
1526,1520
1527,1521
1528,1522
1529,1523
1530,1524
1531,1525
1532,1526
1533,1527
1534,1528
1535,1529
1536,1530
1537,1531
1538,1532
1539,1533
1540,1534
1541,1535
1542,1536
1543,1537
1544,1538
1545,1539
1546,1540
1547,1540
1548,1542
1549,1543
1550,1543
1551,1545
1552,1546
1553,1546
1554,1548
1555,1549
1556,1550
1557,1551
1558,1552
1559,1553
1560,1554
1561,1555
1562,1556
1563,1557
1564,1557
1565,1559
1566,1560
1567,1561
1568,1561
1569,1562
1570,1563
1571,1564
1572,1565
1573,1567
1574,1568
1575,1568
1576,1569
1577,1570
1578,1571
1579,1572
1580,1573
1581,1574
1582,1576
1583,1576
1584,1578
1585,1578
1586,1579
1587,1580
1588,1581
1589,1582
1590,1583
1591,1584
1592,1585
1593,1586
1594,1587
1595,1588
1596,1589
1597,1590
1598,1591
1599,1592
1600,1593
1601,1594
1602,1595
1603,1596
1604,1597
1605,1598
1606,1599
1607,1600
1608,1601
1609,1602
1610,1603
1611,1604
1612,1605
1613,1606
1614,1607
1615,1608
1616,1609
1617,1610
1618,1611
1619,1612
1620,1613
1621,1614
1622,1615
1623,1615
1624,1617
1625,1618
1626,1619
1627,1620
1628,1621
1629,1622
1630,1623
1631,1624
1632,1624
1633,1625
1634,1627
1635,1628
1636,1629
1637,1631
1638,1631
1639,1633
1640,1633
1641,1634
1642,1635
1643,1636
1644,1637
1645,1638
1646,1639
1647,1639
1648,1641
1649,1642
1650,1642
1651,1644
1652,1644
1653,1646
1654,1647
1655,1648
1656,1649
1657,1650
1658,1650
1659,1652
1660,1653
1661,1654
1662,1654
1663,1656
1664,1657
1665,1657
1666,1658
1667,1659
1668,1660
1669,1661
1670,1663
1671,1663
1672,1664
1673,1665
1674,1666
1675,1667
1676,1668
1677,1669
1678,1671
1679,1671
1680,1672
1681,1673
1682,1675
1683,1675
1684,1676
1685,1677
1686,1678
1687,1680
1688,1681
1689,1681
1690,1682
1691,1683
1692,1684
1693,1686
1694,1687
1695,1688
1696,1688
1697,1689
1698,1690
1699,1690
1700,1692
1701,1693
1702,1694
1703,1695
1704,1696
1705,1696
1706,1697
1707,1699
1708,1700
1709,1701
1710,1702
1711,1703
1712,1704
1713,1705
1714,1706
1715,1707
1716,1708
1717,1709
1718,1710
1719,1711
1720,1712
1721,1713
1722,1714
1723,1715
1724,1716
1725,1717
1726,1718
1727,1719
1728,1720
1729,1721
1730,1721
1731,1722
1732,1724
1733,1725
1734,1726
1735,1727
1736,1728
1737,1729
1738,1729
1739,1731
1740,1732
1741,1733
1742,1734
1743,1735
1744,1736
1745,1736
1746,1737
1747,1738
1748,1739
1749,1740
1750,1742
1751,1743
1752,1744
1753,1744
1754,1745
1755,1746
1756,1748
1757,1749
1758,1750
1759,1751
1760,1752
1761,1753
1762,1754
1763,1754
1764,1755
1765,1756
1766,1758
1767,1759
1768,1760
1769,1760
1770,1762
1771,1762
1772,1763
1773,1765
1774,1765
1775,1767
1776,1767
1777,1769
1778,1769
1779,1770
1780,1771
1781,1772
1782,1773
1783,1774
1784,1775
1785,1776
1786,1777
1787,1778
1788,1779
1789,1780
1790,1781
1791,1782
1792,1784
1793,1784
1794,1785
1795,1786
1796,1787
1797,1788
1798,1789
1799,1790
1800,1791
1801,1792
1802,1793
1803,1794
1804,1795
1805,1796
1806,1797
1807,1798
1808,1799
1809,1800
1810,1801
1811,1802
1812,1803
1813,1804
1814,1805
1815,1806
1816,1807
1817,1808
1818,1809
1819,1810
1820,1811
1821,1812
1822,1813
1823,1814
1824,1815
1825,1816
1826,1817
1827,1818
1828,1819
1829,1820
1830,1821
1831,1822
1832,1823
1833,1824
1834,1825
1835,1826
1836,1827
1837,1828
1838,1829
1839,1830
1840,1831
1841,1832
1842,1833
1843,1834
1844,1835
1845,1836
1846,1837
1847,1838
1848,1839
1849,1840
1850,1841
1851,1842
1852,1842
1853,1844
1854,1845
1855,1846
1856,1847
1857,1848
1858,1849
1859,1850
1860,1850
1861,1851
1862,1853
1863,1854
1864,1855
1865,1855
1866,1857
1867,1858
1868,1858
1869,1859
1870,1861
1871,1862
1872,1863
1873,1864
1874,1864
1875,1866
1876,1866
1877,1867
1878,1869
1879,1870
1880,1871
1881,1872
1882,1872
1883,1873
1884,1875
1885,1876
1886,1876
1887,1878
1888,1879
1889,1880
1890,1881
1891,1882
1892,1883
1893,1884
1894,1885
1895,1886
1896,1886
1897,1888
1898,1889
1899,1889
1900,1891
1901,1892
1902,1893
1903,1894
1904,1894
1905,1896
1906,1897
1907,1897
1908,1899
1909,1899
1910,1900
1911,1901
1912,1903
1913,1903
1914,1904
1915,1906
1916,1906
1917,1907
1918,1908
1919,1909
1920,1910
1921,1911
1922,1912
1923,1913
1924,1915
1925,1916
1926,1916
1927,1917
1928,1918
1929,1919
1930,1920
1931,1921
1932,1922
1933,1923
1934,1925
1935,1925
1936,1925
1937,1927
1938,1928
1939,1929
1940,1930
1941,1931
1942,1932
1943,1933
1944,1934
1945,1935
1946,1936
1947,1937
1948,1938
1949,1939
1950,1940
1951,1941
1952,1941
1953,1942
1954,1944
1955,1945
1956,1946
1957,1946
1958,1948
1959,1949
1960,1950
1961,1951
1962,1951
1963,1953
1964,1954
1965,1955
1966,1955
1967,1957
1968,1957
1969,1959
1970,1960
1971,1961
1972,1961
1973,1963
1974,1964
1975,1965
1976,1966
1977,1967
1978,1968
1979,1968
1980,1970
1981,1970
1982,1971
1983,1972
1984,1973
1985,1975
1986,1975
1987,1977
1988,1977
1989,1978
1990,1979
1991,1981
1992,1981
1993,1982
1994,1983
1995,1984
1996,1985
1997,1986
1998,1987
1999,1988
2000,1989
2001,1990
2002,1991
2003,1992
2004,1993
2005,1994
2006,1995
2007,1997
2008,1998
2009,2001
2010,2002
2011,2003
2012,2004
2013,2005
2014,2006
2015,2007
2016,2008
2017,2008
2018,2010
2019,2011
2020,2012
2021,2013
2022,2014
2023,2015
2024,2016
2025,2017
2026,2018
2027,2019
2028,2020
2029,2020
2030,2021
2031,2023
2032,2023
2033,2025
2034,2026
2035,2027
2036,2027
2037,2029
2038,2030
2039,2031
2040,2031
2041,2032
2042,2034
2043,2035
2044,2036
2045,2036
2046,2038
2047,2039
2048,2040
2049,2041
2050,2041
2051,2043
2052,2043
2053,2045
2054,2045
2055,2046
2056,2048
2057,2049
2058,2049
2059,2051
2060,2052
2061,2052
2062,2053
2063,2054
2064,2055
2065,2056
2066,2058
2067,2059
2068,2059
2069,2060
2070,2061
2071,2062
2072,2064
2073,2064
2074,2065
2075,2066
2076,2067
2077,2068
2078,2069
2079,2070
2080,2071
2081,2072
2082,2073
2083,2074
2084,2075
2085,2076
2086,2077
2087,2078
2088,2079
2089,2080
2090,2081
2091,2082
2092,2083
2093,2084
2094,2085
2095,2086
2096,2087
2097,2088
2098,2089
2099,2090
2100,2091
2101,2092
2102,2093
2103,2094
2104,2095
2105,2096
2106,2097
2107,2098
2108,2099
2109,2100
2110,2101
2111,2102
2112,2103
2113,2104
2114,2105
2115,2106
2116,2107
2117,2108
2118,2109
2119,2110
2120,2111
2121,2112
2122,2113
2123,2114
2124,2115
2125,2116
2126,2116
2127,2118
2128,2118
2129,2120
2130,2121
2131,2122
2132,2123
2133,2124
2134,2125
2135,2126
2136,2127
2137,2128
2138,2130
2139,2130
2140,2131
2141,2133
2142,2133
2143,2134
2144,2135
2145,2136
2146,2137
2147,2138
2148,2139
2149,2139
2150,2140
2151,2142
2152,2143
2153,2145
2154,2145
2155,2146
2156,2147
2157,2148
2158,2149
2159,2150
2160,2150
2161,2151
2162,2153
2163,2153
2164,2154
2165,2156
2166,2156
2167,2158
2168,2158
2169,2159
2170,2160
2171,2161
2172,2162
2173,2163
2174,2164
2175,2166
2176,2166
2177,2168
2178,2169
2179,2169
2180,2170
2181,2171
2182,2172
2183,2174
2184,2174
2185,2176
2186,2176
2187,2178
2188,2178
2189,2179
2190,2180
2191,2181
2192,2182
2193,2183
2194,2184
2195,2186
2196,2186
2197,2187
2198,2188
2199,2188
2200,2190
2201,2190
2202,2192
2203,2193
2204,2194
2205,2195
2206,2196
2207,2197
2208,2198
2209,2199
2210,2200
2211,2201
2212,2202
2213,2203
2214,2204
2215,2205
2216,2206
2217,2207
2218,2208
2219,2209
2220,2210
2221,2211
2222,2212
2223,2213
2224,2213
2225,2214
2226,2216
2227,2217
2228,2218
2229,2219
2230,2220
2231,2221
2232,2222
2233,2222
2234,2224
2235,2225
2236,2226
2237,2227
2238,2227
2239,2228
2240,2229
2241,2230
2242,2232
2243,2233
2244,2234
2245,2235
2246,2235
2247,2236
2248,2237
2249,2238
2250,2239
2251,2241
2252,2241
2253,2243
2254,2243
2255,2245
2256,2246
2257,2246
2258,2248
2259,2249
2260,2251
2261,2251
2262,2253
2263,2253
2264,2254
2265,2256
2266,2256
2267,2258
2268,2259
2269,2260
2270,2261
2271,2261
2272,2263
2273,2263
2274,2264
2275,2265
2276,2267
2277,2267
2278,2268
2279,2270
2280,2271
2281,2271
2282,2272
2283,2273
2284,2275
2285,2276
2286,2276
2287,2277
2288,2279
2289,2280
2290,2280
2291,2281
2292,2282
2293,2283
2294,2284
2295,2285
2296,2286
2297,2288
2298,2288
2299,2289
2300,2291
2301,2291
2302,2292
2303,2293
2304,2294
2305,2295
2306,2296
2307,2298
2308,2299
2309,2300
2310,2301
2311,2302
2312,2302
2313,2303
2314,2304
2315,2306
2316,2306
2317,2307
2318,2309
2319,2309
2320,2310
2321,2311
2322,2312
2323,2313
2324,2314
2325,2315
2326,2316
2327,2317
2328,2318
2329,2319
2330,2320
2331,2321
2332,2323
2333,2323
2334,2324
2335,2325
2336,2326
2337,2327
2338,2328
2339,2329
2340,2330
2341,2331
2342,2332
2343,2333
2344,2334
2345,2335
2346,2336
2347,2336
2348,2338
2349,2339
2350,2340
2351,2341
2352,2342
2353,2343
2354,2343
2355,2345
2356,2346
2357,2347
2358,2348
2359,2349
2360,2350
2361,2351
2362,2352
2363,2353
2364,2354
2365,2355
2366,2356
2367,2357
2368,2358
2369,2359
2370,2360
2371,2361
2372,2362
2373,2363
2374,2364
2375,2365
2376,2366
2377,2367
2378,2367
2379,2368
2380,2370
2381,2371
2382,2372
2383,2373
2384,2374
2385,2375
2386,2376
2387,2377
2388,2378
2389,2379
2390,2380
2391,2381
2392,2383
2393,2383
2394,2383
2395,2384
2396,2386
2397,2387
2398,2388
2399,2389
2400,2389
2401,2391
2402,2392
2403,2393
2404,2393
2405,2394
2406,2395
2407,2397
2408,2397
2409,2399
2410,2398
2411,2399
2412,2402
2413,2403
2414,2404
2415,2404
2416,2405
2417,2405
2418,2408
2419,2408
2420,2409
2421,2410
2422,2410
2423,2412
2424,2413
2425,2414
2426,2415
2427,2416
2428,2417
2429,2417
2430,2419
2431,2420
2432,2420
2433,2422
2434,2423
2435,2423
2436,2425
2437,2426
2438,2428
2439,2428
2440,2429
2441,2429
2442,2431
2443,2432
2444,2433
2445,2434
2446,2434
2447,2436
2448,2436
2449,2437
2450,2439
2451,2439
2452,2441
2453,2441
2454,2443
2455,2443
2456,2444
2457,2445
2458,2446
2459,2447
2460,2448
2461,2450
2462,2451
2463,2451
2464,2453
2465,2454
2466,2454
2467,2455
2468,2456
2469,2457
2470,2458
2471,2459
2472,2461
2473,2461
2474,2462
2475,2463
2476,2464
2477,2466
2478,2467
2479,2467
2480,2469
2481,2469
2482,2470
2483,2472
2484,2472
2485,2473
2486,2474
2487,2475
2488,2476
2489,2478
2490,2477
2491,2479
2492,2480
2493,2481
2494,2482
2495,2483
2496,2484
2497,2485
2498,2486
2499,2487
2500,2488
2501,2489
2502,2489
2503,2491
2504,2492
2505,2493
2506,2494
2507,2495
2508,2496
2509,2497
2510,2499
2511,2500
2512,2502
2513,2502
2514,2503
2515,2505
2516,2505
2517,2506
2518,2507
2519,2508
2520,2509
2521,2510
2522,2511
2523,2512
2524,2513
2525,2514
2526,2515
2527,2517
2528,2517
2529,2518
2530,2519
2531,2519
2532,2521
2533,2522
2534,2523
2535,2525
2536,2526
2537,2526
2538,2527
2539,2528
2540,2529
2541,2530
2542,2531
2543,2532
2544,2533
2545,2534
2546,2535
2547,2536
2548,2536
2549,2538
2550,2539
2551,2540
2552,2541
2553,2542
2554,2543
2555,2544
2556,2545
2557,2545
2558,2547
2559,2548
2560,2549
2561,2550
2562,2551
2563,2552
2564,2553
2565,2554
2566,2555
2567,2556
2568,2557
2569,2558
2570,2559
2571,2560
2572,2561
2573,2562
2574,2562
2575,2564
2576,2564
2577,2565
2578,2567
2579,2567
2580,2568
2581,2569
2582,2570
2583,2572
2584,2572
2585,2574
2586,2574
2587,2575
2588,2576
2589,2577
2590,2578
2591,2579
2592,2580
2593,2581
2594,2582
2595,2583
2596,2585
2597,2585
2598,2586
2599,2587
2600,2588
2601,2590
2602,2591
2603,2591
2604,2592
2605,2594
2606,2594
2607,2595
2608,2596
2609,2597
2610,2598
2611,2599
2612,2600
2613,2601
2614,2602
2615,2603
2616,2604
2617,2605
2618,2606
2619,2607
2620,2608
2621,2609
2622,2610
2623,2611
2624,2612
2625,2613
2626,2614
2627,2615
2628,2616
2629,2617
2630,2618
2631,2619
2632,2620
2633,2621
2634,2622
2635,2623
2636,2624
2637,2625
2638,2626
2639,2627
2640,2628
2641,2629
2642,2631
2643,2632
2644,2632
2645,2632
2646,2635
2647,2635
2648,2637
2649,2638
2650,2638
2651,2639
2652,2640
2653,2641
2654,2641
2655,2644
2656,2644
2657,2644
2658,2646
2659,2648
2660,2648
2661,2649
2662,2650
2663,2651
2664,2651
2665,2653
2666,2654
2667,2656
2668,2655
2669,2656
2670,2658
2671,2658
2672,2660
2673,2660
2674,2662
2675,2662
2676,2663
2677,2665
2678,2666
2679,2667
2680,2667
2681,2669
2682,2671
2683,2671
2684,2671
2685,2672
2686,2673
2687,2674
2688,2676
2689,2677
2690,2677
2691,2678
2692,2680
2693,2681
2694,2682
2695,2683
2696,2684
2697,2685
2698,2686
2699,2686
2700,2688
2701,2688
2702,2689
2703,2691
2704,2691
2705,2693
2706,2693
2707,2694
2708,2695
2709,2696
2710,2697
2711,2698
2712,2699
2713,2700
2714,2701
2715,2702
2716,2703
2717,2703
2718,2705
2719,2706
2720,2707
2721,2708
2722,2710
2723,2710
2724,2711
2725,2712
2726,2712
2727,2714
2728,2715
2729,2715
2730,2717
2731,2718
2732,2719
2733,2720
2734,2721
2735,2721
2736,2722
2737,2723
2738,2724
2739,2726
2740,2727
2741,2728
2742,2728
2743,2729
2744,2731
2745,2731
2746,2733
2747,2734
2748,2735
2749,2736
2750,2736
2751,2737
2752,2738
2753,2739
2754,2741
2755,2742
2756,2743
2757,2744
2758,2744
2759,2746
2760,2746
2761,2748
2762,2749
2763,2750
2764,2751
2765,2752
2766,2754
2767,2754
2768,2755
2769,2756
2770,2757
2771,2758
2772,2759
2773,2760
2774,2761
2775,2762
2776,2762
2777,2764
2778,2764
2779,2766
2780,2766
2781,2768
2782,2769
2783,2770
2784,2771
2785,2770
2786,2773
2787,2773
2788,2775
2789,2777
2790,2777
2791,2777
2792,2778
2793,2779
2794,2780
2795,2781
2796,2782
2797,2784
2798,2784
2799,2786
2800,2786
2801,2787
2802,2788
2803,2789
2804,2791
2805,2791
2806,2792
2807,2794
2808,2794
2809,2794
2810,2796
2811,2797
2812,2798
2813,2799
2814,2800
2815,2802
2816,2803
2817,2804
2818,2804
2819,2805
2820,2807
2821,2806
2822,2809
2823,2809
2824,2810
2825,2812
2826,2811
2827,2813
2828,2814
2829,2815
2830,2816
2831,2817
2832,2818
2833,2819
2834,2820
2835,2821
2836,2822
2837,2823
2838,2824
2839,2825
2840,2826
2841,2827
2842,2829
2843,2829
2844,2830
2845,2831
2846,2832
2847,2834
2848,2834
2849,2835
2850,2836
2851,2837
2852,2838
2853,2839
2854,2840
2855,2841
2856,2841
2857,2843
2858,2843
2859,2845
2860,2846
2861,2846
2862,2848
2863,2848
2864,2850
2865,2851
2866,2851
2867,2852
2868,2854
2869,2855
2870,2856
2871,2857
2872,2858
2873,2859
2874,2860
2875,2860
2876,2862
2877,2863
2878,2864
2879,2865
2880,2865
2881,2866
2882,2867
2883,2868
2884,2870
2885,2871
2886,2871
2887,2872
2888,2873
2889,2874
2890,2876
2891,2877
2892,2878
2893,2879
2894,2880
2895,2882
2896,2883
2897,2883
2898,2884
2899,2885
2900,2886
2901,2886
2902,2888
2903,2889
2904,2890
2905,2890
2906,2891
2907,2892
2908,2894
2909,2894
2910,2894
2911,2897
2912,2898
2913,2900
2914,2899
2915,2899
2916,2901
2917,2903
2918,2902
2919,2904
2920,2904
2921,2906
2922,2907
2923,2908
2924,2910
2925,2911
2926,2912
2927,2913
2928,2913
2929,2914
2930,2915
2931,2917
2932,2917
2933,2919
2934,2920
2935,2920
2936,2922
2937,2921
2938,2922
2939,2924
2940,2925
2941,2927
2942,2927
2943,2929
2944,2929
2945,2930
2946,2931
2947,2931
2948,2933
2949,2934
2950,2934
2951,2935
2952,2937
2953,2937
2954,2938
2955,2939
2956,2941
2957,2943
2958,2943
2959,2944
2960,2945
2961,2946
2962,2947
2963,2947
2964,2949
2965,2950
2966,2951
2967,2952
2968,2952
2969,2954
2970,2954
2971,2956
2972,2957
2973,2958
2974,2959
2975,2960
2976,2961
2977,2962
2978,2962
2979,2964
2980,2964
2981,2965
2982,2966
2983,2967
2984,2968
2985,2970
2986,2970
2987,2971
2988,2972
2989,2973
2990,2974
2991,2974
2992,2976
2993,2977
2994,2978
2995,2979
2996,2980
2997,2982
2998,2983
2999,2984
3000,2984
3001,2985
3002,2986
3003,2987
3004,2988
3005,2990
3006,2990
3007,2991
3008,2992
3009,2994
3010,2994
3011,2995
3012,2996
3013,2997
3014,2999
3015,3001
3016,3001
3017,3003
3018,3003
3019,3005
3020,3005
3021,3006
3022,3008
3023,3008
3024,3009
3025,3010
3026,3012
3027,3012
3028,3013
3029,3015
3030,3015
3031,3016
3032,3017
3033,3019
3034,3019
3035,3019
3036,3021
3037,3021
3038,3023
3039,3026
3040,3026
3041,3026
3042,3027
3043,3027
3044,3029
3045,3029
3046,3031
3047,3032
3048,3033
3049,3034
3050,3036
3051,3035
3052,3036
3053,3037
3054,3039
3055,3040
3056,3041
3057,3042
3058,3043
3059,3044
3060,3045
3061,3047
3062,3046
3063,3048
3064,3049
3065,3050
3066,3052
3067,3052
3068,3052
3069,3054
3070,3054
3071,3056
3072,3057
3073,3059
3074,3058
3075,3060
3076,3060
3077,3062
3078,3062
3079,3063
3080,3065
3081,3065
3082,3066
3083,3068
3084,3068
3085,3070
3086,3070
3087,3072
3088,3074
3089,3074
3090,3074
3091,3075
3092,3076
3093,3077
3094,3079
3095,3080
3096,3081
3097,3082
3098,3083
3099,3083
3100,3085
3101,3086
3102,3086
3103,3087
3104,3089
3105,3090
3106,3090
3107,3091
3108,3092
3109,3093
3110,3095
3111,3095
3112,3096
3113,3097
3114,3099
3115,3100
3116,3100
3117,3100
3118,3102
3119,3103
3120,3105
3121,3106
3122,3106
3123,3108
3124,3109
3125,3109
3126,3110
3127,3111
3128,3112
3129,3113
3130,3115
3131,3115
3132,3116
3133,3117
3134,3118
3135,3120
3136,3121
3137,3121
3138,3123
3139,3123
3140,3125
3141,3126
3142,3126
3143,3128
3144,3129
3145,3129
3146,3131
3147,3132
3148,3132
3149,3133
3150,3134
3151,3136
3152,3136
3153,3138
3154,3139
3155,3139
3156,3140
3157,3142
3158,3143
3159,3143
3160,3145
3161,3146
3162,3147
3163,3148
3164,3148
3165,3149
3166,3151
3167,3150
3168,3153
3169,3152
3170,3154
3171,3155
3172,3156
3173,3158
3174,3159
3175,3160
3176,3160
3177,3161
3178,3162
3179,3162
3180,3164
3181,3164
3182,3165
3183,3166
3184,3169
3185,3169
3186,3171
3187,3171
3188,3171
3189,3173
3190,3173
3191,3174
3192,3176
3193,3177
3194,3178
3195,3179
3196,3179
3197,3181
3198,3182
3199,3182
3200,3184
3201,3185
3202,3185
3203,3187
3204,3187
3205,3188
3206,3189
3207,3191
3208,3191
3209,3191
3210,3193
3211,3194
3212,3195
3213,3195
3214,3197
3215,3198
3216,3199
3217,3200
3218,3201
3219,3202
3220,3203
3221,3204
3222,3205
3223,3206
3224,3207
3225,3207
3226,3210
3227,3210
3228,3211
3229,3212
3230,3213
3231,3214
3232,3215
3233,3216
3234,3217
3235,3218
3236,3217
3237,3219
3238,3221
3239,3221
3240,3223
3241,3223
3242,3224
3243,3226
3244,3226
3245,3229
3246,3228
3247,3230
3248,3231
3249,3232
3250,3233
3251,3234
3252,3234
3253,3235
3254,3237
3255,3237
3256,3238
3257,3239
3258,3241
3259,3242
3260,3243
3261,3244
3262,3244
3263,3245
3264,3247
3265,3247
3266,3251
3267,3251
3268,3253
3269,3253
3270,3253
3271,3254
3272,3255
3273,3256
3274,3258
3275,3260
3276,3260
3277,3261
3278,3261
3279,3263
3280,3264
3281,3265
3282,3266
3283,3266
3284,3268
3285,3268
3286,3270
3287,3272
3288,3271
3289,3272
3290,3274
3291,3275
3292,3276
3293,3277
3294,3278
3295,3278
3296,3279
3297,3279
3298,3280
3299,3282
3300,3283
3301,3284
3302,3286
3303,3286
3304,3287
3305,3288
3306,3289
3307,3291
3308,3292
3309,3293
3310,3293
3311,3295
3312,3295
3313,3296
3314,3298
3315,3298
3316,3299
3317,3300
3318,3302
3319,3303
3320,3304
3321,3305
3322,3306
3323,3307
3324,3307
3325,3309
3326,3310
3327,3310
3328,3311
3329,3312
3330,3313
3331,3314
3332,3316
3333,3317
3334,3317
3335,3318
3336,3319
3337,3321
3338,3320
3339,3322
3340,3323
3341,3324
3342,3325
3343,3326
3344,3327
3345,3328
3346,3329
3347,3331
3348,3331
3349,3332
3350,3334
3351,3334
3352,3334
3353,3336
3354,3337
3355,3337
3356,3339
3357,3340
3358,3341
3359,3342
3360,3343
3361,3344
3362,3345
3363,3346
3364,3348
3365,3348
3366,3349
3367,3350
3368,3351
3369,3352
3370,3353
3371,3354
3372,3355
3373,3356
3374,3357
3375,3357
3376,3358
3377,3359
3378,3361
3379,3362
3380,3363
3381,3364
3382,3365
3383,3366
3384,3367
3385,3368
3386,3369
3387,3370
3388,3371
3389,3371
3390,3373
3391,3374
3392,3376
3393,3376
3394,3377
3395,3378
3396,3380
3397,3381
3398,3381
3399,3382
3400,3383
3401,3383
3402,3385
3403,3386
3404,3387
3405,3388
3406,3389
3407,3390
3408,3391
3409,3392
3410,3392
3411,3395
3412,3396
3413,3395
3414,3397
3415,3398
3416,3401
3417,3400
3418,3400
3419,3401
3420,3402
3421,3404
3422,3405
3423,3407
3424,3407
3425,3408
3426,3407
3427,3409
3428,3411
3429,3411
3430,3412
3431,3413
3432,3414
3433,3413
3434,3417
3435,3417
3436,3418
3437,3419
3438,3421
3439,3421
3440,3422
3441,3423
3442,3426
3443,3426
3444,3427
3445,3427
3446,3428
3447,3429
3448,3430
3449,3432
3450,3432
3451,3433
3452,3436
3453,3436
3454,3435
3455,3436
3456,3439
3457,3439
3458,3440
3459,3441
3460,3441
3461,3443
3462,3443
3463,3445
3464,3445
3465,3447
3466,3448
3467,3448
3468,3450
3469,3452
3470,3451
3471,3452
3472,3453
3473,3454
3474,3456
3475,3456
3476,3458
3477,3457
3478,3460
3479,3460
3480,3462
3481,3461
3482,3463
3483,3464
3484,3466
3485,3467
3486,3468
3487,3469
3488,3469
3489,3471
3490,3471
3491,3472
3492,3473
3493,3474
3494,3474
3495,3476
3496,3477
3497,3479
3498,3479
3499,3480
3500,3481
3501,3482
3502,3483
3503,3484
3504,3485
3505,3486
3506,3487
3507,3488
3508,3489
3509,3490
3510,3491
3511,3491
3512,3493
3513,3495
3514,3495
3515,3497
3516,3496
3517,3500
3518,3500
3519,3501
3520,3503
3521,3503
3522,3505
3523,3506
3524,3507
3525,3507
3526,3509
3527,3509
3528,3511
3529,3512
3530,3512
3531,3513
3532,3515
3533,3516
3534,3516
3535,3518
3536,3519
3537,3519
3538,3520
3539,3522
3540,3523
3541,3524
3542,3525
3543,3526
3544,3526
3545,3527
3546,3528
3547,3529
3548,3529
3549,3531
3550,3533
3551,3534
3552,3534
3553,3535
3554,3536
3555,3537
3556,3538
3557,3540
3558,3540
3559,3540
3560,3543
3561,3543
3562,3543
3563,3545
3564,3545
3565,3548
3566,3548
3567,3550
3568,3549
3569,3552
3570,3551
3571,3553
3572,3554
3573,3554
3574,3556
3575,3558
3576,3559
3577,3559
3578,3560
3579,3561
3580,3562
3581,3563
3582,3565
3583,3564
3584,3565
3585,3567
3586,3568
3587,3568
3588,3570
3589,3571
3590,3572
3591,3573
3592,3574
3593,3575
3594,3576
3595,3576
3596,3577
3597,3578
3598,3580
3599,3581
3600,3581
3601,3583
3602,3584
3603,3584
3604,3585
3605,3587
3606,3588
3607,3588
3608,3589
3609,3591
3610,3592
3611,3592
3612,3593
3613,3594
3614,3595
3615,3596
3616,3596
3617,3599
3618,3599
3619,3600
3620,3601
3621,3602
3622,3603
3623,3604
3624,3605
3625,3607
3626,3607
3627,3609
3628,3609
3629,3610
3630,3611
3631,3612
3632,3613
3633,3614
3634,3616
3635,3616
3636,3616
3637,3618
3638,3619
3639,3620
3640,3622
3641,3623
3642,3624
3643,3624
3644,3625
3645,3626
3646,3628
3647,3628
3648,3630
3649,3632
3650,3632
3651,3632
3652,3634
3653,3634
3654,3634
3655,3635
3656,3637
3657,3639
3658,3639
3659,3640
3660,3641
3661,3641
3662,3642
3663,3645
3664,3646
3665,3646
3666,3648
3667,3649
3668,3649
3669,3650
3670,3650
3671,3652
3672,3654
3673,3654
3674,3656
3675,3656
3676,3657
3677,3658
3678,3659
3679,3659
3680,3660
3681,3662
3682,3662
3683,3664
3684,3665
3685,3665
3686,3665
3687,3668
3688,3668
3689,3670
3690,3672
3691,3672
3692,3673
3693,3672
3694,3674
3695,3675
3696,3678
3697,3678
3698,3677
3699,3678
3700,3681
3701,3681
3702,3683
3703,3683
3704,3685
3705,3685
3706,3687
3707,3687
3708,3688
3709,3689
3710,3690
3711,3690
3712,3693
3713,3693
3714,3695
3715,3695
3716,3696
3717,3697
3718,3697
3719,3700
3720,3699
3721,3701
3722,3702
3723,3705
3724,3705
3725,3705
3726,3707
3727,3707
3728,3709
3729,3709
3730,3712
3731,3710
3732,3711
3733,3713
3734,3714
3735,3714
3736,3717
3737,3717
3738,3716
3739,3719
3740,3721
3741,3720
3742,3722
3743,3722
3744,3725
3745,3724
3746,3726
3747,3728
3748,3727
3749,3728
3750,3729
3751,3731
3752,3733
3753,3733
3754,3734
3755,3735
3756,3735
3757,3737
3758,3738
3759,3738
3760,3741
3761,3741
3762,3742
3763,3744
3764,3743
3765,3745
3766,3746
3767,3745
3768,3747
3769,3749
3770,3750
3771,3752
3772,3752
3773,3753
3774,3754
3775,3756
3776,3757
3777,3758
3778,3758
3779,3758
3780,3760
3781,3761
3782,3762
3783,3764
3784,3763
3785,3764
3786,3766
3787,3767
3788,3768
3789,3767
3790,3769
3791,3771
3792,3772
3793,3773
3794,3774
3795,3775
3796,3776
3797,3777
3798,3777
3799,3779
3800,3780
3801,3781
3802,3782
3803,3783
3804,3783
3805,3785
3806,3784
3807,3787
3808,3787
3809,3788
3810,3790
3811,3791
3812,3792
3813,3793
3814,3793
3815,3793
3816,3795
3817,3797
3818,3797
3819,3799
3820,3799
3821,3800
3822,3801
3823,3803
3824,3805
3825,3804
3826,3806
3827,3805
3828,3807
3829,3807
3830,3809
3831,3809
3832,3810
3833,3813
3834,3813
3835,3815
3836,3814
3837,3816
3838,3817
3839,3818
3840,3820
3841,3819
3842,3822
3843,3823
3844,3823
3845,3824
3846,3825
3847,3826
3848,3827
3849,3829
3850,3829
3851,3831
3852,3831
3853,3832
3854,3833
3855,3834
3856,3835
3857,3837
3858,3838
3859,3838
3860,3839
3861,3841
3862,3842
3863,3841
3864,3843
3865,3844
3866,3846
3867,3846
3868,3847
3869,3847
3870,3849
3871,3850
3872,3851
3873,3851
3874,3853
3875,3854
3876,3856
3877,3855
3878,3858
3879,3858
3880,3858
3881,3860
3882,3861
3883,3861
3884,3863
3885,3863
3886,3865
3887,3865
3888,3867
3889,3869
3890,3869
3891,3871
3892,3871
3893,3873
3894,3873
3895,3873
3896,3876
3897,3876
3898,3877
3899,3879
3900,3879
3901,3879
3902,3881
3903,3882
3904,3884
3905,3884
3906,3884
3907,3887
3908,3887
3909,3887
3910,3890
3911,3891
3912,3890
3913,3892
3914,3894
3915,3894
3916,3895
3917,3895
3918,3896
3919,3897
3920,3900
3921,3900
3922,3901
3923,3902
3924,3902
3925,3903
3926,3903
3927,3906
3928,3906
3929,3909
3930,3907
3931,3909
3932,3912
3933,3910
3934,3913
3935,3912
3936,3914
3937,3915
3938,3918
3939,3917
3940,3918
3941,3919
3942,3921
3943,3921
3944,3923
3945,3924
3946,3925
3947,3924
3948,3928
3949,3926
3950,3927
3951,3929
3952,3929
3953,3929
3954,3931
3955,3934
3956,3935
3957,3935
3958,3935
3959,3937
3960,3937
3961,3938
3962,3940
3963,3941
3964,3941
3965,3944
3966,3943
3967,3945
3968,3946
3969,3946
3970,3946
3971,3949
3972,3951
3973,3951
3974,3952
3975,3953
3976,3954
3977,3954
3978,3956
3979,3957
3980,3958
3981,3959
3982,3959
3983,3960
3984,3962
3985,3962
3986,3964
3987,3964
3988,3965
3989,3966
3990,3966
3991,3968
3992,3969
3993,3972
3994,3972
3995,3974
3996,3973
3997,3974
3998,3974
3999,3977
4000,3977
4001,3977
4002,3981
4003,3981
4004,3981
4005,3983
4006,3984
4007,3984
4008,3985
4009,3986
4010,3987
4011,3988
4012,3990
4013,3991
4014,3991
4015,3992
4016,3993
4017,3994
4018,3994
4019,3997
4020,3998
4021,4000
4022,4000
4023,4000
4024,4002
4025,4003
4026,4004
4027,4004
4028,4006
4029,4006
4030,4007
4031,4008
4032,4010
4033,4011
4034,4012
4035,4013
4036,4013
4037,4015
4038,4016
4039,4017
4040,4018
4041,4019
4042,4020
4043,4021
4044,4021
4045,4023
4046,4024
4047,4025
4048,4026
4049,4027
4050,4028
4051,4029
4052,4030
4053,4031
4054,4032
4055,4032
4056,4034
4057,4035
4058,4036
4059,4036
4060,4038
4061,4038
4062,4040
4063,4041
4064,4042
4065,4043
4066,4044
4067,4044
4068,4046
4069,4047
4070,4048
4071,4049
4072,4050
4073,4051
4074,4052
4075,4053
4076,4053
4077,4054
4078,4056
4079,4057
4080,4058
4081,4059
4082,4060
4083,4060
4084,4061
4085,4062
4086,4063
4087,4064
4088,4065
4089,4066
4090,4066
4091,4066
4092,4066
4093,4067
4094,4066
4095,4067
