0,5
1,1
2,4
3,5
4,5
5,4
6,5
7,4
8,6
9,1
10,9
11,10
12,10
13,12
14,19
15,13
16,13
17,15
18,17
19,22
20,18
21,18
22,20
23,22
24,23
25,23
26,25
27,25
28,27
29,27
30,29
31,29
32,30
33,31
34,32
35,32
36,33
37,36
38,37
39,38
40,38
41,41
42,41
43,43
44,43
45,43
46,45
47,46
48,46
49,48
50,49
51,50
52,50
53,49
54,52
55,54
56,56
57,54
58,56
59,58
60,58
61,59
62,60
63,61
64,63
65,65
66,65
67,65
68,65
69,67
70,69
71,70
72,70
73,72
74,73
75,74
76,74
77,75
78,74
79,78
80,79
81,79
82,80
83,82
84,82
85,85
86,83
87,85
88,86
89,87
90,88
91,89
92,90
93,91
94,93
95,93
96,95
97,95
98,95
99,97
100,93
101,100
102,101
103,101
104,102
105,104
106,104
107,105
108,104
109,108
110,109
111,109
112,110
113,113
114,113
115,114
116,114
117,115
118,117
119,116
120,118
121,119
122,120
123,120
124,122
125,121
126,123
127,125
128,121
129,126
130,134
131,129
132,130
133,131
134,133
135,133
136,134
137,136
138,136
139,138
140,138
141,139
142,138
143,140
144,142
145,143
146,145
147,146
148,146
149,148
150,147
151,149
152,151
153,151
154,152
155,153
156,154
157,154
158,157
159,156
160,158
161,161
162,161
163,160
164,163
165,163
166,164
167,165
168,165
169,167
170,167
171,169
172,163
173,170
174,160
175,172
176,175
177,174
178,176
179,176
180,180
181,180
182,180
183,180
184,182
185,184
186,189
187,183
188,186
189,187
190,187
191,190
192,190
193,191
194,190
195,194
196,194
197,195
198,196
199,197
200,197
201,198
202,202
203,201
204,201
205,204
206,203
207,204
208,206
209,207
210,208
211,209
212,210
213,211
214,212
215,213
216,214
217,216
218,215
219,216
220,218
221,196
222,220
223,221
224,222
225,223
226,225
227,225
228,225
229,226
230,228
231,233
232,230
233,231
234,231
235,236
236,234
237,235
238,237
239,235
240,238
241,240
242,241
243,241
244,241
245,244
246,244
247,245
248,246
249,247
250,248
251,247
252,251
253,251
254,253
255,253
256,253
257,256
258,256
259,258
260,257
261,259
262,259
263,261
264,263
265,263
266,264
267,266
268,266
269,268
270,273
271,269
272,288
273,271
274,273
275,273
276,274
277,276
278,276
279,277
280,279
281,279
282,280
283,281
284,282
285,284
286,284
287,285
288,286
289,286
290,293
291,289
292,289
293,292
294,291
295,293
296,294
297,295
298,296
299,297
300,301
301,300
302,300
303,301
304,303
305,293
306,304
307,304
308,305
309,307
310,307
311,308
312,310
313,311
314,313
315,306
316,313
317,314
318,316
319,315
320,318
321,318
322,318
323,320
324,321
325,323
326,323
327,326
328,327
329,328
330,329
331,328
332,330
333,331
334,332
335,333
336,333
337,334
338,335
339,337
340,336
341,340
342,340
343,340
344,341
345,343
346,343
347,343
348,345
349,348
350,348
351,347
352,350
353,351
354,353
355,357
356,354
357,355
358,355
359,356
360,358
361,358
362,359
363,360
364,363
365,360
366,363
367,365
368,366
369,367
370,366
371,369
372,375
373,373
374,372
375,373
376,374
377,375
378,376
379,377
380,377
381,379
382,380
383,381
384,382
385,383
386,385
387,384
388,390
389,384
390,387
391,384
392,388
393,391
394,391
395,392
396,400
397,396
398,396
399,396
400,397
401,397
402,400
403,401
404,403
405,402
406,405
407,405
408,406
409,407
410,407
411,415
412,410
413,415
414,411
415,413
416,414
417,414
418,414
419,416
420,417
421,418
422,419
423,421
424,422
425,422
426,428
427,425
428,425
429,425
430,428
431,429
432,430
433,430
434,433
435,432
436,433
437,435
438,435
439,436
440,437
441,439
442,443
443,439
444,442
445,443
446,457
447,445
448,446
449,447
450,448
451,447
452,448
453,449
454,444
455,451
456,448
457,454
458,453
459,456
460,458
461,455
462,460
463,461
464,456
465,463
466,463
467,465
468,465
469,466
470,467
471,468
472,469
473,470
474,471
475,473
476,474
477,475
478,478
479,476
480,478
481,480
482,478
483,480
484,479
485,482
486,482
487,483
488,485
489,486
490,486
491,489
492,489
493,492
494,491
495,493
496,493
497,494
498,495
499,496
500,498
501,498
502,493
503,499
504,502
505,504
506,502
507,507
508,505
509,506
510,507
511,509
512,508
513,510
514,510
515,516
516,513
517,518
518,515
519,515
520,519
521,518
522,520
523,521
524,522
525,522
526,522
527,523
528,525
529,526
530,526
531,528
532,529
533,529
534,531
535,531
536,533
537,534
538,534
539,536
540,538
541,539
542,539
543,538
544,541
545,543
546,543
547,544
548,544
549,547
550,542
551,549
552,550
553,551
554,558
555,552
556,554
557,555
558,555
559,556
560,558
561,558
562,559
563,560
564,561
565,561
566,562
567,564
568,565
569,565
570,569
571,568
572,569
573,570
574,571
575,571
576,572
577,575
578,574
579,576
580,575
581,578
582,579
583,580
584,581
585,582
586,583
587,584
588,584
589,585
590,586
591,588
592,587
593,590
594,589
595,593
596,591
597,594
598,595
599,595
600,597
601,598
602,596
603,600
604,600
605,602
606,603
607,603
608,604
609,606
610,607
611,610
612,609
613,610
614,609
615,611
616,618
617,615
618,606
619,614
620,618
621,619
622,620
623,622
624,619
625,621
626,622
627,623
628,625
629,625
630,627
631,626
632,628
633,630
634,630
635,632
636,629
637,634
638,623
639,635
640,637
641,640
642,639
643,639
644,639
645,640
646,643
647,642
648,644
649,644
650,646
651,650
652,649
653,650
654,649
655,651
656,653
657,653
658,654
659,693
660,660
661,668
662,659
663,660
664,663
665,661
666,662
667,663
668,664
669,666
670,657
671,666
672,668
673,669
674,671
675,671
676,671
677,674
678,674
679,675
680,677
681,677
682,678
683,679
684,682
685,679
686,682
687,681
688,685
689,686
690,686
691,687
692,690
693,689
694,693
695,691
696,693
697,692
698,695
699,695
700,696
701,698
702,698
703,700
704,706
705,701
706,701
707,702
708,703
709,705
710,706
711,706
712,708
713,710
714,723
715,711
716,713
717,712
718,714
719,716
720,715
721,717
722,717
723,719
724,720
725,721
726,722
727,722
728,723
729,725
730,728
731,727
732,728
733,728
734,730
735,732
736,734
737,732
738,735
739,735
740,736
741,733
742,739
743,740
744,739
745,742
746,744
747,743
748,744
749,745
750,746
751,746
752,747
753,749
754,749
755,751
756,752
757,754
758,752
759,757
760,756
761,757
762,759
763,758
764,760
765,760
766,762
767,764
768,768
769,766
770,766
771,766
772,768
773,772
774,770
775,771
776,772
777,774
778,774
779,775
780,777
781,778
782,779
783,778
784,780
785,781
786,782
787,785
788,785
789,786
790,787
791,787
792,788
793,784
794,791
795,791
796,793
797,794
798,796
799,795
800,799
801,798
802,798
803,799
804,801
805,802
806,803
807,793
808,804
809,805
810,806
811,807
812,811
813,809
814,811
815,810
816,812
817,812
818,814
819,816
820,815
821,818
822,815
823,819
824,820
825,820
826,823
827,821
828,824
829,830
830,824
831,827
832,828
833,828
834,830
835,831
836,833
837,833
838,835
839,834
840,837
841,836
842,838
843,840
844,840
845,841
846,843
847,841
848,844
849,845
850,846
851,848
852,850
853,847
854,850
855,849
856,852
857,855
858,854
859,855
860,853
861,857
862,859
863,860
864,860
865,859
866,864
867,864
868,865
869,866
870,866
871,867
872,867
873,868
874,870
875,872
876,872
877,873
878,874
879,876
880,877
881,856
882,879
883,880
884,879
885,879
886,881
887,882
888,898
889,884
890,886
891,886
892,887
893,884
894,891
895,891
896,892
897,894
898,894
899,897
900,898
901,897
902,899
903,900
904,898
905,900
906,901
907,903
908,904
909,906
910,903
911,907
912,908
913,908
914,908
915,912
916,914
917,915
918,915
919,915
920,916
921,920
922,917
923,920
924,920
925,921
926,930
927,923
928,923
929,925
930,926
931,927
932,927
933,928
934,931
935,932
936,929
937,933
938,934
939,932
940,936
941,935
942,937
943,938
944,940
945,940
946,939
947,938
948,946
949,946
950,945
951,945
952,947
953,947
954,952
955,956
956,952
957,955
958,952
959,955
960,956
961,959
962,957
963,960
964,959
965,960
966,962
967,963
968,965
969,965
970,965
971,965
972,968
973,968
974,970
975,971
976,971
977,972
978,973
979,975
980,974
981,977
982,977
983,981
984,973
985,981
986,982
987,983
988,984
989,982
990,986
991,987
992,988
993,989
994,991
995,991
996,996
997,991
998,994
999,995
1000,995
1001,992
1002,996
1003,998
1004,998
1005,1001
1006,998
1007,1002
1008,1004
1009,1004
1010,1006
1011,1006
1012,1007
1013,1009
1014,1009
1015,1013
1016,1010
1017,1012
1018,1013
1019,1014
1020,991
1021,1016
1022,1017
1023,1018
1024,1019
1025,1021
1026,1022
1027,1022
1028,1022
1029,1024
1030,1023
1031,1026
1032,1026
1033,1028
1034,1030
1035,1030
1036,1033
1037,1032
1038,1033
1039,1034
1040,1035
1041,1036
1042,1042
1043,1039
1044,1039
1045,1041
1046,1041
1047,1042
1048,1044
1049,1043
1050,1044
1051,1046
1052,1048
1053,1047
1054,1050
1055,1051
1056,1051
1057,1051
1058,1054
1059,1054
1060,1054
1061,1057
1062,1056
1063,1059
1064,1060
1065,1061
1066,1061
1067,1062
1068,1064
1069,1063
1070,1066
1071,1065
1072,1066
1073,1069
1074,1070
1075,1076
1076,1071
1077,1072
1078,1073
1079,1074
1080,1074
1081,1077
1082,1077
1083,1077
1084,1079
1085,1078
1086,1081
1087,1087
1088,1084
1089,1084
1090,1088
1091,1086
1092,1078
1093,1088
1094,1089
1095,1090
1096,1091
1097,1094
1098,1093
1099,1095
1100,1094
1101,1097
1102,1097
1103,1098
1104,1103
1105,1099
1106,1101
1107,1100
1108,1105
1109,1108
1110,1108
1111,1106
1112,1107
1113,1109
1114,1109
1115,1111
1116,1098
1117,1112
1118,1112
1119,1113
1120,1115
1121,1116
1122,1119
1123,1118
1124,1113
1125,1121
1126,1118
1127,1123
1128,1123
1129,1122
1130,1123
1131,1125
1132,1128
1133,1128
1134,1129
1135,1130
1136,1132
1137,1132
1138,1132
1139,1134
1140,1135
1141,1136
1142,1136
1143,1144
1144,1139
1145,1140
1146,1141
1147,1142
1148,1143
1149,1143
1150,1144
1151,1142
1152,1148
1153,1148
1154,1148
1155,1150
1156,1151
1157,1151
1158,1152
1159,1155
1160,1156
1161,1156
1162,1157
1163,1157
1164,1159
1165,1159
1166,1161
1167,1163
1168,1163
1169,1164
1170,1165
1171,1166
1172,1167
1173,1169
1174,1168
1175,1170
1176,1170
1177,1173
1178,1172
1179,1174
1180,1195
1181,1176
1182,1176
1183,1178
1184,1180
1185,1181
1186,1185
1187,1182
1188,1183
1189,1188
1190,1185
1191,1185
1192,1185
1193,1187
1194,1188
1195,1188
1196,1190
1197,1191
1198,1193
1199,1194
1200,1195
1201,1200
1202,1197
1203,1196
1204,1198
1205,1200
1206,1201
1207,1201
1208,1203
1209,1204
1210,1204
1211,1205
1212,1207
1213,1207
1214,1209
1215,1209
1216,1209
1217,1212
1218,1219
1219,1213
1220,1215
1221,1215
1222,1216
1223,1221
1224,1219
1225,1220
1226,1220
1227,1222
1228,1223
1229,1223
1230,1238
1231,1230
1232,1226
1233,1227
1234,1229
1235,1225
1236,1232
1237,1232
1238,1229
1239,1234
1240,1237
1241,1236
1242,1236
1243,1238
1244,1239
1245,1239
1246,1240
1247,1244
1248,1242
1249,1244
1250,1243
1251,1245
1252,1247
1253,1247
1254,1248
1255,1248
1256,1251
1257,1252
1258,1254
1259,1254
1260,1254
1261,1255
1262,1257
1263,1257
1264,1258
1265,1264
1266,1260
1267,1263
1268,1262
1269,1264
1270,1267
1271,1266
1272,1268
1273,1269
1274,1269
1275,1269
1276,1269
1277,1272
1278,1273
1279,1273
1280,1274
1281,1274
1282,1272
1283,1278
1284,1278
1285,1277
1286,1281
1287,1280
1288,1282
1289,1284
1290,1284
1291,1285
1292,1287
1293,1290
1294,1288
1295,1289
1296,1291
1297,1292
1298,1294
1299,1297
1300,1293
1301,1295
1302,1303
1303,1298
1304,1313
1305,1299
1306,1301
1307,1300
1308,1303
1309,1303
1310,1305
1311,1306
1312,1308
1313,1307
1314,1308
1315,1310
1316,1311
1317,1311
1318,1312
1319,1314
1320,1313
1321,1315
1322,1316
1323,1318
1324,1319
1325,1320
1326,1320
1327,1322
1328,1323
1329,1323
1330,1325
1331,1325
1332,1326
1333,1328
1334,1327
1335,1333
1336,1330
1337,1333
1338,1331
1339,1333
1340,1336
1341,1336
1342,1336
1343,1337
1344,1338
1345,1340
1346,1341
1347,1341
1348,1342
1349,1344
1350,1344
1351,1345
1352,1362
1353,1348
1354,1349
1355,1351
1356,1350
1357,1352
1358,1354
1359,1353
1360,1352
1361,1330
1362,1357
1363,1363
1364,1359
1365,1361
1366,1360
1367,1361
1368,1362
1369,1364
1370,1364
1371,1365
1372,1367
1373,1367
1374,1368
1375,1370
1376,1371
1377,1371
1378,1371
1379,1374
1380,1376
1381,1374
1382,1375
1383,1378
1384,1377
1385,1379
1386,1381
1387,1382
1388,1383
1389,1384
1390,1385
1391,1385
1392,1386
1393,1385
1394,1388
1395,1389
1396,1390
1397,1391
1398,1392
1399,1393
1400,1397
1401,1395
1402,1395
1403,1397
1404,1399
1405,1400
1406,1401
1407,1401
1408,1404
1409,1401
1410,1403
1411,1402
1412,1406
1413,1394
1414,1410
1415,1409
1416,1411
1417,1411
1418,1414
1419,1413
1420,1414
1421,1413
1422,1416
1423,1418
1424,1419
1425,1420
1426,1420
1427,1422
1428,1421
1429,1423
1430,1423
1431,1426
1432,1429
1433,1427
1434,1428
1435,1429
1436,1430
1437,1431
1438,1433
1439,1434
1440,1436
1441,1435
1442,1436
1443,1438
1444,1440
1445,1439
1446,1441
1447,1441
1448,1442
1449,1443
1450,1444
1451,1445
1452,1446
1453,1446
1454,1448
1455,1449
1456,1450
1457,1463
1458,1452
1459,1454
1460,1453
1461,1455
1462,1456
1463,1456
1464,1458
1465,1457
1466,1459
1467,1460
1468,1463
1469,1462
1470,1464
1471,1464
1472,1464
1473,1467
1474,1465
1475,1469
1476,1470
1477,1469
1478,1471
1479,1473
1480,1475
1481,1475
1482,1476
1483,1477
1484,1476
1485,1478
1486,1484
1487,1481
1488,1482
1489,1483
1490,1483
1491,1482
1492,1484
1493,1487
1494,1488
1495,1490
1496,1489
1497,1490
1498,1490
1499,1493
1500,1489
1501,1494
1502,1496
1503,1496
1504,1498
1505,1505
1506,1499
1507,1502
1508,1501
1509,1503
1510,1503
1511,1505
1512,1507
1513,1507
1514,1508
1515,1508
1516,1509
1517,1514
1518,1512
1519,1513
1520,1515
1521,1516
1522,1515
1523,1518
1524,1518
1525,1519
1526,1520
1527,1541
1528,1523
1529,1523
1530,1525
1531,1524
1532,1525
1533,1526
1534,1529
1535,1530
1536,1530
1537,1531
1538,1536
1539,1531
1540,1533
1541,1534
1542,1536
1543,1537
1544,1538
1545,1538
1546,1540
1547,1539
1548,1541
1549,1542
1550,1548
1551,1545
1552,1547
1553,1547
1554,1547
1555,1548
1556,1550
1557,1551
1558,1552
1559,1556
1560,1552
1561,1555
1562,1555
1563,1558
1564,1563
1565,1559
1566,1560
1567,1559
1568,1564
1569,1564
1570,1564
1571,1565
1572,1565
1573,1566
1574,1569
1575,1569
1576,1573
1577,1571
1578,1573
1579,1572
1580,1573
1581,1573
1582,1576
1583,1576
1584,1577
1585,1579
1586,1580
1587,1582
1588,1581
1589,1581
1590,1581
1591,1581
1592,1586
1593,1575
1594,1587
1595,1589
1596,1587
1597,1591
1598,1592
1599,1593
1600,1593
1601,1593
1602,1598
1603,1595
1604,1598
1605,1598
1606,1599
1607,1601
1608,1598
1609,1603
1610,1603
1611,1605
1612,1604
1613,1607
1614,1608
1615,1609
1616,1610
1617,1609
1618,1619
1619,1613
1620,1614
1621,1614
1622,1617
1623,1616
1624,1617
1625,1620
1626,1618
1627,1621
1628,1621
1629,1623
1630,1627
1631,1625
1632,1625
1633,1627
1634,1627
1635,1629
1636,1630
1637,1624
1638,1631
1639,1632
1640,1633
1641,1635
1642,1635
1643,1637
1644,1637
1645,1638
1646,1639
1647,1638
1648,1639
1649,1644
1650,1643
1651,1643
1652,1645
1653,1646
1654,1648
1655,1646
1656,1649
1657,1651
1658,1652
1659,1653
1660,1654
1661,1654
1662,1655
1663,1658
1664,1658
1665,1659
1666,1660
1667,1661
1668,1661
1669,1663
1670,1664
1671,1665
1672,1669
1673,1666
1674,1668
1675,1668
1676,1669
1677,1674
1678,1672
1679,1672
1680,1673
1681,1676
1682,1675
1683,1676
1684,1674
1685,1677
1686,1678
1687,1681
1688,1680
1689,1681
1690,1682
1691,1685
1692,1685
1693,1679
1694,1688
1695,1688
1696,1688
1697,1691
1698,1691
1699,1692
1700,1693
1701,1695
1702,1695
1703,1698
1704,1697
1705,1694
1706,1698
1707,1701
1708,1702
1709,1701
1710,1702
1711,1702
1712,1705
1713,1705
1714,1708
1715,1707
1716,1713
1717,1709
1718,1712
1719,1710
1720,1714
1721,1714
1722,1712
1723,1716
1724,1716
1725,1717
1726,1722
1727,1720
1728,1721
1729,1722
1730,1722
1731,1724
1732,1726
1733,1725
1734,1728
1735,1728
1736,1728
1737,1730
1738,1731
1739,1732
1740,1733
1741,1734
1742,1736
1743,1737
1744,1736
1745,1739
1746,1738
1747,1759
1748,1740
1749,1742
1750,1744
1751,1743
1752,1741
1753,1747
1754,1746
1755,1748
1756,1747
1757,1750
1758,1751
1759,1754
1760,1753
1761,1753
1762,1754
1763,1756
1764,1757
1765,1758
1766,1757
1767,1759
1768,1761
1769,1761
1770,1763
1771,1762
1772,1765
1773,1766
1774,1768
1775,1767
1776,1771
1777,1769
1778,1769
1779,1770
1780,1771
1781,1774
1782,1775
1783,1771
1784,1775
1785,1776
1786,1779
1787,1779
1788,1781
1789,1782
1790,1783
1791,1781
1792,1785
1793,1784
1794,1788
1795,1787
1796,1789
1797,1789
1798,1788
1799,1791
1800,1792
1801,1793
1802,1794
1803,1796
1804,1797
1805,1795
1806,1797
1807,1800
1808,1800
1809,1801
1810,1801
1811,1801
1812,1803
1813,1804
1814,1807
1815,1808
1816,1808
1817,1809
1818,1810
1819,1811
1820,1813
1821,1811
1822,1819
1823,1814
1824,1816
1825,1817
1826,1818
1827,1820
1828,1820
1829,1822
1830,1822
1831,1822
1832,1825
1833,1826
1834,1828
1835,1828
1836,1827
1837,1830
1838,1831
1839,1831
1840,1831
1841,1833
1842,1835
1843,1833
1844,1836
1845,1837
1846,1838
1847,1839
1848,1839
1849,1841
1850,1843
1851,1844
1852,1844
1853,1850
1854,1846
1855,1852
1856,1849
1857,1862
1858,1851
1859,1850
1860,1852
1861,1853
1862,1855
1863,1855
1864,1855
1865,1857
1866,1858
1867,1860
1868,1860
1869,1867
1870,1863
1871,1863
1872,1865
1873,1865
1874,1866
1875,1866
1876,1864
1877,1867
1878,1871
1879,1871
1880,1871
1881,1873
1882,1877
1883,1876
1884,1876
1885,1875
1886,1879
1887,1879
1888,1880
1889,1882
1890,1881
1891,1883
1892,1887
1893,1884
1894,1885
1895,1886
1896,1887
1897,1890
1898,1889
1899,1890
1900,1892
1901,1897
1902,1893
1903,1896
1904,1897
1905,1897
1906,1898
1907,1898
1908,1901
1909,1899
1910,1903
1911,1904
1912,1904
1913,1905
1914,1905
1915,1907
1916,1907
1917,1910
1918,1910
1919,1911
1920,1912
1921,1913
1922,1914
1923,1917
1924,1916
1925,1918
1926,1918
1927,1919
1928,1920
1929,1921
1930,1921
1931,1929
1932,1924
1933,1925
1934,1924
1935,1927
1936,1928
1937,1929
1938,1929
1939,1935
1940,1932
1941,1933
1942,1934
1943,1935
1944,1936
1945,1936
1946,1938
1947,1939
1948,1949
1949,1941
1950,1942
1951,1943
1952,1945
1953,1944
1954,1945
1955,1947
1956,1948
1957,1953
1958,1949
1959,1950
1960,1952
1961,1953
1962,1959
1963,1954
1964,1955
1965,1957
1966,1958
1967,1957
1968,1960
1969,1962
1970,1962
1971,1964
1972,1963
1973,1965
1974,1963
1975,1966
1976,1968
1977,1969
1978,1970
1979,1969
1980,1971
1981,1972
1982,1973
1983,1974
1984,1976
1985,1977
1986,1973
1987,1978
1988,1978
1989,1980
1990,1985
1991,1983
1992,1984
1993,1986
1994,1986
1995,1986
1996,1987
1997,1988
1998,1989
1999,1990
2000,1989
2001,1994
2002,1999
2003,1995
2004,1995
2005,1995
2006,1997
2007,1999
2008,2000
2009,2002
2010,2002
2011,2004
2012,2007
2013,2006
2014,2006
2015,2007
2016,2009
2017,2009
2018,2011
2019,2011
2020,2013
2021,2013
2022,2015
2023,2016
2024,2016
2025,2021
2026,2020
2027,2021
2028,2019
2029,2022
2030,2021
2031,2024
2032,2023
2033,2025
2034,2027
2035,2025
2036,2028
2037,2030
2038,2030
2039,2031
2040,2029
2041,2033
2042,2033
2043,2036
2044,2037
2045,2037
2046,2039
2047,2041
2048,2040
2049,2042
2050,2044
2051,2044
2052,2046
2053,2046
2054,2060
2055,2049
2056,2048
2057,2050
2058,2055
2059,2051
2060,2054
2061,2058
2062,2055
2063,2054
2064,2056
2065,2058
2066,2058
2067,2060
2068,2061
2069,2062
2070,2063
2071,2063
2072,2065
2073,2064
2074,2067
2075,2069
2076,2068
2077,2069
2078,2070
2079,2072
2080,2072
2081,2070
2082,2077
2083,2094
2084,2076
2085,2079
2086,2049
2087,2079
2088,2080
2089,2082
2090,2084
2091,2085
2092,2084
2093,2085
2094,2087
2095,2088
2096,2088
2097,2089
2098,2089
2099,2092
2100,2093
2101,2094
2102,2094
2103,2095
2104,2097
2105,2096
2106,2099
2107,2099
2108,2100
2109,2101
2110,2102
2111,2104
2112,2104
2113,2106
2114,2107
2115,2108
2116,2108
2117,2110
2118,2110
2119,2111
2120,2100
2121,2113
2122,2114
2123,2116
2124,2115
2125,2116
2126,2119
2127,2119
2128,2120
2129,2121
2130,2123
2131,2123
2132,2128
2133,2125
2134,2126
2135,2127
2136,2129
2137,2122
2138,2131
2139,2131
2140,2132
2141,2135
2142,2136
2143,2136
2144,2136
2145,2138
2146,2138
2147,2146
2148,2140
2149,2142
2150,2142
2151,2143
2152,2142
2153,2146
2154,2147
2155,2148
2156,2149
2157,2147
2158,2150
2159,2152
2160,2152
2161,2150
2162,2154
2163,2155
2164,2156
2165,2156
2166,2157
2167,2159
2168,2161
2169,2161
2170,2160
2171,2163
2172,2163
2173,2166
2174,2167
2175,2166
2176,2168
2177,2169
2178,2172
2179,2170
2180,2172
2181,2174
2182,2174
2183,2175
2184,2175
2185,2176
2186,2177
2187,2179
2188,2179
2189,2174
2190,2182
2191,2182
2192,2187
2193,2184
2194,2183
2195,2187
2196,2190
2197,2190
2198,2191
2199,2193
2200,2192
2201,2194
2202,2192
2203,2194
2204,2196
2205,2197
2206,2197
2207,2200
2208,2199
2209,2201
2210,2201
2211,2203
2212,2204
2213,2205
2214,2205
2215,2209
2216,2208
2217,2204
2218,2210
2219,2212
2220,2209
2221,2212
2222,2208
2223,2214
2224,2219
2225,2217
2226,2218
2227,2217
2228,2219
2229,2219
2230,2223
2231,2222
2232,2224
2233,2225
2234,2226
2235,2227
2236,2229
2237,2228
2238,2231
2239,2230
2240,2232
2241,2236
2242,2232
2243,2235
2244,2236
2245,2237
2246,2234
2247,2239
2248,2241
2249,2242
2250,2242
2251,2243
2252,2244
2253,2244
2254,2244
2255,2247
2256,2247
2257,2248
2258,2248
2259,2251
2260,2248
2261,2252
2262,2253
2263,2254
2264,2255
2265,2253
2266,2257
2267,2258
2268,2260
2269,2260
2270,2262
2271,2262
2272,2262
2273,2264
2274,2263
2275,2267
2276,2266
2277,2268
2278,2271
2279,2271
2280,2271
2281,2270
2282,2274
2283,2275
2284,2277
2285,2277
2286,2277
2287,2277
2288,2277
2289,2280
2290,2282
2291,2282
2292,2283
2293,2283
2294,2285
2295,2286
2296,2287
2297,2288
2298,2287
2299,2289
2300,2291
2301,2291
2302,2293
2303,2294
2304,2294
2305,2296
2306,2297
2307,2299
2308,2291
2309,2301
2310,2302
2311,2298
2312,2304
2313,2305
2314,2306
2315,2306
2316,2306
2317,2314
2318,2308
2319,2308
2320,2312
2321,2312
2322,2316
2323,2314
2324,2314
2325,2317
2326,2317
2327,2318
2328,2321
2329,2320
2330,2321
2331,2321
2332,2323
2333,2325
2334,2326
2335,2327
2336,2328
2337,2327
2338,2327
2339,2330
2340,2329
2341,2332
2342,2333
2343,2334
2344,2335
2345,2334
2346,2337
2347,2340
2348,2340
2349,2338
2350,2341
2351,2343
2352,2343
2353,2344
2354,2343
2355,2345
2356,2346
2357,2348
2358,2348
2359,2323
2360,2352
2361,2354
2362,2353
2363,2352
2364,2353
2365,2356
2366,2356
2367,2360
2368,2360
2369,2361
2370,2363
2371,2362
2372,2364
2373,2364
2374,2364
2375,2365
2376,2364
2377,2369
2378,2369
2379,2369
2380,2372
2381,2371
2382,2373
2383,2381
2384,2375
2385,2375
2386,2378
2387,2377
2388,2382
2389,2379
2390,2381
2391,2384
2392,2382
2393,2384
2394,2387
2395,2388
2396,2392
2397,2388
2398,2388
2399,2390
2400,2390
2401,2391
2402,2394
2403,2393
2404,2395
2405,2396
2406,2397
2407,2398
2408,2400
2409,2400
2410,2392
2411,2403
2412,2402
2413,2404
2414,2405
2415,2406
2416,2405
2417,2407
2418,2408
2419,2404
2420,2411
2421,2410
2422,2414
2423,2413
2424,2413
2425,2417
2426,2416
2427,2418
2428,2420
2429,2419
2430,2420
2431,2419
2432,2422
2433,2422
2434,2424
2435,2426
2436,2426
2437,2428
2438,2430
2439,2428
2440,2431
2441,2431
2442,2432
2443,2435
2444,2435
2445,2435
2446,2433
2447,2439
2448,2438
2449,2439
2450,2436
2451,2442
2452,2442
2453,2442
2454,2444
2455,2445
2456,2447
2457,2447
2458,2450
2459,2449
2460,2450
2461,2451
2462,2452
2463,2452
2464,2455
2465,2455
2466,2456
2467,2457
2468,2460
2469,2458
2470,2461
2471,2461
2472,2462
2473,2460
2474,2464
2475,2470
2476,2466
2477,2464
2478,2468
2479,2470
2480,2471
2481,2471
2482,2472
2483,2474
2484,2476
2485,2476
2486,2476
2487,2477
2488,2479
2489,2475
2490,2480
2491,2482
2492,2481
2493,2484
2494,2484
2495,2485
2496,2486
2497,2487
2498,2487
2499,2489
2500,2490
2501,2490
2502,2493
2503,2493
2504,2496
2505,2495
2506,2496
2507,2496
2508,2497
2509,2499
2510,2500
2511,2491
2512,2502
2513,2504
2514,2503
2515,2506
2516,2507
2517,2507
2518,2508
2519,2510
2520,2511
2521,2512
2522,2512
2523,2513
2524,2507
2525,2515
2526,2516
2527,2518
2528,2523
2529,2519
2530,2533
2531,2521
2532,2522
2533,2522
2534,2523
2535,2525
2536,2528
2537,2526
2538,2527
2539,2528
2540,2530
2541,2530
2542,2531
2543,2533
2544,2533
2545,2534
2546,2537
2547,2560
2548,2538
2549,2541
2550,2540
2551,2541
2552,2543
2553,2543
2554,2545
2555,2544
2556,2545
2557,2546
2558,2547
2559,2549
2560,2550
2561,2550
2562,2555
2563,2552
2564,2555
2565,2554
2566,2557
2567,2557
2568,2559
2569,2558
2570,2559
2571,2561
2572,2563
2573,2564
2574,2553
2575,2565
2576,2565
2577,2567
2578,2567
2579,2570
2580,2570
2581,2572
2582,2574
2583,2573
2584,2574
2585,2575
2586,2579
2587,2577
2588,2578
2589,2579
2590,2580
2591,2581
2592,2583
2593,2584
2594,2583
2595,2598
2596,2588
2597,2586
2598,2587
2599,2590
2600,2588
2601,2591
2602,2593
2603,2593
2604,2594
2605,2593
2606,2596
2607,2600
2608,2603
2609,2598
2610,2598
2611,2600
2612,2601
2613,2603
2614,2602
2615,2605
2616,2604
2617,2607
2618,2608
2619,2607
2620,2609
2621,2609
2622,2613
2623,2617
2624,2614
2625,2614
2626,2615
2627,2617
2628,2615
2629,2619
2630,2620
2631,2620
2632,2623
2633,2622
2634,2622
2635,2624
2636,2626
2637,2626
2638,2631
2639,2630
2640,2630
2641,2630
2642,2631
2643,2633
2644,2634
2645,2634
2646,2635
2647,2637
2648,2637
2649,2638
2650,2640
2651,2641
2652,2643
2653,2643
2654,2643
2655,2649
2656,2646
2657,2647
2658,2646
2659,2649
2660,2654
2661,2650
2662,2651
2663,2653
2664,2654
2665,2653
2666,2655
2667,2657
2668,2658
2669,2659
2670,2659
2671,2660
2672,2673
2673,2663
2674,2664
2675,2665
2676,2666
2677,2667
2678,2668
2679,2668
2680,2668
2681,2670
2682,2672
2683,2673
2684,2673
2685,2674
2686,2675
2687,2676
2688,2677
2689,2677
2690,2680
2691,2680
2692,2681
2693,2685
2694,2684
2695,2683
2696,2685
2697,2686
2698,2688
2699,2688
2700,2689
2701,2690
2702,2690
2703,2693
2704,2693
2705,2693
2706,2695
2707,2696
2708,2699
2709,2700
2710,2701
2711,2701
2712,2701
2713,2702
2714,2703
2715,2708
2716,2706
2717,2708
2718,2707
2719,2708
2720,2710
2721,2716
2722,2712
2723,2711
2724,2714
2725,2713
2726,2715
2727,2716
2728,2715
2729,2716
2730,2719
2731,2720
2732,2720
2733,2723
2734,2724
2735,2724
2736,2725
2737,2725
2738,2726
2739,2730
2740,2735
2741,2731
2742,2732
2743,2732
2744,2734
2745,2735
2746,2735
2747,2736
2748,2737
2749,2738
2750,2736
2751,2740
2752,2741
2753,2742
2754,2744
2755,2745
2756,2745
2757,2747
2758,2745
2759,2748
2760,2750
2761,2762
2762,2749
2763,2752
2764,2752
2765,2755
2766,2756
2767,2756
2768,2758
2769,2760
2770,2761
2771,2758
2772,2761
2773,2762
2774,2764
2775,2765
2776,2767
2777,2767
2778,2768
2779,2769
2780,2771
2781,2770
2782,2772
2783,2773
2784,2774
2785,2773
2786,2776
2787,2788
2788,2777
2789,2779
2790,2779
2791,2779
2792,2781
2793,2783
2794,2779
2795,2785
2796,2786
2797,2786
2798,2787
2799,2794
2800,2789
2801,2790
2802,2790
2803,2793
2804,2798
2805,2794
2806,2795
2807,2796
2808,2797
2809,2798
2810,2801
2811,2800
2812,2800
2813,2802
2814,2807
2815,2805
2816,2807
2817,2808
2818,2806
2819,2806
2820,2810
2821,2811
2822,2813
2823,2812
2824,2825
2825,2816
2826,2815
2827,2816
2828,2814
2829,2819
2830,2818
2831,2820
2832,2822
2833,2823
2834,2823
2835,2826
2836,2825
2837,2826
2838,2829
2839,2828
2840,2831
2841,2831
2842,2830
2843,2831
2844,2835
2845,2835
2846,2834
2847,2836
2848,2840
2849,2837
2850,2838
2851,2840
2852,2845
2853,2842
2854,2839
2855,2842
2856,2846
2857,2845
2858,2848
2859,2849
2860,2851
2861,2850
2862,2851
2863,2852
2864,2851
2865,2855
2866,2857
2867,2856
2868,2859
2869,2859
2870,2860
2871,2860
2872,2867
2873,2862
2874,2863
2875,2865
2876,2866
2877,2866
2878,2868
2879,2868
2880,2869
2881,2869
2882,2871
2883,2872
2884,2873
2885,2873
2886,2873
2887,2876
2888,2877
2889,2877
2890,2879
2891,2881
2892,2882
2893,2883
2894,2884
2895,2884
2896,2886
2897,2886
2898,2888
2899,2887
2900,2890
2901,2890
2902,2891
2903,2897
2904,2894
2905,2884
2906,2895
2907,2897
2908,2893
2909,2896
2910,2899
2911,2898
2912,2902
2913,2902
2914,2903
2915,2906
2916,2905
2917,2907
2918,2907
2919,2908
2920,2911
2921,2911
2922,2917
2923,2910
2924,2913
2925,2914
2926,2914
2927,2916
2928,2917
2929,2918
2930,2918
2931,2920
2932,2913
2933,2923
2934,2924
2935,2922
2936,2925
2937,2923
2938,2927
2939,2930
2940,2929
2941,2930
2942,2929
2943,2932
2944,2935
2945,2934
2946,2936
2947,2935
2948,2936
2949,2935
2950,2940
2951,2940
2952,2941
2953,2942
2954,2944
2955,2943
2956,2947
2957,2948
2958,2946
2959,2947
2960,2950
2961,2949
2962,2950
2963,2952
2964,2953
2965,2950
2966,2954
2967,2956
2968,2957
2969,2958
2970,2959
2971,2959
2972,2961
2973,2961
2974,2963
2975,2964
2976,2964
2977,2965
2978,2967
2979,2968
2980,2969
2981,2988
2982,2973
2983,2972
2984,2971
2985,2974
2986,2979
2987,2975
2988,2977
2989,2978
2990,2979
2991,2980
2992,2981
2993,2984
2994,2983
2995,2982
2996,2985
2997,2989
2998,2984
2999,2987
3000,2989
3001,2990
3002,2991
3003,2989
3004,2993
3005,2990
3006,2996
3007,2997
3008,2996
3009,2998
3010,2999
3011,3000
3012,3003
3013,3001
3014,3004
3015,3002
3016,3005
3017,3008
3018,3007
3019,3007
3020,3009
3021,3009
3022,3010
3023,3012
3024,3015
3025,3012
3026,3015
3027,3017
3028,3017
3029,3020
3030,3018
3031,3020
3032,3020
3033,3021
3034,3022
3035,3024
3036,3023
3037,3027
3038,3026
3039,3028
3040,3029
3041,3035
3042,3031
3043,3031
3044,3033
3045,3034
3046,3040
3047,3036
3048,3037
3049,3037
3050,3039
3051,3039
3052,3042
3053,3039
3054,3042
3055,3044
3056,3046
3057,3046
3058,3047
3059,3047
3060,3049
3061,3048
3062,3050
3063,3053
3064,3053
3065,3054
3066,3054
3067,3056
3068,3057
3069,3056
3070,3060
3071,3060
3072,3061
3073,3062
3074,3065
3075,3064
3076,3065
3077,3066
3078,3068
3079,3067
3080,3069
3081,3070
3082,3072
3083,3070
3084,3073
3085,3073
3086,3075
3087,3076
3088,3084
3089,3078
3090,3080
3091,3081
3092,3081
3093,3079
3094,3082
3095,3084
3096,3084
3097,3085
3098,3087
3099,3087
3100,3091
3101,3089
3102,3091
3103,3092
3104,3094
3105,3095
3106,3096
3107,3096
3108,3096
3109,3098
3110,3100
3111,3099
3112,3101
3113,3102
3114,3104
3115,3104
3116,3105
3117,3107
3118,3111
3119,3111
3120,3108
3121,3110
3122,3111
3123,3112
3124,3122
3125,3113
3126,3114
3127,3122
3128,3116
3129,3128
3130,3118
3131,3119
3132,3119
3133,3122
3134,3121
3135,3124
3136,3126
3137,3127
3138,3126
3139,3126
3140,3128
3141,3130
3142,3130
3143,3127
3144,3132
3145,3133
3146,3134
3147,3135
3148,3133
3149,3137
3150,3138
3151,3138
3152,3140
3153,3142
3154,3143
3155,3138
3156,3145
3157,3146
3158,3146
3159,3148
3160,3149
3161,3149
3162,3150
3163,3151
3164,3154
3165,3154
3166,3153
3167,3155
3168,3156
3169,3158
3170,3159
3171,3157
3172,3160
3173,3162
3174,3163
3175,3164
3176,3164
3177,3160
3178,3166
3179,3168
3180,3168
3181,3165
3182,3171
3183,3171
3184,3165
3185,3172
3186,3174
3187,3175
3188,3179
3189,3177
3190,3178
3191,3177
3192,3180
3193,3181
3194,3182
3195,3183
3196,3184
3197,3185
3198,3190
3199,3187
3200,3188
3201,3187
3202,3191
3203,3190
3204,3192
3205,3193
3206,3193
3207,3194
3208,3195
3209,3198
3210,3197
3211,3199
3212,3199
3213,3199
3214,3201
3215,3203
3216,3205
3217,3204
3218,3206
3219,3207
3220,3206
3221,3208
3222,3209
3223,3212
3224,3212
3225,3213
3226,3213
3227,3214
3228,3214
3229,3217
3230,3217
3231,3218
3232,3220
3233,3221
3234,3224
3235,3223
3236,3224
3237,3224
3238,3227
3239,3226
3240,3228
3241,3229
3242,3231
3243,3229
3244,3232
3245,3235
3246,3235
3247,3234
3248,3233
3249,3236
3250,3237
3251,3239
3252,3239
3253,3240
3254,3242
3255,3242
3256,3243
3257,3244
3258,3244
3259,3236
3260,3247
3261,3249
3262,3248
3263,3252
3264,3256
3265,3253
3266,3254
3267,3254
3268,3256
3269,3262
3270,3258
3271,3263
3272,3259
3273,3262
3274,3263
3275,3262
3276,3264
3277,3264
3278,3270
3279,3266
3280,3268
3281,3268
3282,3270
3283,3264
3284,3272
3285,3273
3286,3273
3287,3274
3288,3277
3289,3277
3290,3282
3291,3277
3292,3280
3293,3281
3294,3282
3295,3284
3296,3284
3297,3285
3298,3286
3299,3287
3300,3288
3301,3289
3302,3290
3303,3290
3304,3292
3305,3292
3306,3293
3307,3293
3308,3296
3309,3298
3310,3298
3311,3298
3312,3300
3313,3301
3314,3302
3315,3302
3316,3305
3317,3304
3318,3306
3319,3306
3320,3308
3321,3308
3322,3308
3323,3311
3324,3311
3325,3313
3326,3318
3327,3314
3328,3314
3329,3318
3330,3317
3331,3319
3332,3319
3333,3321
3334,3322
3335,3322
3336,3323
3337,3325
3338,3325
3339,3328
3340,3325
3341,3328
3342,3330
3343,3328
3344,3330
3345,3333
3346,3333
3347,3335
3348,3336
3349,3336
3350,3336
3351,3338
3352,3339
3353,3340
3354,3340
3355,3343
3356,3343
3357,3345
3358,3345
3359,3346
3360,3347
3361,3330
3362,3350
3363,3351
3364,3351
3365,3353
3366,3353
3367,3354
3368,3357
3369,3357
3370,3357
3371,3358
3372,3359
3373,3358
3374,3362
3375,3362
3376,3362
3377,3365
3378,3371
3379,3367
3380,3367
3381,3368
3382,3366
3383,3370
3384,3372
3385,3373
3386,3371
3387,3375
3388,3372
3389,3375
3390,3375
3391,3378
3392,3380
3393,3379
3394,3381
3395,3383
3396,3384
3397,3385
3398,3385
3399,3388
3400,3386
3401,3389
3402,3390
3403,3391
3404,3392
3405,3394
3406,3394
3407,3394
3408,3395
3409,3385
3410,3398
3411,3399
3412,3400
3413,3400
3414,3401
3415,3402
3416,3407
3417,3404
3418,3404
3419,3406
3420,3410
3421,3408
3422,3408
3423,3410
3424,3411
3425,3413
3426,3412
3427,3415
3428,3415
3429,3415
3430,3417
3431,3418
3432,3421
3433,3421
3434,3420
3435,3422
3436,3424
3437,3424
3438,3422
3439,3426
3440,3427
3441,3426
3442,3430
3443,3430
3444,3431
3445,3433
3446,3434
3447,3434
3448,3434
3449,3438
3450,3438
3451,3438
3452,3438
3453,3439
3454,3442
3455,3444
3456,3444
3457,3443
3458,3445
3459,3447
3460,3447
3461,3448
3462,3448
3463,3448
3464,3453
3465,3450
3466,3448
3467,3454
3468,3456
3469,3454
3470,3457
3471,3458
3472,3460
3473,3460
3474,3460
3475,3462
3476,3463
3477,3464
3478,3465
3479,3466
3480,3468
3481,3467
3482,3468
3483,3474
3484,3472
3485,3472
3486,3471
3487,3474
3488,3475
3489,3476
3490,3477
3491,3478
3492,3478
3493,3480
3494,3480
3495,3482
3496,3481
3497,3484
3498,3485
3499,3485
3500,3486
3501,3486
3502,3480
3503,3490
3504,3490
3505,3492
3506,3493
3507,3495
3508,3493
3509,3500
3510,3497
3511,3496
3512,3497
3513,3497
3514,3503
3515,3502
3516,3504
3517,3503
3518,3506
3519,3505
3520,3507
3521,3509
3522,3508
3523,3510
3524,3509
3525,3512
3526,3512
3527,3514
3528,3516
3529,3516
3530,3518
3531,3523
3532,3520
3533,3523
3534,3521
3535,3522
3536,3523
3537,3524
3538,3524
3539,3525
3540,3527
3541,3528
3542,3530
3543,3530
3544,3523
3545,3532
3546,3533
3547,3532
3548,3535
3549,3537
3550,3538
3551,3538
3552,3539
3553,3539
3554,3540
3555,3543
3556,3543
3557,3545
3558,3548
3559,3545
3560,3548
3561,3548
3562,3549
3563,3550
3564,3552
3565,3552
3566,3552
3567,3553
3568,3555
3569,3556
3570,3556
3571,3560
3572,3559
3573,3560
3574,3563
3575,3562
3576,3562
3577,3563
3578,3564
3579,3569
3580,3569
3581,3568
3582,3568
3583,3570
3584,3573
3585,3585
3586,3574
3587,3574
3588,3573
3589,3576
3590,3577
3591,3578
3592,3577
3593,3580
3594,3581
3595,3582
3596,3583
3597,3583
3598,3585
3599,3584
3600,3585
3601,3590
3602,3588
3603,3590
3604,3591
3605,3592
3606,3593
3607,3591
3608,3595
3609,3595
3610,3599
3611,3596
3612,3598
3613,3600
3614,3600
3615,3601
3616,3602
3617,3603
3618,3604
3619,3606
3620,3606
3621,3608
3622,3627
3623,3609
3624,3616
3625,3612
3626,3612
3627,3613
3628,3614
3629,3616
3630,3618
3631,3629
3632,3619
3633,3620
3634,3619
3635,3622
3636,3623
3637,3623
3638,3624
3639,3625
3640,3626
3641,3627
3642,3631
3643,3628
3644,3631
3645,3631
3646,3632
3647,3633
3648,3634
3649,3635
3650,3636
3651,3638
3652,3638
3653,3638
3654,3641
3655,3642
3656,3642
3657,3642
3658,3644
3659,3645
3660,3647
3661,3647
3662,3648
3663,3650
3664,3650
3665,3651
3666,3654
3667,3654
3668,3649
3669,3655
3670,3656
3671,3657
3672,3659
3673,3659
3674,3660
3675,3662
3676,3662
3677,3664
3678,3665
3679,3665
3680,3673
3681,3667
3682,3668
3683,3668
3684,3670
3685,3671
3686,3673
3687,3676
3688,3671
3689,3675
3690,3676
3691,3677
3692,3677
3693,3680
3694,3680
3695,3680
3696,3682
3697,3682
3698,3684
3699,3687
3700,3685
3701,3688
3702,3687
3703,3688
3704,3690
3705,3691
3706,3694
3707,3692
3708,3695
3709,3697
3710,3695
3711,3697
3712,3696
3713,3698
3714,3700
3715,3701
3716,3702
3717,3704
3718,3703
3719,3702
3720,3706
3721,3708
3722,3706
3723,3713
3724,3712
3725,3710
3726,3712
3727,3713
3728,3714
3729,3715
3730,3715
3731,3717
3732,3718
3733,3718
3734,3720
3735,3720
3736,3722
3737,3722
3738,3723
3739,3723
3740,3725
3741,3727
3742,3731
3743,3728
3744,3730
3745,3730
3746,3731
3747,3726
3748,3729
3749,3736
3750,3735
3751,3736
3752,3736
3753,3739
3754,3741
3755,3740
3756,3744
3757,3742
3758,3745
3759,3747
3760,3747
3761,3758
3762,3746
3763,3748
3764,3748
3765,3751
3766,3752
3767,3754
3768,3742
3769,3755
3770,3757
3771,3756
3772,3759
3773,3770
3774,3760
3775,3761
3776,3761
3777,3763
3778,3763
3779,3765
3780,3765
3781,3766
3782,3769
3783,3770
3784,3770
3785,3777
3786,3771
3787,3773
3788,3774
3789,3776
3790,3774
3791,3777
3792,3782
3793,3780
3794,3779
3795,3780
3796,3782
3797,3783
3798,3784
3799,3785
3800,3786
3801,3786
3802,3788
3803,3790
3804,3792
3805,3790
3806,3793
3807,3793
3808,3795
3809,3801
3810,3796
3811,3797
3812,3798
3813,3798
3814,3801
3815,3801
3816,3801
3817,3805
3818,3803
3819,3804
3820,3805
3821,3806
3822,3809
3823,3809
3824,3810
3825,3811
3826,3811
3827,3812
3828,3814
3829,3819
3830,3816
3831,3818
3832,3823
3833,3819
3834,3818
3835,3820
3836,3822
3837,3822
3838,3823
3839,3826
3840,3826
3841,3816
3842,3828
3843,3829
3844,3829
3845,3830
3846,3833
3847,3832
3848,3834
3849,3834
3850,3836
3851,3842
3852,3840
3853,3839
3854,3840
3855,3842
3856,3842
3857,3844
3858,3845
3859,3843
3860,3844
3861,3846
3862,3847
3863,3846
3864,3849
3865,3851
3866,3851
3867,3855
3868,3853
3869,3856
3870,3858
3871,3856
3872,3857
3873,3859
3874,3859
3875,3860
3876,3862
3877,3873
3878,3864
3879,3865
3880,3866
3881,3865
3882,3867
3883,3870
3884,3863
3885,3875
3886,3871
3887,3871
3888,3872
3889,3876
3890,3875
3891,3876
3892,3877
3893,3878
3894,3879
3895,3880
3896,3882
3897,3882
3898,3882
3899,3885
3900,3884
3901,3886
3902,3888
3903,3887
3904,3888
3905,3890
3906,3893
3907,3888
3908,3892
3909,3894
3910,3892
3911,3897
3912,3905
3913,3898
3914,3902
3915,3900
3916,3903
3917,3902
3918,3903
3919,3904
3920,3906
3921,3907
3922,3907
3923,3908
3924,3909
3925,3910
3926,3912
3927,3913
3928,3913
3929,3913
3930,3915
3931,3914
3932,3918
3933,3921
3934,3919
3935,3926
3936,3920
3937,3922
3938,3925
3939,3925
3940,3923
3941,3926
3942,3916
3943,3927
3944,3929
3945,3930
3946,3932
3947,3932
3948,3933
3949,3935
3950,3935
3951,3937
3952,3936
3953,3938
3954,3940
3955,3940
3956,3942
3957,3941
3958,3943
3959,3944
3960,3946
3961,3946
3962,3950
3963,3947
3964,3953
3965,3949
3966,3952
3967,3952
3968,3953
3969,3955
3970,3955
3971,3955
3972,3957
3973,3959
3974,3960
3975,3960
3976,3961
3977,3962
3978,3963
3979,3965
3980,3966
3981,3966
3982,3967
3983,3969
3984,3970
3985,3969
3986,3970
3987,3972
3988,3969
3989,3973
3990,3975
3991,3976
3992,3977
3993,3976
3994,3979
3995,3981
3996,3980
3997,3982
3998,3982
3999,3984
4000,3984
4001,3986
4002,3987
4003,3987
4004,3989
4005,3989
4006,3992
4007,3994
4008,3992
4009,3993
4010,3995
4011,3996
4012,3998
4013,3998
4014,3999
4015,3999
4016,4001
4017,4002
4018,4003
4019,4002
4020,4006
4021,4006
4022,4006
4023,4005
4024,4010
4025,4010
4026,4011
4027,4012
4028,4013
4029,4015
4030,4017
4031,4014
4032,4018
4033,4018
4034,4020
4035,4021
4036,4021
4037,4022
4038,4023
4039,4025
4040,4025
4041,4026
4042,4027
4043,4028
4044,4030
4045,4030
4046,4031
4047,4037
4048,4034
4049,4037
4050,4035
4051,4037
4052,4038
4053,4038
4054,4039
4055,4041
4056,4041
4057,4042
4058,4043
4059,4041
4060,4046
4061,4047
4062,4048
4063,4048
4064,4048
4065,4051
4066,4054
4067,4056
4068,4053
4069,4053
4070,4055
4071,4055
4072,4057
4073,4057
4074,4059
4075,4060
4076,4061
4077,4063
4078,4064
4079,4064
4080,4065
4081,4062
4082,4068
4083,4075
4084,4069
4085,4068
4086,4071
4087,4072
4088,4074
4089,4074
4090,4076
4091,4076
4092,4078
4093,4076
4094,4077
4095,4078