0,5
1,5
2,6
3,5
4,4
5,4
6,5
7,6
8,7
9,8
10,9
11,10
12,12
13,13
14,13
15,14
16,15
17,16
18,16
19,17
20,18
21,21
22,21
23,29
24,24
25,24
26,28
27,25
28,27
29,27
30,29
31,24
32,31
33,32
34,35
35,33
36,36
37,34
38,36
39,37
40,39
41,40
42,41
43,41
44,46
45,44
46,45
47,45
48,47
49,36
50,49
51,50
52,52
53,52
54,53
55,54
56,55
57,55
58,56
59,55
60,57
61,60
62,61
63,61
64,63
65,63
66,65
67,65
68,69
69,68
70,69
71,74
72,70
73,71
74,73
75,73
76,71
77,77
78,77
79,75
80,79
81,78
82,81
83,82
84,82
85,83
86,85
87,86
88,86
89,88
90,88
91,90
92,89
93,92
94,97
95,91
96,95
97,94
98,97
99,99
100,99
101,100
102,101
103,102
104,97
105,103
106,104
107,105
108,105
109,110
110,109
111,110
112,109
113,111
114,106
115,115
116,119
117,115
118,116
119,117
120,118
121,120
122,120
123,122
124,121
125,124
126,124
127,124
128,127
129,132
130,129
131,129
132,130
133,131
134,135
135,136
136,134
137,133
138,137
139,143
140,139
141,139
142,140
143,142
144,143
145,147
146,144
147,146
148,146
149,143
150,152
151,149
152,151
153,155
154,151
155,154
156,154
157,154
158,156
159,173
160,158
161,160
162,160
163,161
164,161
165,164
166,164
167,164
168,167
169,167
170,168
171,169
172,170
173,171
174,174
175,173
176,173
177,175
178,177
179,178
180,179
181,179
182,179
183,182
184,182
185,188
186,181
187,185
188,186
189,188
190,190
191,189
192,190
193,193
194,192
195,193
196,193
197,195
198,196
199,197
200,197
201,199
202,200
203,204
204,202
205,192
206,203
207,205
208,205
209,207
210,206
211,208
212,210
213,212
214,212
215,213
216,215
217,216
218,217
219,217
220,218
221,217
222,221
223,221
224,225
225,224
226,224
227,225
228,226
229,226
230,228
231,229
232,220
233,232
234,232
235,234
236,237
237,233
238,237
239,238
240,239
241,239
242,241
243,240
244,243
245,242
246,244
247,245
248,246
249,238
250,248
251,249
252,249
253,252
254,254
255,254
256,254
257,255
258,257
259,258
260,258
261,260
262,260
263,262
264,262
265,263
266,263
267,266
268,266
269,268
270,268
271,269
272,270
273,272
274,273
275,272
276,278
277,274
278,276
279,277
280,276
281,281
282,280
283,281
284,281
285,283
286,285
287,286
288,286
289,288
290,288
291,291
292,290
293,292
294,293
295,294
296,293
297,295
298,297
299,296
300,299
301,298
302,300
303,300
304,301
305,306
306,306
307,305
308,304
309,308
310,307
311,309
312,310
313,311
314,310
315,312
316,318
317,315
318,314
319,317
320,322
321,318
322,319
323,321
324,322
325,323
326,325
327,326
328,325
329,326
330,328
331,331
332,329
333,329
334,331
335,334
336,332
337,334
338,335
339,337
340,337
341,339
342,340
343,340
344,342
345,343
346,344
347,344
348,344
349,347
350,343
351,350
352,350
353,350
354,351
355,353
356,354
357,355
358,356
359,358
360,358
361,358
362,360
363,360
364,363
365,363
366,364
367,365
368,367
369,366
370,367
371,369
372,370
373,370
374,371
375,372
376,374
377,374
378,375
379,377
380,376
381,355
382,380
383,381
384,381
385,383
386,382
387,385
388,385
389,387
390,388
391,391
392,390
393,389
394,392
395,394
396,395
397,395
398,395
399,398
400,398
401,399
402,400
403,411
404,402
405,403
406,403
407,405
408,407
409,407
410,402
411,408
412,410
413,408
414,413
415,406
416,413
417,414
418,415
419,417
420,418
421,418
422,419
423,421
424,420
425,422
426,423
427,424
428,424
429,426
430,429
431,428
432,429
433,430
434,431
435,432
436,433
437,429
438,435
439,437
440,437
441,435
442,440
443,440
444,442
445,441
446,443
447,446
448,446
449,446
450,447
451,448
452,450
453,451
454,452
455,452
456,453
457,453
458,455
459,456
460,457
461,458
462,459
463,460
464,460
465,462
466,462
467,463
468,466
469,465
470,467
471,468
472,469
473,469
474,471
475,472
476,472
477,473
478,477
479,475
480,477
481,479
482,479
483,479
484,480
485,481
486,483
487,485
488,485
489,486
490,486
491,487
492,488
493,491
494,490
495,493
496,492
497,494
498,495
499,496
500,498
501,497
502,501
503,500
504,501
505,503
506,503
507,504
508,505
509,506
510,510
511,508
512,509
513,509
514,511
515,510
516,514
517,514
518,514
519,515
520,517
521,518
522,519
523,519
524,522
525,525
526,523
527,523
528,523
529,525
530,524
531,528
532,529
533,530
534,532
535,533
536,533
537,532
538,535
539,537
540,549
541,539
542,539
543,539
544,541
545,542
546,543
547,544
548,545
549,547
550,540
551,549
552,549
553,550
554,552
555,551
556,553
557,553
558,555
559,555
560,556
561,558
562,558
563,560
564,558
565,563
566,563
567,565
568,564
569,565
570,566
571,567
572,567
573,570
574,575
575,571
576,573
577,572
578,574
579,580
580,575
581,578
582,577
583,578
584,580
585,581
586,583
587,585
588,585
589,585
590,585
591,588
592,589
593,591
594,594
595,591
596,593
597,593
598,595
599,597
600,594
601,597
602,599
603,599
604,601
605,600
606,602
607,605
608,605
609,601
610,605
611,607
612,617
613,610
614,612
615,611
616,612
617,614
618,614
619,615
620,616
621,616
622,618
623,616
624,622
625,622
626,624
627,622
628,623
629,626
630,626
631,627
632,627
633,629
634,630
635,630
636,631
637,634
638,635
639,635
640,636
641,640
642,637
643,639
644,645
645,642
646,643
647,643
648,645
649,648
650,647
651,648
652,648
653,650
654,651
655,652
656,653
657,654
658,651
659,655
660,656
661,661
662,659
663,655
664,659
665,661
666,663
667,663
668,665
669,665
670,672
671,667
672,667
673,670
674,670
675,674
676,673
677,673
678,675
679,676
680,675
681,677
682,678
683,682
684,681
685,681
686,683
687,683
688,683
689,686
690,691
691,687
692,689
693,691
694,693
695,691
696,690
697,691
698,694
699,695
700,696
701,695
702,698
703,701
704,700
705,707
706,703
707,702
708,703
709,705
710,706
711,707
712,707
713,709
714,710
715,710
716,710
717,713
718,713
719,716
720,716
721,719
722,718
723,717
724,719
725,724
726,723
727,724
728,723
729,725
730,733
731,727
732,727
733,728
734,730
735,745
736,731
737,733
738,732
739,736
740,724
741,737
742,737
743,737
744,740
745,744
746,741
747,742
748,743
749,746
750,746
751,747
752,748
753,749
754,750
755,751
756,761
757,752
758,754
759,755
760,757
761,757
762,757
763,759
764,760
765,761
766,763
767,762
768,764
769,763
770,765
771,765
772,768
773,768
774,770
775,771
776,775
777,773
778,774
779,775
780,777
781,797
782,778
783,779
784,778
785,782
786,782
787,783
788,784
789,785
790,786
791,790
792,788
793,789
794,789
795,791
796,807
797,793
798,794
799,795
800,796
801,799
802,798
803,801
804,799
805,800
806,803
807,804
808,805
809,805
810,805
811,802
812,809
813,809
814,810
815,811
816,812
817,815
818,817
819,815
820,816
821,816
822,818
823,819
824,821
825,821
826,822
827,821
828,824
829,825
830,834
831,828
832,833
833,829
834,830
835,830
836,832
837,831
838,833
839,835
840,835
841,838
842,838
843,838
844,840
845,839
846,842
847,843
848,844
849,844
850,846
851,847
852,847
853,846
854,849
855,851
856,867
857,853
858,852
859,860
860,855
861,857
862,856
863,858
864,859
865,860
866,862
867,863
868,863
869,861
870,866
871,867
872,865
873,868
874,869
875,871
876,872
877,872
878,873
879,877
880,876
881,876
882,875
883,879
884,881
885,881
886,882
887,882
888,883
889,886
890,887
891,885
892,886
893,890
894,890
895,890
896,892
897,891
898,894
899,894
900,895
901,896
902,898
903,899
904,901
905,901
906,902
907,903
908,905
909,904
910,906
911,920
912,908
913,910
914,909
915,910
916,911
917,913
918,915
919,914
920,916
921,921
922,918
923,919
924,920
925,921
926,921
927,923
928,924
929,922
930,925
931,925
932,926
933,928
934,931
935,931
936,932
937,933
938,934
939,935
940,935
941,937
942,937
943,939
944,940
945,940
946,941
947,942
948,944
949,943
950,946
951,947
952,947
953,949
954,949
955,950
956,951
957,953
958,956
959,955
960,952
961,956
962,957
963,959
964,960
965,966
966,961
967,962
968,962
969,964
970,965
971,968
972,966
973,968
974,969
975,973
976,972
977,972
978,976
979,974
980,975
981,976
982,977
983,976
984,979
985,982
986,983
987,984
988,982
989,984
990,985
991,987
992,988
993,987
994,990
995,989
996,990
997,991
998,993
999,991
1000,997
1001,995
1002,998
1003,998
1004,999
1005,1000
1006,1002
1007,1004
1008,1004
1009,1005
1010,1007
1011,1008
1012,1007
1013,1008
1014,1010
1015,1017
1016,1013
1017,1015
1018,1013
1019,1016
1020,1016
1021,1017
1022,1019
1023,1018
1024,1020
1025,1020
1026,1022
1027,1022
1028,1025
1029,1015
1030,1026
1031,1027
1032,1029
1033,1027
1034,1031
1035,1032
1036,1032
1037,1032
1038,1034
1039,1034
1040,1036
1041,1037
1042,1037
1043,1040
1044,1040
1045,1041
1046,1042
1047,1042
1048,1045
1049,1044
1050,1045
1051,1050
1052,1048
1053,1047
1054,1050
1055,1050
1056,1050
1057,1052
1058,1057
1059,1054
1060,1056
1061,1056
1062,1058
1063,1058
1064,1059
1065,1066
1066,1061
1067,1063
1068,1057
1069,1065
1070,1067
1071,1068
1072,1066
1073,1069
1074,1070
1075,1070
1076,1072
1077,1075
1078,1074
1079,1074
1080,1076
1081,1076
1082,1078
1083,1079
1084,1079
1085,1081
1086,1081
1087,1084
1088,1084
1089,1084
1090,1087
1091,1084
1092,1087
1093,1087
1094,1089
1095,1090
1096,1092
1097,1092
1098,1093
1099,1094
1100,1095
1101,1098
1102,1097
1103,1099
1104,1099
1105,1100
1106,1102
1107,1103
1108,1106
1109,1105
1110,1106
1111,1103
1112,1108
1113,1107
1114,1109
1115,1110
1116,1111
1117,1114
1118,1112
1119,1114
1120,1119
1121,1116
1122,1116
1123,1118
1124,1120
1125,1118
1126,1122
1127,1124
1128,1124
1129,1125
1130,1124
1131,1126
1132,1126
1133,1128
1134,1131
1135,1130
1136,1130
1137,1131
1138,1132
1139,1133
1140,1136
1141,1136
1142,1137
1143,1138
1144,1140
1145,1140
1146,1141
1147,1143
1148,1142
1149,1144
1150,1145
1151,1145
1152,1148
1153,1145
1154,1150
1155,1151
1156,1151
1157,1153
1158,1153
1159,1155
1160,1153
1161,1157
1162,1155
1163,1158
1164,1159
1165,1160
1166,1162
1167,1163
1168,1164
1169,1165
1170,1165
1171,1168
1172,1168
1173,1169
1174,1168
1175,1169
1176,1171
1177,1174
1178,1173
1179,1174
1180,1174
1181,1177
1182,1177
1183,1178
1184,1184
1185,1179
1186,1172
1187,1181
1188,1182
1189,1174
1190,1186
1191,1189
1192,1186
1193,1188
1194,1189
1195,1189
1196,1190
1197,1192
1198,1194
1199,1194
1200,1196
1201,1196
1202,1197
1203,1199
1204,1199
1205,1200
1206,1208
1207,1202
1208,1205
1209,1205
1210,1204
1211,1205
1212,1207
1213,1210
1214,1209
1215,1210
1216,1212
1217,1211
1218,1214
1219,1214
1220,1214
1221,1216
1222,1217
1223,1218
1224,1222
1225,1216
1226,1222
1227,1222
1228,1222
1229,1224
1230,1226
1231,1226
1232,1227
1233,1228
1234,1227
1235,1229
1236,1230
1237,1232
1238,1233
1239,1234
1240,1235
1241,1238
1242,1237
1243,1240
1244,1239
1245,1240
1246,1241
1247,1243
1248,1244
1249,1244
1250,1245
1251,1244
1252,1247
1253,1246
1254,1247
1255,1247
1256,1252
1257,1251
1258,1251
1259,1254
1260,1255
1261,1257
1262,1258
1263,1258
1264,1258
1265,1260
1266,1262
1267,1262
1268,1263
1269,1266
1270,1264
1271,1266
1272,1266
1273,1269
1274,1270
1275,1269
1276,1271
1277,1273
1278,1274
1279,1274
1280,1276
1281,1276
1282,1272
1283,1278
1284,1280
1285,1280
1286,1281
1287,1282
1288,1283
1289,1296
1290,1284
1291,1287
1292,1261
1293,1288
1294,1290
1295,1289
1296,1285
1297,1293
1298,1294
1299,1295
1300,1294
1301,1292
1302,1297
1303,1299
1304,1298
1305,1301
1306,1302
1307,1303
1308,1302
1309,1305
1310,1306
1311,1304
1312,1307
1313,1300
1314,1309
1315,1311
1316,1312
1317,1311
1318,1313
1319,1315
1320,1316
1321,1317
1322,1317
1323,1311
1324,1319
1325,1320
1326,1321
1327,1309
1328,1322
1329,1324
1330,1325
1331,1327
1332,1326
1333,1328
1334,1328
1335,1331
1336,1333
1337,1332
1338,1334
1339,1335
1340,1334
1341,1303
1342,1337
1343,1343
1344,1338
1345,1340
1346,1340
1347,1342
1348,1342
1349,1344
1350,1345
1351,1344
1352,1347
1353,1347
1354,1349
1355,1357
1356,1352
1357,1352
1358,1352
1359,1353
1360,1354
1361,1355
1362,1348
1363,1359
1364,1358
1365,1360
1366,1361
1367,1363
1368,1362
1369,1364
1370,1365
1371,1368
1372,1367
1373,1369
1374,1370
1375,1369
1376,1371
1377,1373
1378,1373
1379,1375
1380,1374
1381,1376
1382,1377
1383,1378
1384,1379
1385,1379
1386,1381
1387,1382
1388,1383
1389,1381
1390,1384
1391,1385
1392,1387
1393,1390
1394,1389
1395,1390
1396,1389
1397,1392
1398,1391
1399,1394
1400,1395
1401,1396
1402,1397
1403,1394
1404,1399
1405,1399
1406,1401
1407,1401
1408,1402
1409,1403
1410,1404
1411,1406
1412,1407
1413,1409
1414,1408
1415,1410
1416,1410
1417,1410
1418,1413
1419,1411
1420,1416
1421,1416
1422,1416
1423,1415
1424,1418
1425,1421
1426,1420
1427,1422
1428,1423
1429,1423
1430,1424
1431,1425
1432,1427
1433,1426
1434,1428
1435,1429
1436,1434
1437,1432
1438,1434
1439,1433
1440,1434
1441,1436
1442,1436
1443,1438
1444,1438
1445,1439
1446,1441
1447,1441
1448,1442
1449,1443
1450,1444
1451,1446
1452,1447
1453,1447
1454,1448
1455,1449
1456,1450
1457,1451
1458,1453
1459,1452
1460,1454
1461,1455
1462,1456
1463,1451
1464,1458
1465,1459
1466,1459
1467,1461
1468,1458
1469,1462
1470,1464
1471,1466
1472,1466
1473,1465
1474,1468
1475,1473
1476,1472
1477,1471
1478,1471
1479,1472
1480,1474
1481,1473
1482,1478
1483,1477
1484,1477
1485,1479
1486,1480
1487,1482
1488,1483
1489,1483
1490,1483
1491,1486
1492,1488
1493,1488
1494,1489
1495,1490
1496,1494
1497,1490
1498,1490
1499,1491
1500,1494
1501,1494
1502,1495
1503,1497
1504,1497
1505,1498
1506,1501
1507,1498
1508,1502
1509,1503
1510,1505
1511,1505
1512,1505
1513,1507
1514,1508
1515,1509
1516,1511
1517,1511
1518,1512
1519,1515
1520,1514
1521,1516
1522,1517
1523,1516
1524,1518
1525,1519
1526,1521
1527,1520
1528,1520
1529,1524
1530,1524
1531,1537
1532,1527
1533,1527
1534,1537
1535,1529
1536,1530
1537,1531
1538,1531
1539,1532
1540,1533
1541,1536
1542,1536
1543,1555
1544,1540
1545,1539
1546,1540
1547,1541
1548,1545
1549,1542
1550,1544
1551,1546
1552,1545
1553,1546
1554,1548
1555,1547
1556,1550
1557,1551
1558,1550
1559,1552
1560,1554
1561,1555
1562,1557
1563,1557
1564,1558
1565,1558
1566,1559
1567,1565
1568,1563
1569,1565
1570,1564
1571,1565
1572,1563
1573,1567
1574,1568
1575,1568
1576,1572
1577,1571
1578,1572
1579,1572
1580,1573
1581,1576
1582,1576
1583,1577
1584,1578
1585,1578
1586,1578
1587,1581
1588,1581
1589,1583
1590,1583
1591,1584
1592,1585
1593,1587
1594,1586
1595,1588
1596,1591
1597,1589
1598,1591
1599,1594
1600,1593
1601,1593
1602,1574
1603,1596
1604,1598
1605,1599
1606,1599
1607,1600
1608,1600
1609,1602
1610,1601
1611,1604
1612,1607
1613,1607
1614,1607
1615,1607
1616,1609
1617,1610
1618,1611
1619,1611
1620,1613
1621,1615
1622,1615
1623,1614
1624,1617
1625,1619
1626,1620
1627,1621
1628,1621
1629,1624
1630,1623
1631,1625
1632,1625
1633,1627
1634,1628
1635,1627
1636,1629
1637,1629
1638,1633
1639,1633
1640,1632
1641,1635
1642,1639
1643,1635
1644,1638
1645,1637
1646,1639
1647,1630
1648,1642
1649,1641
1650,1642
1651,1643
1652,1645
1653,1646
1654,1646
1655,1649
1656,1649
1657,1649
1658,1651
1659,1650
1660,1653
1661,1653
1662,1655
1663,1657
1664,1657
1665,1658
1666,1660
1667,1656
1668,1661
1669,1661
1670,1661
1671,1668
1672,1666
1673,1665
1674,1667
1675,1667
1676,1672
1677,1668
1678,1682
1679,1672
1680,1674
1681,1674
1682,1674
1683,1673
1684,1677
1685,1679
1686,1678
1687,1681
1688,1681
1689,1684
1690,1683
1691,1685
1692,1685
1693,1686
1694,1687
1695,1691
1696,1690
1697,1689
1698,1690
1699,1693
1700,1691
1701,1694
1702,1695
1703,1696
1704,1697
1705,1697
1706,1699
1707,1699
1708,1702
1709,1703
1710,1703
1711,1704
1712,1705
1713,1706
1714,1708
1715,1708
1716,1701
1717,1709
1718,1711
1719,1713
1720,1714
1721,1713
1722,1715
1723,1716
1724,1718
1725,1718
1726,1721
1727,1721
1728,1721
1729,1721
1730,1723
1731,1723
1732,1725
1733,1726
1734,1726
1735,1727
1736,1729
1737,1729
1738,1730
1739,1732
1740,1732
1741,1735
1742,1735
1743,1735
1744,1737
1745,1736
1746,1739
1747,1739
1748,1740
1749,1741
1750,1753
1751,1742
1752,1745
1753,1745
1754,1747
1755,1747
1756,1749
1757,1751
1758,1749
1759,1751
1760,1753
1761,1754
1762,1759
1763,1757
1764,1755
1765,1758
1766,1759
1767,1762
1768,1761
1769,1761
1770,1762
1771,1765
1772,1765
1773,1767
1774,1766
1775,1768
1776,1771
1777,1769
1778,1771
1779,1771
1780,1773
1781,1775
1782,1775
1783,1774
1784,1775
1785,1778
1786,1779
1787,1779
1788,1782
1789,1782
1790,1783
1791,1783
1792,1784
1793,1785
1794,1789
1795,1789
1796,1789
1797,1788
1798,1791
1799,1790
1800,1794
1801,1794
1802,1795
1803,1796
1804,1797
1805,1798
1806,1799
1807,1801
1808,1800
1809,1802
1810,1803
1811,1803
1812,1806
1813,1806
1814,1807
1815,1808
1816,1809
1817,1810
1818,1811
1819,1812
1820,1814
1821,1813
1822,1814
1823,1815
1824,1817
1825,1817
1826,1820
1827,1820
1828,1820
1829,1822
1830,1822
1831,1820
1832,1826
1833,1826
1834,1828
1835,1827
1836,1837
1837,1831
1838,1830
1839,1833
1840,1833
1841,1834
1842,1834
1843,1836
1844,1840
1845,1836
1846,1840
1847,1840
1848,1841
1849,1840
1850,1843
1851,1844
1852,1847
1853,1846
1854,1847
1855,1848
1856,1850
1857,1850
1858,1852
1859,1852
1860,1852
1861,1854
1862,1855
1863,1856
1864,1858
1865,1861
1866,1857
1867,1861
1868,1866
1869,1861
1870,1863
1871,1863
1872,1865
1873,1869
1874,1867
1875,1869
1876,1869
1877,1870
1878,1871
1879,1872
1880,1872
1881,1872
1882,1875
1883,1875
1884,1876
1885,1877
1886,1878
1887,1878
1888,1882
1889,1884
1890,1879
1891,1884
1892,1884
1893,1886
1894,1899
1895,1886
1896,1889
1897,1889
1898,1890
1899,1892
1900,1892
1901,1889
1902,1894
1903,1896
1904,1896
1905,1899
1906,1899
1907,1900
1908,1901
1909,1901
1910,1906
1911,1903
1912,1905
1913,1906
1914,1907
1915,1903
1916,1909
1917,1910
1918,1911
1919,1912
1920,1913
1921,1914
1922,1917
1923,1917
1924,1918
1925,1917
1926,1919
1927,1920
1928,1921
1929,1923
1930,1923
1931,1924
1932,1924
1933,1928
1934,1927
1935,1928
1936,1927
1937,1929
1938,1931
1939,1932
1940,1933
1941,1929
1942,1934
1943,1934
1944,1936
1945,1939
1946,1935
1947,1939
1948,1943
1949,1942
1950,1942
1951,1946
1952,1945
1953,1945
1954,1947
1955,1947
1956,1948
1957,1949
1958,1951
1959,1952
1960,1953
1961,1954
1962,1955
1963,1956
1964,1955
1965,1957
1966,1960
1967,1960
1968,1959
1969,1960
1970,1962
1971,1964
1972,1963
1973,1964
1974,1956
1975,1967
1976,1968
1977,1971
1978,1971
1979,1970
1980,1972
1981,1973
1982,1973
1983,1975
1984,1975
1985,1977
1986,1977
1987,1977
1988,1980
1989,1981
1990,1982
1991,1979
1992,1984
1993,1985
1994,1987
1995,1988
1996,1989
1997,1990
1998,1991
1999,1993
2000,1992
2001,1994
2002,1994
2003,1994
2004,1996
2005,2004
2006,1998
2007,2000
2008,2000
2009,2001
2010,1999
2011,2003
2012,2004
2013,2006
2014,2006
2015,2007
2016,2008
2017,2009
2018,2010
2019,2011
2020,2012
2021,2013
2022,2013
2023,2013
2024,2016
2025,2019
2026,2017
2027,2019
2028,2021
2029,2022
2030,2021
2031,2025
2032,2025
2033,2026
2034,2030
2035,2027
2036,2030
2037,2029
2038,2031
2039,2031
2040,2033
2041,2033
2042,2033
2043,2035
2044,2036
2045,2037
2046,2039
2047,2040
2048,2039
2049,2041
2050,2042
2051,2039
2052,2044
2053,2046
2054,2047
2055,2048
2056,2048
2057,2050
2058,2049
2059,2052
2060,2052
2061,2054
2062,2055
2063,2059
2064,2056
2065,2056
2066,2057
2067,2059
2068,2059
2069,2062
2070,2062
2071,2064
2072,2062
2073,2065
2074,2066
2075,2067
2076,2069
2077,2069
2078,2075
2079,2071
2080,2070
2081,2073
2082,2076
2083,2074
2084,2075
2085,2077
2086,2078
2087,2080
2088,2080
2089,2080
2090,2083
2091,2083
2092,2084
2093,2085
2094,2086
2095,2087
2096,2088
2097,2089
2098,2090
2099,2091
2100,2103
2101,2094
2102,2093
2103,2093
2104,2097
2105,2101
2106,2098
2107,2099
2108,2100
2109,2101
2110,2105
2111,2104
2112,2105
2113,2103
2114,2106
2115,2106
2116,2109
2117,2110
2118,2108
2119,2111
2120,2112
2121,2114
2122,2116
2123,2112
2124,2117
2125,2117
2126,2118
2127,2121
2128,2118
2129,2121
2130,2121
2131,2124
2132,2127
2133,2127
2134,2129
2135,2126
2136,2128
2137,2129
2138,2131
2139,2131
2140,2132
2141,2132
2142,2135
2143,2137
2144,2136
2145,2137
2146,2139
2147,2137
2148,2139
2149,2141
2150,2142
2151,2148
2152,2145
2153,2145
2154,2146
2155,2146
2156,2148
2157,2149
2158,2148
2159,2151
2160,2153
2161,2152
2162,2154
2163,2160
2164,2157
2165,2159
2166,2157
2167,2160
2168,2157
2169,2160
2170,2160
2171,2167
2172,2161
2173,2165
2174,2165
2175,2166
2176,2168
2177,2167
2178,2170
2179,2171
2180,2171
2181,2173
2182,2174
2183,2174
2184,2177
2185,2177
2186,2177
2187,2175
2188,2181
2189,2179
2190,2181
2191,2183
2192,2182
2193,2184
2194,2185
2195,2187
2196,2186
2197,2189
2198,2189
2199,2191
2200,2195
2201,2193
2202,2194
2203,2193
2204,2196
2205,2200
2206,2196
2207,2199
2208,2199
2209,2202
2210,2198
2211,2203
2212,2204
2213,2204
2214,2205
2215,2205
2216,2209
2217,2209
2218,2209
2219,2208
2220,2211
2221,2213
2222,2213
2223,2214
2224,2220
2225,2216
2226,2218
2227,2218
2228,2218
2229,2222
2230,2222
2231,2221
2232,2224
2233,2225
2234,2225
2235,2227
2236,2235
2237,2228
2238,2230
2239,2229
2240,2231
2241,2231
2242,2230
2243,2240
2244,2235
2245,2237
2246,2237
2247,2237
2248,2238
2249,2242
2250,2242
2251,2242
2252,2243
2253,2244
2254,2245
2255,2245
2256,2247
2257,2249
2258,2248
2259,2252
2260,2249
2261,2252
2262,2253
2263,2254
2264,2255
2265,2256
2266,2259
2267,2253
2268,2260
2269,2262
2270,2261
2271,2262
2272,2262
2273,2266
2274,2265
2275,2267
2276,2266
2277,2268
2278,2270
2279,2270
2280,2271
2281,2272
2282,2274
2283,2275
2284,2275
2285,2277
2286,2278
2287,2279
2288,2280
2289,2281
2290,2281
2291,2283
2292,2284
2293,2285
2294,2286
2295,2285
2296,2288
2297,2288
2298,2289
2299,2291
2300,2290
2301,2293
2302,2290
2303,2294
2304,2296
2305,2297
2306,2297
2307,2300
2308,2299
2309,2297
2310,2301
2311,2302
2312,2303
2313,2304
2314,2306
2315,2307
2316,2307
2317,2308
2318,2310
2319,2312
2320,2312
2321,2314
2322,2314
2323,2314
2324,2314
2325,2315
2326,2317
2327,2319
2328,2320
2329,2320
2330,2320
2331,2322
2332,2323
2333,2325
2334,2326
2335,2326
2336,2326
2337,2329
2338,2328
2339,2329
2340,2331
2341,2333
2342,2332
2343,2335
2344,2335
2345,2336
2346,2338
2347,2338
2348,2339
2349,2341
2350,2341
2351,2343
2352,2345
2353,2345
2354,2346
2355,2348
2356,2347
2357,2347
2358,2349
2359,2352
2360,2352
2361,2351
2362,2353
2363,2355
2364,2355
2365,2357
2366,2359
2367,2359
2368,2359
2369,2361
2370,2362
2371,2360
2372,2364
2373,2364
2374,2368
2375,2366
2376,2370
2377,2368
2378,2369
2379,2370
2380,2371
2381,2372
2382,2373
2383,2374
2384,2375
2385,2376
2386,2379
2387,2378
2388,2383
2389,2378
2390,2382
2391,2382
2392,2381
2393,2384
2394,2387
2395,2386
2396,2386
2397,2387
2398,2389
2399,2390
2400,2392
2401,2392
2402,2392
2403,2395
2404,2396
2405,2396
2406,2397
2407,2396
2408,2400
2409,2400
2410,2400
2411,2402
2412,2401
2413,2405
2414,2407
2415,2409
2416,2407
2417,2408
2418,2409
2419,2410
2420,2411
2421,2409
2422,2414
2423,2406
2424,2415
2425,2415
2426,2417
2427,2418
2428,2418
2429,2419
2430,2422
2431,2422
2432,2424
2433,2422
2434,2425
2435,2425
2436,2427
2437,2428
2438,2429
2439,2428
2440,2427
2441,2431
2442,2434
2443,2434
2444,2435
2445,2435
2446,2437
2447,2437
2448,2439
2449,2441
2450,2440
2451,2442
2452,2441
2453,2444
2454,2443
2455,2446
2456,2446
2457,2447
2458,2448
2459,2449
2460,2448
2461,2452
2462,2452
2463,2454
2464,2455
2465,2456
2466,2456
2467,2458
2468,2458
2469,2459
2470,2460
2471,2461
2472,2464
2473,2463
2474,2464
2475,2467
2476,2466
2477,2467
2478,2469
2479,2474
2480,2471
2481,2471
2482,2471
2483,2473
2484,2476
2485,2476
2486,2477
2487,2477
2488,2478
2489,2478
2490,2480
2491,2483
2492,2485
2493,2485
2494,2484
2495,2485
2496,2487
2497,2487
2498,2493
2499,2491
2500,2490
2501,2489
2502,2492
2503,2495
2504,2494
2505,2497
2506,2496
2507,2497
2508,2494
2509,2499
2510,2505
2511,2502
2512,2501
2513,2504
2514,2506
2515,2510
2516,2504
2517,2515
2518,2510
2519,2509
2520,2510
2521,2511
2522,2511
2523,2514
2524,2515
2525,2514
2526,2516
2527,2519
2528,2518
2529,2515
2530,2519
2531,2523
2532,2525
2533,2524
2534,2525
2535,2526
2536,2525
2537,2526
2538,2528
2539,2530
2540,2529
2541,2531
2542,2533
2543,2533
2544,2534
2545,2535
2546,2536
2547,2536
2548,2538
2549,2541
2550,2541
2551,2540
2552,2543
2553,2545
2554,2544
2555,2546
2556,2545
2557,2546
2558,2548
2559,2550
2560,2551
2561,2552
2562,2552
2563,2551
2564,2554
2565,2555
2566,2557
2567,2559
2568,2558
2569,2559
2570,2560
2571,2562
2572,2562
2573,2569
2574,2564
2575,2564
2576,2566
2577,2567
2578,2564
2579,2570
2580,2569
2581,2570
2582,2571
2583,2573
2584,2575
2585,2567
2586,2576
2587,2577
2588,2577
2589,2579
2590,2580
2591,2583
2592,2581
2593,2583
2594,2584
2595,2583
2596,2586
2597,2599
2598,2587
2599,2592
2600,2589
2601,2591
2602,2591
2603,2593
2604,2595
2605,2595
2606,2596
2607,2598
2608,2598
2609,2599
2610,2601
2611,2608
2612,2600
2613,2603
2614,2603
2615,2604
2616,2607
2617,2607
2618,2608
2619,2608
2620,2610
2621,2610
2622,2612
2623,2636
2624,2612
2625,2617
2626,2615
2627,2617
2628,2616
2629,2619
2630,2621
2631,2621
2632,2622
2633,2621
2634,2624
2635,2624
2636,2625
2637,2627
2638,2627
2639,2628
2640,2632
2641,2631
2642,2632
2643,2633
2644,2637
2645,2635
2646,2636
2647,2636
2648,2637
2649,2649
2650,2640
2651,2640
2652,2641
2653,2644
2654,2645
2655,2644
2656,2646
2657,2648
2658,2648
2659,2648
2660,2651
2661,2651
2662,2651
2663,2653
2664,2653
2665,2654
2666,2657
2667,2660
2668,2658
2669,2658
2670,2659
2671,2661
2672,2661
2673,2663
2674,2663
2675,2664
2676,2666
2677,2666
2678,2669
2679,2672
2680,2671
2681,2672
2682,2672
2683,2674
2684,2673
2685,2674
2686,2673
2687,2677
2688,2691
2689,2679
2690,2680
2691,2680
2692,2680
2693,2685
2694,2684
2695,2684
2696,2689
2697,2686
2698,2686
2699,2689
2700,2692
2701,2689
2702,2690
2703,2694
2704,2694
2705,2695
2706,2696
2707,2696
2708,2697
2709,2699
2710,2700
2711,2701
2712,2701
2713,2705
2714,2706
2715,2705
2716,2706
2717,2708
2718,2707
2719,2709
2720,2709
2721,2710
2722,2712
2723,2713
2724,2713
2725,2714
2726,2715
2727,2718
2728,2718
2729,2715
2730,2720
2731,2721
2732,2719
2733,2721
2734,2723
2735,2725
2736,2727
2737,2726
2738,2728
2739,2727
2740,2729
2741,2729
2742,2730
2743,2733
2744,2733
2745,2734
2746,2733
2747,2735
2748,2738
2749,2739
2750,2739
2751,2738
2752,2740
2753,2745
2754,2744
2755,2744
2756,2746
2757,2747
2758,2748
2759,2748
2760,2750
2761,2749
2762,2749
2763,2752
2764,2754
2765,2752
2766,2755
2767,2759
2768,2757
2769,2759
2770,2760
2771,2760
2772,2761
2773,2760
2774,2763
2775,2765
2776,2766
2777,2766
2778,2766
2779,2767
2780,2770
2781,2771
2782,2772
2783,2773
2784,2775
2785,2776
2786,2775
2787,2776
2788,2777
2789,2778
2790,2780
2791,2781
2792,2781
2793,2782
2794,2783
2795,2785
2796,2786
2797,2787
2798,2786
2799,2788
2800,2790
2801,2793
2802,2793
2803,2792
2804,2794
2805,2795
2806,2796
2807,2793
2808,2804
2809,2800
2810,2795
2811,2801
2812,2802
2813,2802
2814,2804
2815,2804
2816,2792
2817,2806
2818,2807
2819,2808
2820,2811
2821,2811
2822,2808
2823,2813
2824,2813
2825,2814
2826,2816
2827,2819
2828,2817
2829,2819
2830,2813
2831,2821
2832,2822
2833,2822
2834,2821
2835,2824
2836,2832
2837,2826
2838,2826
2839,2828
2840,2830
2841,2831
2842,2820
2843,2832
2844,2834
2845,2834
2846,2835
2847,2836
2848,2837
2849,2835
2850,2839
2851,2841
2852,2842
2853,2842
2854,2843
2855,2844
2856,2845
2857,2847
2858,2850
2859,2847
2860,2861
2861,2849
2862,2851
2863,2852
2864,2854
2865,2854
2866,2856
2867,2854
2868,2857
2869,2858
2870,2858
2871,2861
2872,2867
2873,2862
2874,2863
2875,2865
2876,2867
2877,2865
2878,2866
2879,2869
2880,2869
2881,2860
2882,2871
2883,2873
2884,2873
2885,2875
2886,2875
2887,2877
2888,2877
2889,2879
2890,2880
2891,2883
2892,2882
2893,2882
2894,2879
2895,2884
2896,2883
2897,2887
2898,2888
2899,2890
2900,2891
2901,2890
2902,2890
2903,2894
2904,2893
2905,2893
2906,2896
2907,2896
2908,2898
2909,2900
2910,2899
2911,2901
2912,2901
2913,2903
2914,2903
2915,2904
2916,2905
2917,2909
2918,2899
2919,2911
2920,2917
2921,2910
2922,2909
2923,2912
2924,2914
2925,2909
2926,2914
2927,2915
2928,2919
2929,2918
2930,2918
2931,2921
2932,2920
2933,2922
2934,2924
2935,2924
2936,2924
2937,2926
2938,2927
2939,2928
2940,2930
2941,2932
2942,2931
2943,2932
2944,2934
2945,2934
2946,2936
2947,2936
2948,2937
2949,2939
2950,2939
2951,2941
2952,2955
2953,2943
2954,2943
2955,2949
2956,2944
2957,2946
2958,2946
2959,2950
2960,2951
2961,2952
2962,2949
2963,2951
2964,2954
2965,2955
2966,2954
2967,2956
2968,2957
2969,2960
2970,2958
2971,2960
2972,2959
2973,2963
2974,2963
2975,2964
2976,2965
2977,2966
2978,2967
2979,2967
2980,2969
2981,2969
2982,2970
2983,2972
2984,2972
2985,2974
2986,2974
2987,2978
2988,2977
2989,2976
2990,2978
2991,2979
2992,2980
2993,2975
2994,2984
2995,2983
2996,2982
2997,2986
2998,2986
2999,2988
3000,2990
3001,2990
3002,2991
3003,2991
3004,2993
3005,2993
3006,2995
3007,3001
3008,2997
3009,2998
3010,2998
3011,2999
3012,3006
3013,3002
3014,3002
3015,3004
3016,3006
3017,3008
3018,3008
3019,3009
3020,3009
3021,3010
3022,3017
3023,3014
3024,3006
3025,3014
3026,3015
3027,3024
3028,3017
3029,3018
3030,3022
3031,3021
3032,3022
3033,3022
3034,3023
3035,3026
3036,3025
3037,3027
3038,3027
3039,3029
3040,3029
3041,3030
3042,3031
3043,3031
3044,3034
3045,3035
3046,3037
3047,3036
3048,3036
3049,3039
3050,3037
3051,3040
3052,3041
3053,3041
3054,3030
3055,3045
3056,3047
3057,3046
3058,3047
3059,3047
3060,3049
3061,3048
3062,3052
3063,3053
3064,3053
3065,3054
3066,3056
3067,3056
3068,3058
3069,3058
3070,3058
3071,3061
3072,3062
3073,3062
3074,3064
3075,3065
3076,3066
3077,3067
3078,3066
3079,3069
3080,3070
3081,3070
3082,3071
3083,3070
3084,3073
3085,3074
3086,3074
3087,3075
3088,3077
3089,3078
3090,3068
3091,3080
3092,3082
3093,3083
3094,3082
3095,3083
3096,3086
3097,3083
3098,3087
3099,3087
3100,3090
3101,3090
3102,3085
3103,3093
3104,3093
3105,3094
3106,3096
3107,3097
3108,3097
3109,3094
3110,3100
3111,3101
3112,3102
3113,3104
3114,3103
3115,3104
3116,3107
3117,3106
3118,3107
3119,3109
3120,3108
3121,3121
3122,3115
3123,3113
3124,3113
3125,3117
3126,3116
3127,3117
3128,3137
3129,3118
3130,3119
3131,3121
3132,3121
3133,3123
3134,3124
3135,3124
3136,3126
3137,3126
3138,3127
3139,3128
3140,3130
3141,3127
3142,3130
3143,3132
3144,3135
3145,3134
3146,3136
3147,3135
3148,3137
3149,3138
3150,3139
3151,3139
3152,3141
3153,3142
3154,3150
3155,3144
3156,3144
3157,3147
3158,3148
3159,3136
3160,3149
3161,3150
3162,3152
3163,3153
3164,3152
3165,3154
3166,3155
3167,3154
3168,3157
3169,3155
3170,3158
3171,3161
3172,3160
3173,3161
3174,3162
3175,3163
3176,3176
3177,3166
3178,3165
3179,3168
3180,3169
3181,3169
3182,3170
3183,3169
3184,3173
3185,3175
3186,3172
3187,3175
3188,3175
3189,3179
3190,3178
3191,3178
3192,3181
3193,3180
3194,3183
3195,3184
3196,3187
3197,3186
3198,3187
3199,3189
3200,3189
3201,3190
3202,3191
3203,3191
3204,3192
3205,3165
3206,3194
3207,3195
3208,3196
3209,3196
3210,3197
3211,3199
3212,3202
3213,3202
3214,3215
3215,3203
3216,3204
3217,3205
3218,3207
3219,3205
3220,3210
3221,3210
3222,3209
3223,3211
3224,3212
3225,3212
3226,3216
3227,3216
3228,3207
3229,3218
3230,3217
3231,3219
3232,3221
3233,3222
3234,3222
3235,3224
3236,3225
3237,3228
3238,3226
3239,3227
3240,3226
3241,3229
3242,3228
3243,3232
3244,3233
3245,3233
3246,3234
3247,3235
3248,3236
3249,3238
3250,3238
3251,3239
3252,3238
3253,3241
3254,3241
3255,3244
3256,3245
3257,3244
3258,3246
3259,3246
3260,3248
3261,3246
3262,3249
3263,3251
3264,3252
3265,3253
3266,3253
3267,3255
3268,3256
3269,3256
3270,3258
3271,3259
3272,3262
3273,3261
3274,3264
3275,3263
3276,3263
3277,3266
3278,3266
3279,3267
3280,3269
3281,3269
3282,3270
3283,3269
3284,3272
3285,3272
3286,3275
3287,3275
3288,3275
3289,3278
3290,3282
3291,3279
3292,3280
3293,3281
3294,3282
3295,3289
3296,3284
3297,3283
3298,3287
3299,3285
3300,3288
3301,3290
3302,3291
3303,3291
3304,3293
3305,3293
3306,3295
3307,3296
3308,3296
3309,3294
3310,3299
3311,3299
3312,3298
3313,3301
3314,3303
3315,3304
3316,3305
3317,3306
3318,3306
3319,3307
3320,3308
3321,3308
3322,3310
3323,3312
3324,3312
3325,3313
3326,3315
3327,3316
3328,3315
3329,3317
3330,3318
3331,3319
3332,3320
3333,3322
3334,3324
3335,3324
3336,3328
3337,3326
3338,3315
3339,3328
3340,3328
3341,3329
3342,3331
3343,3335
3344,3333
3345,3331
3346,3334
3347,3335
3348,3336
3349,3338
3350,3336
3351,3339
3352,3342
3353,3341
3354,3340
3355,3343
3356,3345
3357,3343
3358,3346
3359,3346
3360,3348
3361,3362
3362,3350
3363,3351
3364,3354
3365,3353
3366,3355
3367,3354
3368,3356
3369,3355
3370,3358
3371,3359
3372,3360
3373,3361
3374,3350
3375,3362
3376,3363
3377,3367
3378,3366
3379,3366
3380,3369
3381,3370
3382,3371
3383,3373
3384,3372
3385,3373
3386,3375
3387,3377
3388,3375
3389,3377
3390,3379
3391,3379
3392,3381
3393,3377
3394,3382
3395,3383
3396,3384
3397,3391
3398,3387
3399,3387
3400,3389
3401,3388
3402,3391
3403,3392
3404,3390
3405,3394
3406,3394
3407,3397
3408,3396
3409,3395
3410,3398
3411,3399
3412,3403
3413,3401
3414,3402
3415,3403
3416,3407
3417,3403
3418,3405
3419,3407
3420,3408
3421,3409
3422,3410
3423,3412
3424,3412
3425,3412
3426,3415
3427,3413
3428,3415
3429,3417
3430,3417
3431,3419
3432,3421
3433,3422
3434,3427
3435,3422
3436,3424
3437,3425
3438,3425
3439,3427
3440,3427
3441,3433
3442,3430
3443,3430
3444,3432
3445,3434
3446,3432
3447,3435
3448,3436
3449,3437
3450,3439
3451,3438
3452,3440
3453,3443
3454,3443
3455,3441
3456,3445
3457,3444
3458,3444
3459,3447
3460,3445
3461,3449
3462,3448
3463,3453
3464,3452
3465,3453
3466,3454
3467,3454
3468,3456
3469,3457
3470,3457
3471,3458
3472,3459
3473,3461
3474,3465
3475,3464
3476,3462
3477,3463
3478,3465
3479,3467
3480,3468
3481,3449
3482,3470
3483,3470
3484,3470
3485,3472
3486,3466
3487,3474
3488,3475
3489,3475
3490,3477
3491,3475
3492,3480
3493,3480
3494,3480
3495,3483
3496,3485
3497,3483
3498,3484
3499,3486
3500,3489
3501,3488
3502,3490
3503,3491
3504,3494
3505,3493
3506,3492
3507,3494
3508,3495
3509,3496
3510,3494
3511,3499
3512,3499
3513,3500
3514,3500
3515,3502
3516,3503
3517,3505
3518,3507
3519,3506
3520,3509
3521,3509
3522,3509
3523,3512
3524,3511
3525,3512
3526,3514
3527,3514
3528,3510
3529,3518
3530,3517
3531,3520
3532,3519
3533,3520
3534,3522
3535,3522
3536,3523
3537,3526
3538,3526
3539,3527
3540,3529
3541,3529
3542,3531
3543,3529
3544,3532
3545,3531
3546,3533
3547,3521
3548,3536
3549,3536
3550,3536
3551,3538
3552,3542
3553,3541
3554,3542
3555,3542
3556,3543
3557,3543
3558,3545
3559,3546
3560,3547
3561,3548
3562,3548
3563,3549
3564,3552
3565,3553
3566,3559
3567,3556
3568,3555
3569,3557
3570,3556
3571,3561
3572,3558
3573,3561
3574,3562
3575,3563
3576,3566
3577,3565
3578,3566
3579,3566
3580,3567
3581,3567
3582,3570
3583,3569
3584,3570
3585,3577
3586,3575
3587,3575
3588,3574
3589,3576
3590,3579
3591,3581
3592,3578
3593,3579
3594,3582
3595,3580
3596,3583
3597,3585
3598,3584
3599,3586
3600,3587
3601,3588
3602,3589
3603,3590
3604,3590
3605,3592
3606,3593
3607,3594
3608,3595
3609,3596
3610,3597
3611,3598
3612,3599
3613,3601
3614,3601
3615,3602
3616,3603
3617,3605
3618,3608
3619,3606
3620,3606
3621,3607
3622,3609
3623,3616
3624,3610
3625,3613
3626,3610
3627,3613
3628,3614
3629,3616
3630,3617
3631,3618
3632,3619
3633,3618
3634,3621
3635,3622
3636,3622
3637,3624
3638,3624
3639,3626
3640,3627
3641,3627
3642,3630
3643,3631
3644,3631
3645,3631
3646,3633
3647,3635
3648,3634
3649,3638
3650,3637
3651,3637
3652,3637
3653,3641
3654,3643
3655,3641
3656,3642
3657,3642
3658,3646
3659,3646
3660,3647
3661,3647
3662,3649
3663,3650
3664,3649
3665,3652
3666,3650
3667,3654
3668,3652
3669,3656
3670,3657
3671,3655
3672,3658
3673,3661
3674,3660
3675,3662
3676,3661
3677,3662
3678,3664
3679,3664
3680,3666
3681,3667
3682,3669
3683,3671
3684,3671
3685,3671
3686,3672
3687,3673
3688,3673
3689,3674
3690,3677
3691,3677
3692,3677
3693,3679
3694,3681
3695,3681
3696,3682
3697,3683
3698,3684
3699,3685
3700,3686
3701,3687
3702,3689
3703,3689
3704,3691
3705,3691
3706,3693
3707,3693
3708,3694
3709,3695
3710,3695
3711,3697
3712,3698
3713,3698
3714,3701
3715,3701
3716,3702
3717,3703
3718,3702
3719,3704
3720,3709
3721,3707
3722,3708
3723,3708
3724,3710
3725,3682
3726,3711
3727,3713
3728,3715
3729,3715
3730,3717
3731,3717
3732,3715
3733,3719
3734,3721
3735,3721
3736,3721
3737,3721
3738,3725
3739,3724
3740,3727
3741,3727
3742,3726
3743,3729
3744,3732
3745,3730
3746,3729
3747,3731
3748,3735
3749,3745
3750,3736
3751,3738
3752,3738
3753,3739
3754,3730
3755,3740
3756,3742
3757,3743
3758,3746
3759,3747
3760,3745
3761,3747
3762,3748
3763,3748
3764,3749
3765,3750
3766,3752
3767,3754
3768,3753
3769,3754
3770,3756
3771,3759
3772,3757
3773,3758
3774,3759
3775,3761
3776,3760
3777,3763
3778,3763
3779,3765
3780,3768
3781,3768
3782,3769
3783,3769
3784,3770
3785,3774
3786,3773
3787,3774
3788,3774
3789,3776
3790,3775
3791,3778
3792,3776
3793,3777
3794,3781
3795,3780
3796,3781
3797,3783
3798,3784
3799,3784
3800,3786
3801,3786
3802,3788
3803,3788
3804,3792
3805,3791
3806,3791
3807,3793
3808,3800
3809,3794
3810,3796
3811,3798
3812,3800
3813,3805
3814,3800
3815,3801
3816,3802
3817,3803
3818,3804
3819,3806
3820,3807
3821,3808
3822,3808
3823,3809
3824,3808
3825,3811
3826,3812
3827,3810
3828,3814
3829,3817
3830,3815
3831,3817
3832,3819
3833,3819
3834,3821
3835,3820
3836,3821
3837,3823
3838,3824
3839,3824
3840,3825
3841,3826
3842,3829
3843,3829
3844,3829
3845,3832
3846,3832
3847,3833
3848,3833
3849,3834
3850,3834
3851,3837
3852,3839
3853,3838
3854,3840
3855,3840
3856,3842
3857,3843
3858,3845
3859,3845
3860,3845
3861,3847
3862,3852
3863,3849
3864,3850
3865,3851
3866,3852
3867,3851
3868,3854
3869,3857
3870,3856
3871,3857
3872,3857
3873,3859
3874,3860
3875,3860
3876,3862
3877,3861
3878,3864
3879,3865
3880,3865
3881,3860
3882,3867
3883,3869
3884,3871
3885,3870
3886,3877
3887,3873
3888,3886
3889,3874
3890,3876
3891,3876
3892,3878
3893,3878
3894,3880
3895,3881
3896,3882
3897,3883
3898,3884
3899,3885
3900,3883
3901,3886
3902,3888
3903,3889
3904,3888
3905,3889
3906,3892
3907,3893
3908,3892
3909,3894
3910,3896
3911,3896
3912,3899
3913,3899
3914,3899
3915,3901
3916,3901
3917,3904
3918,3904
3919,3905
3920,3905
3921,3907
3922,3907
3923,3909
3924,3912
3925,3910
3926,3913
3927,3911
3928,3913
3929,3914
3930,3915
3931,3916
3932,3917
3933,3918
3934,3918
3935,3919
3936,3924
3937,3924
3938,3923
3939,3924
3940,3925
3941,3926
3942,3927
3943,3926
3944,3932
3945,3929
3946,3930
3947,3932
3948,3936
3949,3935
3950,3936
3951,3936
3952,3936
3953,3936
3954,3940
3955,3939
3956,3943
3957,3931
3958,3944
3959,3945
3960,3945
3961,3946
3962,3948
3963,3948
3964,3949
3965,3949
3966,3952
3967,3953
3968,3954
3969,3951
3970,3950
3971,3956
3972,3959
3973,3958
3974,3959
3975,3957
3976,3960
3977,3961
3978,3962
3979,3967
3980,3967
3981,3967
3982,3967
3983,3968
3984,3971
3985,3971
3986,3977
3987,3972
3988,3973
3989,3975
3990,3976
3991,3976
3992,3977
3993,3978
3994,3979
3995,3980
3996,3981
3997,3978
3998,3983
3999,3985
4000,3987
4001,3986
4002,3981
4003,3988
4004,3989
4005,3990
4006,3991
4007,3995
4008,3991
4009,3995
4010,3995
4011,3996
4012,3999
4013,3995
4014,4001
4015,3999
4016,4001
4017,4002
4018,4004
4019,4004
4020,4005
4021,4007
4022,4007
4023,4008
4024,4014
4025,4011
4026,4016
4027,4011
4028,4014
4029,4013
4030,4015
4031,4011
4032,4018
4033,4018
4034,4019
4035,4020
4036,4021
4037,4021
4038,4021
4039,4024
4040,4025
4041,4027
4042,4027
4043,4029
4044,4028
4045,4032
4046,4033
4047,4033
4048,4034
4049,4036
4050,4047
4051,4037
4052,4038
4053,4037
4054,4039
4055,4040
4056,4042
4057,4043
4058,4043
4059,4045
4060,4045
4061,4045
4062,4047
4063,4050
4064,4050
4065,4050
4066,4052
4067,4052
4068,4053
4069,4056
4070,4055
4071,4061
4072,4057
4073,4059
4074,4059
4075,4061
4076,4064
4077,4063
4078,4064
4079,4063
4080,4065
4081,4066
4082,4068
4083,4069
4084,4072
4085,4070
4086,4072
4087,4073
4088,4073
4089,4077
4090,4076
4091,4075
4092,4077
4093,4076
4094,4076
4095,4076