0,4
1,3
2,5
3,5
4,6
5,5
6,5
7,5
8,7
9,9
10,9
11,9
12,11
13,12
14,13
15,14
16,17
17,17
18,17
19,17
20,19
21,19
22,20
23,22
24,23
25,24
26,25
27,27
28,21
29,27
30,29
31,30
32,32
33,31
34,32
35,33
36,36
37,36
38,37
39,37
40,39
41,41
42,41
43,42
44,43
45,44
46,44
47,45
48,47
49,48
50,49
51,51
52,51
53,52
54,53
55,64
56,54
57,56
58,56
59,60
60,59
61,61
62,62
63,62
64,63
65,66
66,65
67,65
68,68
69,66
70,69
71,69
72,69
73,74
74,72
75,74
76,80
77,76
78,83
79,77
80,79
81,79
82,81
83,81
84,82
85,84
86,98
87,89
88,87
89,86
90,88
91,88
92,90
93,92
94,93
95,93
96,96
97,94
98,99
99,97
100,98
101,97
102,100
103,102
104,101
105,104
106,105
107,105
108,106
109,108
110,109
111,110
112,110
113,111
114,110
115,113
116,114
117,115
118,116
119,117
120,118
121,120
122,122
123,121
124,124
125,123
126,124
127,126
128,128
129,127
130,129
131,130
132,130
133,131
134,132
135,133
136,135
137,136
138,137
139,136
140,139
141,137
142,139
143,142
144,143
145,143
146,144
147,145
148,147
149,147
150,148
151,149
152,152
153,152
154,152
155,152
156,155
157,154
158,157
159,158
160,158
161,160
162,160
163,161
164,163
165,164
166,164
167,165
168,166
169,168
170,168
171,169
172,171
173,172
174,172
175,174
176,175
177,175
178,176
179,178
180,179
181,179
182,181
183,181
184,182
185,184
186,184
187,185
188,185
189,186
190,189
191,188
192,192
193,191
194,192
195,193
196,194
197,193
198,199
199,209
200,197
201,198
202,199
203,200
204,201
205,203
206,204
207,205
208,206
209,207
210,208
211,209
212,211
213,210
214,212
215,213
216,214
217,215
218,215
219,217
220,219
221,219
222,220
223,221
224,222
225,222
226,224
227,222
228,227
229,226
230,229
231,227
232,230
233,231
234,233
235,233
236,233
237,234
238,236
239,237
240,238
241,239
242,241
243,242
244,242
245,242
246,244
247,244
248,244
249,247
250,248
251,248
252,250
253,251
254,252
255,254
256,253
257,255
258,261
259,257
260,258
261,258
262,260
263,259
264,262
265,263
266,265
267,266
268,269
269,268
270,269
271,270
272,270
273,270
274,272
275,270
276,274
277,275
278,273
279,277
280,273
281,279
282,280
283,281
284,282
285,278
286,283
287,284
288,285
289,289
290,288
291,289
292,290
293,291
294,292
295,293
296,293
297,295
298,296
299,298
300,301
301,299
302,300
303,302
304,303
305,300
306,305
307,305
308,305
309,307
310,308
311,310
312,309
313,310
314,312
315,306
316,314
317,316
318,317
319,317
320,321
321,317
322,320
323,321
324,322
325,320
326,323
327,324
328,326
329,326
330,326
331,330
332,332
333,330
334,332
335,335
336,335
337,335
338,335
339,337
340,337
341,339
342,341
343,340
344,342
345,343
346,344
347,345
348,346
349,347
350,347
351,349
352,350
353,350
354,350
355,353
356,353
357,354
358,355
359,356
360,358
361,358
362,359
363,360
364,362
365,363
366,364
367,365
368,366
369,367
370,367
371,369
372,371
373,371
374,372
375,373
376,372
377,375
378,376
379,376
380,376
381,378
382,380
383,381
384,381
385,384
386,384
387,385
388,384
389,388
390,387
391,388
392,391
393,391
394,391
395,393
396,392
397,396
398,396
399,397
400,398
401,398
402,400
403,402
404,401
405,403
406,403
407,405
408,405
409,406
410,408
411,408
412,410
413,410
414,412
415,412
416,413
417,415
418,414
419,416
420,417
421,418
422,419
423,420
424,420
425,422
426,422
427,424
428,426
429,426
430,428
431,431
432,429
433,429
434,431
435,431
436,434
437,434
438,436
439,437
440,439
441,439
442,439
443,441
444,441
445,442
446,443
447,444
448,445
449,451
450,447
451,448
452,449
453,449
454,451
455,453
456,453
457,454
458,455
459,455
460,457
461,459
462,460
463,461
464,461
465,462
466,461
467,465
468,465
469,466
470,468
471,467
472,469
473,469
474,471
475,472
476,471
477,473
478,475
479,474
480,477
481,477
482,480
483,479
484,482
485,483
486,484
487,484
488,484
489,484
490,486
491,486
492,489
493,490
494,491
495,491
496,492
497,494
498,495
499,495
500,495
501,497
502,498
503,499
504,501
505,501
506,475
507,504
508,505
509,505
510,506
511,508
512,508
513,513
514,512
515,512
516,513
517,514
518,518
519,516
520,517
521,516
522,518
523,518
524,520
525,521
526,523
527,524
528,522
529,526
530,526
531,528
532,529
533,530
534,532
535,524
536,535
537,534
538,535
539,536
540,537
541,537
542,539
543,540
544,541
545,541
546,542
547,543
548,544
549,547
550,547
551,534
552,549
553,550
554,550
555,551
556,555
557,554
558,555
559,556
560,556
561,557
562,558
563,560
564,559
565,562
566,563
567,564
568,564
569,565
570,567
571,567
572,567
573,569
574,570
575,570
576,570
577,573
578,575
579,576
580,576
581,577
582,579
583,579
584,580
585,582
586,585
587,584
588,585
589,586
590,586
591,589
592,588
593,588
594,591
595,592
596,592
597,594
598,596
599,594
600,596
601,599
602,599
603,599
604,599
605,602
606,600
607,603
608,603
609,605
610,608
611,609
612,608
613,608
614,610
615,611
616,613
617,613
618,615
619,615
620,617
621,619
622,617
623,634
624,619
625,621
626,623
627,622
628,624
629,624
630,626
631,624
632,629
633,630
634,629
635,631
636,633
637,633
638,634
639,637
640,635
641,636
642,639
643,639
644,640
645,642
646,643
647,653
648,645
649,645
650,646
651,647
652,651
653,647
654,651
655,653
656,652
657,657
658,655
659,655
660,657
661,659
662,659
663,660
664,659
665,661
666,663
667,662
668,664
669,664
670,660
671,666
672,668
673,669
674,669
675,669
676,674
677,674
678,672
679,676
680,675
681,678
682,680
683,680
684,680
685,682
686,682
687,684
688,686
689,686
690,687
691,688
692,688
693,689
694,691
695,690
696,691
697,694
698,694
699,695
700,695
701,698
702,698
703,700
704,698
705,700
706,704
707,700
708,705
709,705
710,705
711,707
712,708
713,710
714,712
715,711
716,712
717,713
718,711
719,713
720,717
721,717
722,763
723,718
724,720
725,721
726,721
727,723
728,724
729,723
730,726
731,726
732,728
733,727
734,729
735,731
736,732
737,732
738,734
739,735
740,735
741,738
742,737
743,737
744,740
745,744
746,742
747,742
748,744
749,745
750,745
751,748
752,747
753,749
754,749
755,753
756,753
757,753
758,754
759,754
760,756
761,758
762,757
763,759
764,760
765,761
766,762
767,765
768,769
769,765
770,766
771,767
772,765
773,770
774,770
775,770
776,772
777,774
778,773
779,775
780,776
781,778
782,778
783,778
784,780
785,773
786,783
787,783
788,784
789,784
790,788
791,787
792,790
793,788
794,789
795,791
796,792
797,792
798,794
799,795
800,795
801,796
802,798
803,799
804,800
805,803
806,802
807,800
808,803
809,805
810,805
811,807
812,808
813,807
814,812
815,810
816,811
817,813
818,814
819,815
820,816
821,817
822,818
823,819
824,820
825,820
826,822
827,823
828,824
829,824
830,827
831,827
832,829
833,830
834,830
835,831
836,832
837,833
838,834
839,836
840,835
841,834
842,839
843,839
844,838
845,841
846,840
847,844
848,845
849,845
850,846
851,846
852,848
853,851
854,849
855,850
856,854
857,853
858,865
859,855
860,855
861,856
862,858
863,857
864,858
865,861
866,861
867,863
868,864
869,865
870,866
871,865
872,868
873,868
874,870
875,870
876,873
877,872
878,881
879,874
880,875
881,875
882,877
883,878
884,879
885,882
886,884
887,883
888,884
889,885
890,889
891,884
892,885
893,889
894,889
895,890
896,894
897,892
898,897
899,895
900,896
901,897
902,898
903,899
904,900
905,900
906,902
907,902
908,903
909,906
910,907
911,907
912,909
913,913
914,912
915,909
916,912
917,913
918,915
919,915
920,915
921,915
922,917
923,919
924,920
925,922
926,922
927,920
928,923
929,924
930,927
931,925
932,927
933,928
934,929
935,930
936,932
937,932
938,934
939,934
940,935
941,936
942,937
943,936
944,940
945,940
946,941
947,941
948,939
949,944
950,948
951,945
952,947
953,948
954,949
955,941
956,950
957,953
958,953
959,954
960,948
961,956
962,957
963,957
964,960
965,961
966,962
967,962
968,963
969,963
970,961
971,966
972,966
973,969
974,969
975,971
976,971
977,974
978,970
979,974
980,974
981,975
982,977
983,977
984,978
985,980
986,981
987,982
988,983
989,984
990,988
991,986
992,985
993,987
994,989
995,990
996,991
997,992
998,991
999,994
1000,995
1001,997
1002,996
1003,999
1004,998
1005,1000
1006,1003
1007,1003
1008,1004
1009,1003
1010,999
1011,1006
1012,1008
1013,1008
1014,1009
1015,1011
1016,1013
1017,1009
1018,1015
1019,1013
1020,1016
1021,1016
1022,1018
1023,1019
1024,1018
1025,1022
1026,1022
1027,1023
1028,1025
1029,1025
1030,1026
1031,1027
1032,1028
1033,1028
1034,1030
1035,1028
1036,1030
1037,1033
1038,1034
1039,1033
1040,1036
1041,1037
1042,1037
1043,1039
1044,1041
1045,1040
1046,1040
1047,1048
1048,1044
1049,1045
1050,1046
1051,1047
1052,1048
1053,1049
1054,1045
1055,1055
1056,1054
1057,1054
1058,1067
1059,1053
1060,1056
1061,1054
1062,1058
1063,1066
1064,1060
1065,1060
1066,1062
1067,1064
1068,1063
1069,1064
1070,1063
1071,1066
1072,1068
1073,1067
1074,1069
1075,1069
1076,1071
1077,1073
1078,1073
1079,1075
1080,1074
1081,1075
1082,1069
1083,1078
1084,1080
1085,1080
1086,1082
1087,1082
1088,1084
1089,1099
1090,1084
1091,1086
1092,1087
1093,1088
1094,1089
1095,1089
1096,1091
1097,1092
1098,1095
1099,1095
1100,1094
1101,1097
1102,1099
1103,1099
1104,1099
1105,1101
1106,1102
1107,1103
1108,1104
1109,1097
1110,1105
1111,1107
1112,1107
1113,1107
1114,1109
1115,1110
1116,1112
1117,1111
1118,1113
1119,1117
1120,1115
1121,1133
1122,1117
1123,1118
1124,1119
1125,1121
1126,1122
1127,1123
1128,1124
1129,1124
1130,1141
1131,1127
1132,1127
1133,1127
1134,1128
1135,1130
1136,1131
1137,1132
1138,1132
1139,1134
1140,1137
1141,1135
1142,1138
1143,1138
1144,1140
1145,1138
1146,1142
1147,1137
1148,1144
1149,1144
1150,1144
1151,1147
1152,1145
1153,1148
1154,1150
1155,1149
1156,1151
1157,1152
1158,1153
1159,1154
1160,1156
1161,1155
1162,1154
1163,1158
1164,1159
1165,1162
1166,1168
1167,1161
1168,1163
1169,1163
1170,1162
1171,1167
1172,1168
1173,1168
1174,1169
1175,1171
1176,1170
1177,1173
1178,1173
1179,1174
1180,1176
1181,1175
1182,1177
1183,1180
1184,1181
1185,1181
1186,1180
1187,1182
1188,1183
1189,1184
1190,1184
1191,1187
1192,1187
1193,1189
1194,1189
1195,1189
1196,1191
1197,1190
1198,1193
1199,1195
1200,1195
1201,1192
1202,1196
1203,1197
1204,1198
1205,1200
1206,1201
1207,1203
1208,1203
1209,1202
1210,1204
1211,1196
1212,1203
1213,1209
1214,1210
1215,1210
1216,1211
1217,1210
1218,1213
1219,1214
1220,1216
1221,1216
1222,1218
1223,1218
1224,1218
1225,1220
1226,1220
1227,1224
1228,1223
1229,1227
1230,1225
1231,1226
1232,1226
1233,1229
1234,1228
1235,1231
1236,1231
1237,1231
1238,1233
1239,1234
1240,1236
1241,1235
1242,1236
1243,1237
1244,1239
1245,1238
1246,1242
1247,1242
1248,1243
1249,1242
1250,1245
1251,1245
1252,1248
1253,1248
1254,1248
1255,1249
1256,1248
1257,1252
1258,1253
1259,1254
1260,1256
1261,1260
1262,1257
1263,1258
1264,1258
1265,1260
1266,1263
1267,1262
1268,1261
1269,1264
1270,1265
1271,1267
1272,1266
1273,1268
1274,1270
1275,1270
1276,1272
1277,1274
1278,1274
1279,1274
1280,1274
1281,1278
1282,1277
1283,1277
1284,1279
1285,1280
1286,1278
1287,1282
1288,1283
1289,1285
1290,1285
1291,1286
1292,1276
1293,1288
1294,1290
1295,1290
1296,1290
1297,1293
1298,1293
1299,1294
1300,1295
1301,1295
1302,1296
1303,1299
1304,1300
1305,1301
1306,1299
1307,1302
1308,1304
1309,1304
1310,1306
1311,1308
1312,1307
1313,1308
1314,1309
1315,1311
1316,1310
1317,1312
1318,1314
1319,1314
1320,1314
1321,1315
1322,1347
1323,1318
1324,1320
1325,1318
1326,1321
1327,1322
1328,1324
1329,1326
1330,1325
1331,1325
1332,1326
1333,1327
1334,1330
1335,1330
1336,1332
1337,1333
1338,1333
1339,1334
1340,1335
1341,1336
1342,1342
1343,1343
1344,1337
1345,1340
1346,1339
1347,1342
1348,1343
1349,1343
1350,1345
1351,1345
1352,1346
1353,1349
1354,1349
1355,1350
1356,1349
1357,1351
1358,1355
1359,1353
1360,1356
1361,1356
1362,1357
1363,1357
1364,1359
1365,1360
1366,1361
1367,1362
1368,1363
1369,1363
1370,1364
1371,1367
1372,1366
1373,1368
1374,1367
1375,1365
1376,1371
1377,1371
1378,1371
1379,1374
1380,1375
1381,1375
1382,1376
1383,1377
1384,1378
1385,1380
1386,1381
1387,1383
1388,1383
1389,1384
1390,1384
1391,1386
1392,1387
1393,1386
1394,1418
1395,1390
1396,1391
1397,1392
1398,1393
1399,1394
1400,1395
1401,1390
1402,1395
1403,1397
1404,1398
1405,1400
1406,1400
1407,1402
1408,1400
1409,1404
1410,1405
1411,1406
1412,1407
1413,1407
1414,1405
1415,1409
1416,1411
1417,1411
1418,1411
1419,1433
1420,1414
1421,1415
1422,1416
1423,1417
1424,1419
1425,1419
1426,1424
1427,1421
1428,1423
1429,1423
1430,1425
1431,1425
1432,1428
1433,1427
1434,1429
1435,1429
1436,1431
1437,1432
1438,1434
1439,1434
1440,1434
1441,1435
1442,1434
1443,1445
1444,1439
1445,1439
1446,1443
1447,1441
1448,1433
1449,1446
1450,1444
1451,1445
1452,1447
1453,1445
1454,1447
1455,1451
1456,1450
1457,1451
1458,1453
1459,1453
1460,1453
1461,1455
1462,1454
1463,1458
1464,1457
1465,1458
1466,1459
1467,1464
1468,1462
1469,1462
1470,1464
1471,1465
1472,1463
1473,1465
1474,1469
1475,1467
1476,1470
1477,1471
1478,1472
1479,1473
1480,1472
1481,1476
1482,1476
1483,1477
1484,1478
1485,1479
1486,1480
1487,1482
1488,1479
1489,1484
1490,1486
1491,1484
1492,1485
1493,1487
1494,1488
1495,1490
1496,1489
1497,1491
1498,1490
1499,1492
1500,1497
1501,1495
1502,1498
1503,1497
1504,1497
1505,1499
1506,1499
1507,1500
1508,1503
1509,1502
1510,1502
1511,1499
1512,1506
1513,1507
1514,1506
1515,1508
1516,1512
1517,1511
1518,1512
1519,1513
1520,1513
1521,1514
1522,1516
1523,1518
1524,1518
1525,1522
1526,1518
1527,1521
1528,1521
1529,1523
1530,1529
1531,1525
1532,1526
1533,1527
1534,1528
1535,1529
1536,1531
1537,1530
1538,1532
1539,1532
1540,1532
1541,1535
1542,1536
1543,1538
1544,1536
1545,1539
1546,1538
1547,1540
1548,1542
1549,1542
1550,1544
1551,1544
1552,1546
1553,1547
1554,1548
1555,1550
1556,1550
1557,1550
1558,1550
1559,1554
1560,1554
1561,1551
1562,1557
1563,1556
1564,1557
1565,1558
1566,1560
1567,1562
1568,1562
1569,1562
1570,1564
1571,1566
1572,1565
1573,1568
1574,1567
1575,1569
1576,1570
1577,1571
1578,1573
1579,1572
1580,1571
1581,1574
1582,1575
1583,1578
1584,1577
1585,1577
1586,1579
1587,1581
1588,1581
1589,1582
1590,1584
1591,1586
1592,1585
1593,1586
1594,1588
1595,1588
1596,1590
1597,1588
1598,1591
1599,1593
1600,1593
1601,1595
1602,1596
1603,1597
1604,1598
1605,1598
1606,1601
1607,1600
1608,1604
1609,1602
1610,1603
1611,1603
1612,1606
1613,1617
1614,1607
1615,1608
1616,1609
1617,1611
1618,1613
1619,1613
1620,1613
1621,1614
1622,1615
1623,1609
1624,1618
1625,1618
1626,1620
1627,1620
1628,1622
1629,1622
1630,1623
1631,1625
1632,1625
1633,1627
1634,1628
1635,1626
1636,1629
1637,1630
1638,1631
1639,1633
1640,1634
1641,1635
1642,1635
1643,1638
1644,1639
1645,1641
1646,1637
1647,1637
1648,1647
1649,1643
1650,1643
1651,1645
1652,1644
1653,1647
1654,1648
1655,1649
1656,1650
1657,1648
1658,1652
1659,1652
1660,1654
1661,1654
1662,1657
1663,1656
1664,1657
1665,1658
1666,1659
1667,1658
1668,1662
1669,1660
1670,1665
1671,1678
1672,1665
1673,1667
1674,1667
1675,1670
1676,1672
1677,1670
1678,1671
1679,1676
1680,1674
1681,1676
1682,1675
1683,1684
1684,1675
1685,1679
1686,1678
1687,1680
1688,1680
1689,1683
1690,1689
1691,1684
1692,1685
1693,1685
1694,1686
1695,1689
1696,1691
1697,1691
1698,1690
1699,1691
1700,1693
1701,1692
1702,1695
1703,1694
1704,1696
1705,1699
1706,1701
1707,1701
1708,1700
1709,1702
1710,1702
1711,1705
1712,1702
1713,1706
1714,1707
1715,1708
1716,1709
1717,1709
1718,1711
1719,1711
1720,1713
1721,1713
1722,1715
1723,1714
1724,1717
1725,1721
1726,1719
1727,1720
1728,1721
1729,1722
1730,1741
1731,1725
1732,1725
1733,1724
1734,1727
1735,1726
1736,1730
1737,1732
1738,1731
1739,1731
1740,1730
1741,1734
1742,1740
1743,1736
1744,1738
1745,1738
1746,1739
1747,1752
1748,1741
1749,1740
1750,1744
1751,1743
1752,1745
1753,1746
1754,1745
1755,1748
1756,1748
1757,1748
1758,1751
1759,1750
1760,1752
1761,1753
1762,1759
1763,1756
1764,1757
1765,1759
1766,1760
1767,1760
1768,1762
1769,1763
1770,1763
1771,1763
1772,1766
1773,1766
1774,1767
1775,1784
1776,1769
1777,1771
1778,1771
1779,1773
1780,1767
1781,1774
1782,1775
1783,1775
1784,1775
1785,1792
1786,1781
1787,1780
1788,1780
1789,1783
1790,1782
1791,1786
1792,1785
1793,1786
1794,1788
1795,1788
1796,1788
1797,1790
1798,1792
1799,1796
1800,1795
1801,1793
1802,1795
1803,1797
1804,1793
1805,1798
1806,1800
1807,1800
1808,1802
1809,1794
1810,1802
1811,1802
1812,1806
1813,1806
1814,1806
1815,1808
1816,1808
1817,1810
1818,1813
1819,1813
1820,1814
1821,1811
1822,1815
1823,1809
1824,1817
1825,1819
1826,1816
1827,1820
1828,1821
1829,1821
1830,1820
1831,1826
1832,1826
1833,1830
1834,1824
1835,1827
1836,1828
1837,1831
1838,1834
1839,1830
1840,1832
1841,1832
1842,1835
1843,1836
1844,1837
1845,1840
1846,1839
1847,1840
1848,1840
1849,1843
1850,1843
1851,1844
1852,1842
1853,1846
1854,1847
1855,1847
1856,1849
1857,1849
1858,1849
1859,1852
1860,1853
1861,1856
1862,1853
1863,1857
1864,1855
1865,1860
1866,1858
1867,1860
1868,1862
1869,1861
1870,1863
1871,1859
1872,1867
1873,1867
1874,1866
1875,1868
1876,1869
1877,1870
1878,1871
1879,1872
1880,1873
1881,1874
1882,1874
1883,1877
1884,1875
1885,1878
1886,1879
1887,1880
1888,1881
1889,1882
1890,1883
1891,1870
1892,1885
1893,1885
1894,1885
1895,1888
1896,1891
1897,1889
1898,1890
1899,1891
1900,1893
1901,1891
1902,1895
1903,1895
1904,1898
1905,1897
1906,1901
1907,1901
1908,1900
1909,1901
1910,1903
1911,1905
1912,1904
1913,1905
1914,1908
1915,1917
1916,1909
1917,1909
1918,1910
1919,1910
1920,1902
1921,1914
1922,1916
1923,1918
1924,1915
1925,1924
1926,1919
1927,1920
1928,1921
1929,1923
1930,1923
1931,1924
1932,1925
1933,1925
1934,1926
1935,1930
1936,1926
1937,1933
1938,1929
1939,1933
1940,1933
1941,1934
1942,1935
1943,1935
1944,1934
1945,1936
1946,1939
1947,1937
1948,1940
1949,1941
1950,1943
1951,1943
1952,1945
1953,1945
1954,1947
1955,1948
1956,1949
1957,1946
1958,1950
1959,1943
1960,1953
1961,1950
1962,1954
1963,1956
1964,1954
1965,1957
1966,1959
1967,1960
1968,1960
1969,1962
1970,1963
1971,1967
1972,1965
1973,1965
1974,1967
1975,1968
1976,1970
1977,1970
1978,1970
1979,1973
1980,1972
1981,1974
1982,1973
1983,1975
1984,1975
1985,1978
1986,1978
1987,1979
1988,1982
1989,1982
1990,1982
1991,1983
1992,1983
1993,1987
1994,1987
1995,1987
1996,1989
1997,1990
1998,1989
1999,1984
2000,1992
2001,1994
2002,1994
2003,1995
2004,1995
2005,1997
2006,2012
2007,1999
2008,1999
2009,2001
2010,2000
2011,2008
2012,2004
2013,2006
2014,2006
2015,2008
2016,2009
2017,2009
2018,2011
2019,2011
2020,2011
2021,2014
2022,2017
2023,2020
2024,2015
2025,2016
2026,2016
2027,2018
2028,2008
2029,2020
2030,2023
2031,2024
2032,2025
2033,2020
2034,2025
2035,2028
2036,2027
2037,2029
2038,2031
2039,2032
2040,2033
2041,2034
2042,2034
2043,2035
2044,2036
2045,2038
2046,2038
2047,2039
2048,2039
2049,2040
2050,2043
2051,2043
2052,2043
2053,2044
2054,2047
2055,2045
2056,2048
2057,2048
2058,2051
2059,2051
2060,2052
2061,2054
2062,2055
2063,2056
2064,2056
2065,2059
2066,2059
2067,2057
2068,2059
2069,2056
2070,2062
2071,2064
2072,2065
2073,2067
2074,2067
2075,2066
2076,2068
2077,2070
2078,2070
2079,2071
2080,2072
2081,2073
2082,2075
2083,2065
2084,2077
2085,2077
2086,2078
2087,2080
2088,2080
2089,2082
2090,2081
2091,2084
2092,2084
2093,2083
2094,2087
2095,2087
2096,2088
2097,2087
2098,2090
2099,2091
2100,2092
2101,2092
2102,2095
2103,2093
2104,2096
2105,2098
2106,2097
2107,2099
2108,2100
2109,2102
2110,2102
2111,2102
2112,2103
2113,2104
2114,2107
2115,2109
2116,2108
2117,2110
2118,2109
2119,2111
2120,2112
2121,2113
2122,2114
2123,2114
2124,2116
2125,2119
2126,2119
2127,2121
2128,2120
2129,2120
2130,2122
2131,2122
2132,2126
2133,2126
2134,2125
2135,2126
2136,2128
2137,2131
2138,2130
2139,2130
2140,2131
2141,2133
2142,2133
2143,2136
2144,2135
2145,2139
2146,2137
2147,2136
2148,2140
2149,2140
2150,2142
2151,2142
2152,2144
2153,2144
2154,2145
2155,2145
2156,2148
2157,2149
2158,2149
2159,2152
2160,2152
2161,2155
2162,2153
2163,2154
2164,2154
2165,2155
2166,2172
2167,2159
2168,2160
2169,2159
2170,2162
2171,2162
2172,2163
2173,2164
2174,2167
2175,2167
2176,2168
2177,2168
2178,2170
2179,2171
2180,2171
2181,2173
2182,2170
2183,2175
2184,2176
2185,2177
2186,2177
2187,2184
2188,2177
2189,2181
2190,2180
2191,2182
2192,2181
2193,2185
2194,2174
2195,2184
2196,2188
2197,2188
2198,2189
2199,2188
2200,2191
2201,2194
2202,2193
2203,2195
2204,2196
2205,2196
2206,2194
2207,2202
2208,2199
2209,2203
2210,2201
2211,2202
2212,2204
2213,2204
2214,2205
2215,2207
2216,2208
2217,2208
2218,2213
2219,2210
2220,2212
2221,2212
2222,2214
2223,2215
2224,2215
2225,2216
2226,2216
2227,2220
2228,2220
2229,2219
2230,2221
2231,2222
2232,2224
2233,2225
2234,2225
2235,2228
2236,2227
2237,2228
2238,2230
2239,2230
2240,2229
2241,2232
2242,2220
2243,2233
2244,2236
2245,2236
2246,2240
2247,2230
2248,2240
2249,2241
2250,2238
2251,2242
2252,2243
2253,2246
2254,2254
2255,2246
2256,2247
2257,2246
2258,2249
2259,2249
2260,2251
2261,2252
2262,2253
2263,2255
2264,2249
2265,2257
2266,2258
2267,2258
2268,2260
2269,2262
2270,2263
2271,2262
2272,2263
2273,2264
2274,2265
2275,2264
2276,2266
2277,2271
2278,2270
2279,2271
2280,2272
2281,2273
2282,2272
2283,2274
2284,2275
2285,2278
2286,2277
2287,2278
2288,2279
2289,2280
2290,2281
2291,2282
2292,2282
2293,2284
2294,2286
2295,2287
2296,2288
2297,2289
2298,2290
2299,2287
2300,2291
2301,2292
2302,2294
2303,2293
2304,2295
2305,2297
2306,2297
2307,2300
2308,2299
2309,2300
2310,2305
2311,2302
2312,2303
2313,2305
2314,2305
2315,2307
2316,2306
2317,2308
2318,2309
2319,2310
2320,2312
2321,2312
2322,2314
2323,2314
2324,2316
2325,2317
2326,2317
2327,2319
2328,2321
2329,2320
2330,2324
2331,2322
2332,2324
2333,2325
2334,2326
2335,2328
2336,2327
2337,2328
2338,2328
2339,2330
2340,2331
2341,2332
2342,2333
2343,2335
2344,2336
2345,2334
2346,2338
2347,2338
2348,2339
2349,2327
2350,2339
2351,2343
2352,2343
2353,2345
2354,2349
2355,2347
2356,2352
2357,2348
2358,2349
2359,2351
2360,2353
2361,2357
2362,2353
2363,2354
2364,2355
2365,2357
2366,2358
2367,2357
2368,2359
2369,2360
2370,2356
2371,2362
2372,2369
2373,2364
2374,2366
2375,2367
2376,2367
2377,2367
2378,2369
2379,2371
2380,2368
2381,2370
2382,2373
2383,2375
2384,2374
2385,2375
2386,2377
2387,2378
2388,2379
2389,2380
2390,2382
2391,2383
2392,2383
2393,2384
2394,2385
2395,2387
2396,2387
2397,2390
2398,2390
2399,2389
2400,2392
2401,2392
2402,2394
2403,2393
2404,2394
2405,2397
2406,2398
2407,2397
2408,2400
2409,2401
2410,2400
2411,2402
2412,2405
2413,2404
2414,2405
2415,2407
2416,2407
2417,2403
2418,2409
2419,2409
2420,2410
2421,2411
2422,2412
2423,2414
2424,2426
2425,2416
2426,2417
2427,2417
2428,2419
2429,2422
2430,2421
2431,2421
2432,2423
2433,2424
2434,2438
2435,2425
2436,2426
2437,2428
2438,2429
2439,2430
2440,2432
2441,2431
2442,2432
2443,2433
2444,2440
2445,2435
2446,2439
2447,2438
2448,2438
2449,2438
2450,2440
2451,2442
2452,2442
2453,2442
2454,2444
2455,2446
2456,2445
2457,2448
2458,2449
2459,2449
2460,2451
2461,2451
2462,2453
2463,2454
2464,2455
2465,2455
2466,2457
2467,2457
2468,2458
2469,2441
2470,2461
2471,2463
2472,2459
2473,2463
2474,2460
2475,2465
2476,2467
2477,2468
2478,2468
2479,2461
2480,2471
2481,2469
2482,2474
2483,2474
2484,2475
2485,2476
2486,2475
2487,2477
2488,2479
2489,2479
2490,2481
2491,2481
2492,2481
2493,2483
2494,2484
2495,2484
2496,2483
2497,2490
2498,2489
2499,2489
2500,2490
2501,2491
2502,2493
2503,2492
2504,2494
2505,2486
2506,2495
2507,2498
2508,2498
2509,2497
2510,2501
2511,2502
2512,2500
2513,2504
2514,2505
2515,2503
2516,2507
2517,2507
2518,2508
2519,2509
2520,2511
2521,2510
2522,2514
2523,2512
2524,2516
2525,2530
2526,2517
2527,2509
2528,2516
2529,2521
2530,2522
2531,2521
2532,2523
2533,2525
2534,2524
2535,2524
2536,2526
2537,2527
2538,2529
2539,2521
2540,2531
2541,2532
2542,2523
2543,2534
2544,2536
2545,2537
2546,2549
2547,2538
2548,2527
2549,2539
2550,2539
2551,2541
2552,2544
2553,2543
2554,2545
2555,2546
2556,2546
2557,2547
2558,2549
2559,2549
2560,2551
2561,2550
2562,2553
2563,2554
2564,2560
2565,2555
2566,2557
2567,2557
2568,2558
2569,2559
2570,2561
2571,2560
2572,2562
2573,2562
2574,2564
2575,2565
2576,2568
2577,2567
2578,2569
2579,2569
2580,2571
2581,2569
2582,2572
2583,2570
2584,2574
2585,2575
2586,2577
2587,2577
2588,2577
2589,2577
2590,2581
2591,2581
2592,2582
2593,2583
2594,2585
2595,2586
2596,2586
2597,2589
2598,2588
2599,2589
2600,2590
2601,2590
2602,2593
2603,2593
2604,2594
2605,2595
2606,2595
2607,2596
2608,2598
2609,2600
2610,2601
2611,2601
2612,2601
2613,2602
2614,2606
2615,2606
2616,2605
2617,2608
2618,2607
2619,2609
2620,2610
2621,2611
2622,2612
2623,2612
2624,2615
2625,2615
2626,2615
2627,2617
2628,2617
2629,2624
2630,2623
2631,2622
2632,2622
2633,2622
2634,2623
2635,2626
2636,2622
2637,2627
2638,2627
2639,2629
2640,2630
2641,2631
2642,2632
2643,2634
2644,2633
2645,2637
2646,2636
2647,2637
2648,2638
2649,2639
2650,2640
2651,2640
2652,2642
2653,2643
2654,2645
2655,2644
2656,2645
2657,2647
2658,2649
2659,2649
2660,2654
2661,2650
2662,2653
2663,2652
2664,2656
2665,2660
2666,2656
2667,2658
2668,2658
2669,2659
2670,2656
2671,2662
2672,2659
2673,2657
2674,2662
2675,2664
2676,2665
2677,2667
2678,2667
2679,2671
2680,2670
2681,2670
2682,2672
2683,2671
2684,2677
2685,2676
2686,2675
2687,2676
2688,2679
2689,2678
2690,2681
2691,2680
2692,2682
2693,2684
2694,2683
2695,2686
2696,2686
2697,2687
2698,2687
2699,2688
2700,2690
2701,2690
2702,2692
2703,2689
2704,2693
2705,2694
2706,2694
2707,2698
2708,2698
2709,2699
2710,2702
2711,2701
2712,2702
2713,2702
2714,2704
2715,2704
2716,2706
2717,2708
2718,2705
2719,2707
2720,2710
2721,2711
2722,2711
2723,2712
2724,2713
2725,2713
2726,2716
2727,2716
2728,2717
2729,2718
2730,2720
2731,2720
2732,2720
2733,2723
2734,2722
2735,2724
2736,2728
2737,2727
2738,2728
2739,2727
2740,2729
2741,2729
2742,2731
2743,2732
2744,2733
2745,2734
2746,2735
2747,2736
2748,2738
2749,2740
2750,2740
2751,2738
2752,2741
2753,2740
2754,2743
2755,2744
2756,2747
2757,2746
2758,2746
2759,2747
2760,2757
2761,2752
2762,2752
2763,2753
2764,2753
2765,2751
2766,2756
2767,2753
2768,2757
2769,2758
2770,2760
2771,2761
2772,2759
2773,2760
2774,2766
2775,2764
2776,2764
2777,2766
2778,2767
2779,2769
2780,2770
2781,2770
2782,2771
2783,2772
2784,2772
2785,2775
2786,2774
2787,2776
2788,2778
2789,2779
2790,2780
2791,2785
2792,2782
2793,2782
2794,2785
2795,2784
2796,2785
2797,2784
2798,2788
2799,2790
2800,2789
2801,2790
2802,2792
2803,2793
2804,2794
2805,2797
2806,2797
2807,2798
2808,2798
2809,2799
2810,2799
2811,2801
2812,2801
2813,2803
2814,2805
2815,2805
2816,2806
2817,2805
2818,2808
2819,2822
2820,2809
2821,2811
2822,2811
2823,2813
2824,2814
2825,2815
2826,2815
2827,2817
2828,2818
2829,2818
2830,2820
2831,2819
2832,2822
2833,2823
2834,2824
2835,2824
2836,2826
2837,2826
2838,2828
2839,2829
2840,2829
2841,2830
2842,2832
2843,2832
2844,2833
2845,2834
2846,2835
2847,2837
2848,2839
2849,2837
2850,2839
2851,2840
2852,2839
2853,2843
2854,2843
2855,2844
2856,2845
2857,2847
2858,2848
2859,2849
2860,2850
2861,2851
2862,2851
2863,2852
2864,2854
2865,2856
2866,2855
2867,2856
2868,2857
2869,2860
2870,2859
2871,2860
2872,2862
2873,2860
2874,2864
2875,2863
2876,2866
2877,2865
2878,2867
2879,2868
2880,2872
2881,2870
2882,2871
2883,2871
2884,2874
2885,2874
2886,2876
2887,2876
2888,2876
2889,2879
2890,2881
2891,2880
2892,2881
2893,2882
2894,2882
2895,2884
2896,2886
2897,2894
2898,2886
2899,2888
2900,2888
2901,2889
2902,2891
2903,2892
2904,2895
2905,2893
2906,2895
2907,2897
2908,2898
2909,2898
2910,2899
2911,2900
2912,2900
2913,2902
2914,2902
2915,2903
2916,2906
2917,2906
2918,2908
2919,2907
2920,2909
2921,2912
2922,2912
2923,2913
2924,2913
2925,2914
2926,2915
2927,2917
2928,2922
2929,2917
2930,2922
2931,2920
2932,2921
2933,2922
2934,2924
2935,2925
2936,2926
2937,2926
2938,2929
2939,2926
2940,2927
2941,2930
2942,2931
2943,2932
2944,2937
2945,2934
2946,2935
2947,2935
2948,2938
2949,2940
2950,2938
2951,2941
2952,2941
2953,2944
2954,2944
2955,2943
2956,2944
2957,2946
2958,2946
2959,2948
2960,2949
2961,2949
2962,2951
2963,2951
2964,2953
2965,2954
2966,2957
2967,2956
2968,2957
2969,2956
2970,2960
2971,2959
2972,2960
2973,2965
2974,2959
2975,2965
2976,2960
2977,2967
2978,2968
2979,2967
2980,2969
2981,2969
2982,2970
2983,2972
2984,2972
2985,2974
2986,2974
2987,2976
2988,2976
2989,2978
2990,2978
2991,2980
2992,2981
2993,2983
2994,2982
2995,2986
2996,2985
2997,2976
2998,2986
2999,2985
3000,2987
3001,2990
3002,2987
3003,2992
3004,2993
3005,2992
3006,2994
3007,2998
3008,2997
3009,2994
3010,2998
3011,2998
3012,2999
3013,3001
3014,3005
3015,3005
3016,3005
3017,3008
3018,3007
3019,3009
3020,3010
3021,3012
3022,3012
3023,3010
3024,3014
3025,3015
3026,3016
3027,3015
3028,3018
3029,3018
3030,3020
3031,3021
3032,3017
3033,3023
3034,3030
3035,3024
3036,3025
3037,3025
3038,3027
3039,3026
3040,3030
3041,3031
3042,3031
3043,3033
3044,3033
3045,3034
3046,3035
3047,3037
3048,3039
3049,3038
3050,3039
3051,3040
3052,3041
3053,3041
3054,3042
3055,3043
3056,3051
3057,3049
3058,3047
3059,3049
3060,3050
3061,3050
3062,3052
3063,3057
3064,3053
3065,3056
3066,3056
3067,3057
3068,3059
3069,3058
3070,3059
3071,3061
3072,3062
3073,3062
3074,3062
3075,3062
3076,3065
3077,3067
3078,3068
3079,3069
3080,3070
3081,3071
3082,3070
3083,3073
3084,3075
3085,3075
3086,3076
3087,3075
3088,3077
3089,3080
3090,3080
3091,3081
3092,3081
3093,3081
3094,3082
3095,3083
3096,3084
3097,3085
3098,3087
3099,3086
3100,3090
3101,3089
3102,3090
3103,3096
3104,3094
3105,3095
3106,3094
3107,3096
3108,3099
3109,3099
3110,3100
3111,3101
3112,3101
3113,3102
3114,3103
3115,3104
3116,3101
3117,3109
3118,3106
3119,3109
3120,3110
3121,3111
3122,3111
3123,3112
3124,3114
3125,3115
3126,3117
3127,3114
3128,3118
3129,3121
3130,3118
3131,3120
3132,3121
3133,3122
3134,3122
3135,3123
3136,3125
3137,3125
3138,3128
3139,3127
3140,3129
3141,3129
3142,3131
3143,3131
3144,3133
3145,3135
3146,3135
3147,3135
3148,3137
3149,3138
3150,3139
3151,3140
3152,3141
3153,3142
3154,3143
3155,3145
3156,3146
3157,3151
3158,3147
3159,3146
3160,3148
3161,3150
3162,3151
3163,3152
3164,3153
3165,3154
3166,3157
3167,3156
3168,3158
3169,3159
3170,3159
3171,3159
3172,3161
3173,3161
3174,3161
3175,3164
3176,3165
3177,3166
3178,3167
3179,3177
3180,3171
3181,3168
3182,3172
3183,3172
3184,3171
3185,3172
3186,3174
3187,3176
3188,3177
3189,3179
3190,3178
3191,3176
3192,3179
3193,3180
3194,3179
3195,3183
3196,3185
3197,3187
3198,3187
3199,3187
3200,3188
3201,3190
3202,3191
3203,3191
3204,3192
3205,3193
3206,3196
3207,3193
3208,3196
3209,3197
3210,3197
3211,3197
3212,3200
3213,3205
3214,3202
3215,3204
3216,3205
3217,3205
3218,3206
3219,3207
3220,3205
3221,3209
3222,3209
3223,3212
3224,3212
3225,3214
3226,3214
3227,3215
3228,3216
3229,3217
3230,3219
3231,3220
3232,3221
3233,3220
3234,3222
3235,3226
3236,3225
3237,3225
3238,3228
3239,3227
3240,3226
3241,3229
3242,3226
3243,3232
3244,3234
3245,3233
3246,3233
3247,3234
3248,3235
3249,3242
3250,3238
3251,3239
3252,3240
3253,3240
3254,3243
3255,3243
3256,3244
3257,3246
3258,3246
3259,3238
3260,3248
3261,3249
3262,3251
3263,3251
3264,3251
3265,3254
3266,3255
3267,3257
3268,3257
3269,3258
3270,3259
3271,3272
3272,3262
3273,3259
3274,3262
3275,3248
3276,3264
3277,3267
3278,3261
3279,3267
3280,3268
3281,3269
3282,3271
3283,3274
3284,3272
3285,3274
3286,3273
3287,3275
3288,3275
3289,3278
3290,3286
3291,3279
3292,3280
3293,3281
3294,3281
3295,3283
3296,3284
3297,3285
3298,3285
3299,3288
3300,3289
3301,3292
3302,3290
3303,3289
3304,3293
3305,3293
3306,3295
3307,3295
3308,3296
3309,3296
3310,3298
3311,3299
3312,3301
3313,3301
3314,3301
3315,3304
3316,3304
3317,3305
3318,3309
3319,3307
3320,3307
3321,3309
3322,3311
3323,3312
3324,3315
3325,3313
3326,3313
3327,3315
3328,3316
3329,3317
3330,3319
3331,3320
3332,3321
3333,3320
3334,3323
3335,3324
3336,3324
3337,3324
3338,3326
3339,3327
3340,3326
3341,3329
3342,3348
3343,3330
3344,3332
3345,3334
3346,3334
3347,3334
3348,3336
3349,3341
3350,3338
3351,3338
3352,3339
3353,3341
3354,3342
3355,3344
3356,3333
3357,3344
3358,3346
3359,3347
3360,3348
3361,3349
3362,3351
3363,3352
3364,3352
3365,3353
3366,3357
3367,3355
3368,3356
3369,3357
3370,3359
3371,3361
3372,3360
3373,3354
3374,3360
3375,3362
3376,3365
3377,3366
3378,3371
3379,3367
3380,3368
3381,3369
3382,3373
3383,3373
3384,3371
3385,3373
3386,3373
3387,3373
3388,3375
3389,3377
3390,3380
3391,3379
3392,3381
3393,3375
3394,3382
3395,3382
3396,3384
3397,3384
3398,3386
3399,3388
3400,3386
3401,3389
3402,3390
3403,3390
3404,3393
3405,3393
3406,3394
3407,3395
3408,3396
3409,3397
3410,3398
3411,3400
3412,3401
3413,3401
3414,3401
3415,3402
3416,3405
3417,3405
3418,3407
3419,3409
3420,3408
3421,3408
3422,3410
3423,3411
3424,3412
3425,3415
3426,3413
3427,3414
3428,3415
3429,3420
3430,3415
3431,3419
3432,3424
3433,3420
3434,3423
3435,3423
3436,3424
3437,3425
3438,3427
3439,3427
3440,3427
3441,3427
3442,3429
3443,3431
3444,3422
3445,3434
3446,3434
3447,3434
3448,3437
3449,3437
3450,3437
3451,3444
3452,3439
3453,3441
3454,3442
3455,3442
3456,3441
3457,3445
3458,3445
3459,3447
3460,3449
3461,3451
3462,3450
3463,3452
3464,3451
3465,3452
3466,3454
3467,3455
3468,3451
3469,3457
3470,3457
3471,3458
3472,3458
3473,3464
3474,3461
3475,3464
3476,3463
3477,3465
3478,3466
3479,3466
3480,3468
3481,3468
3482,3470
3483,3470
3484,3471
3485,3473
3486,3474
3487,3475
3488,3475
3489,3477
3490,3477
3491,3478
3492,3479
3493,3480
3494,3481
3495,3482
3496,3480
3497,3485
3498,3485
3499,3487
3500,3487
3501,3488
3502,3490
3503,3490
3504,3492
3505,3493
3506,3494
3507,3494
3508,3493
3509,3497
3510,3497
3511,3497
3512,3500
3513,3505
3514,3502
3515,3505
3516,3504
3517,3505
3518,3505
3519,3508
3520,3508
3521,3509
3522,3500
3523,3510
3524,3512
3525,3513
3526,3514
3527,3513
3528,3518
3529,3530
3530,3517
3531,3519
3532,3517
3533,3521
3534,3521
3535,3520
3536,3523
3537,3524
3538,3526
3539,3527
3540,3528
3541,3527
3542,3530
3543,3530
3544,3532
3545,3533
3546,3536
3547,3535
3548,3537
3549,3537
3550,3538
3551,3540
3552,3540
3553,3550
3554,3539
3555,3545
3556,3543
3557,3544
3558,3551
3559,3546
3560,3538
3561,3548
3562,3547
3563,3550
3564,3551
3565,3551
3566,3554
3567,3553
3568,3557
3569,3559
3570,3557
3571,3559
3572,3558
3573,3560
3574,3561
3575,3560
3576,3564
3577,3565
3578,3565
3579,3567
3580,3566
3581,3567
3582,3569
3583,3571
3584,3570
3585,3572
3586,3572
3587,3573
3588,3575
3589,3576
3590,3579
3591,3579
3592,3580
3593,3580
3594,3581
3595,3582
3596,3583
3597,3584
3598,3586
3599,3585
3600,3587
3601,3589
3602,3590
3603,3590
3604,3591
3605,3595
3606,3595
3607,3595
3608,3594
3609,3596
3610,3598
3611,3597
3612,3599
3613,3601
3614,3601
3615,3601
3616,3602
3617,3604
3618,3605
3619,3604
3620,3606
3621,3608
3622,3614
3623,3609
3624,3613
3625,3610
3626,3613
3627,3613
3628,3615
3629,3615
3630,3618
3631,3619
3632,3619
3633,3620
3634,3621
3635,3622
3636,3623
3637,3625
3638,3626
3639,3625
3640,3626
3641,3627
3642,3629
3643,3635
3644,3632
3645,3632
3646,3631
3647,3633
3648,3635
3649,3638
3650,3635
3651,3640
3652,3638
3653,3655
3654,3641
3655,3643
3656,3642
3657,3644
3658,3643
3659,3646
3660,3650
3661,3648
3662,3650
3663,3651
3664,3650
3665,3651
3666,3653
3667,3652
3668,3654
3669,3655
3670,3656
3671,3657
3672,3657
3673,3659
3674,3651
3675,3661
3676,3662
3677,3663
3678,3663
3679,3665
3680,3666
3681,3670
3682,3668
3683,3668
3684,3671
3685,3673
3686,3671
3687,3674
3688,3675
3689,3676
3690,3677
3691,3677
3692,3678
3693,3679
3694,3679
3695,3679
3696,3685
3697,3682
3698,3684
3699,3686
3700,3686
3701,3688
3702,3688
3703,3683
3704,3691
3705,3691
3706,3693
3707,3696
3708,3694
3709,3695
3710,3696
3711,3698
3712,3698
3713,3699
3714,3701
3715,3699
3716,3702
3717,3704
3718,3705
3719,3706
3720,3706
3721,3708
3722,3710
3723,3710
3724,3711
3725,3711
3726,3713
3727,3713
3728,3713
3729,3715
3730,3715
3731,3716
3732,3717
3733,3719
3734,3725
3735,3721
3736,3720
3737,3723
3738,3724
3739,3725
3740,3727
3741,3725
3742,3729
3743,3728
3744,3730
3745,3730
3746,3731
3747,3735
3748,3733
3749,3735
3750,3736
3751,3737
3752,3738
3753,3739
3754,3740
3755,3743
3756,3741
3757,3743
3758,3745
3759,3745
3760,3746
3761,3747
3762,3748
3763,3748
3764,3750
3765,3751
3766,3751
3767,3753
3768,3752
3769,3755
3770,3757
3771,3759
3772,3772
3773,3760
3774,3760
3775,3761
3776,3762
3777,3763
3778,3764
3779,3765
3780,3766
3781,3767
3782,3767
3783,3770
3784,3771
3785,3771
3786,3772
3787,3772
3788,3773
3789,3775
3790,3777
3791,3776
3792,3777
3793,3780
3794,3780
3795,3782
3796,3781
3797,3784
3798,3784
3799,3785
3800,3784
3801,3788
3802,3787
3803,3788
3804,3791
3805,3790
3806,3792
3807,3789
3808,3795
3809,3795
3810,3796
3811,3797
3812,3797
3813,3800
3814,3799
3815,3802
3816,3802
3817,3804
3818,3804
3819,3804
3820,3805
3821,3813
3822,3808
3823,3809
3824,3809
3825,3810
3826,3809
3827,3812
3828,3819
3829,3814
3830,3816
3831,3811
3832,3818
3833,3821
3834,3820
3835,3821
3836,3822
3837,3824
3838,3824
3839,3825
3840,3825
3841,3827
3842,3828
3843,3833
3844,3830
3845,3831
3846,3831
3847,3833
3848,3833
3849,3835
3850,3836
3851,3838
3852,3837
3853,3838
3854,3840
3855,3833
3856,3844
3857,3845
3858,3844
3859,3845
3860,3848
3861,3847
3862,3848
3863,3849
3864,3849
3865,3850
3866,3853
3867,3857
3868,3854
3869,3855
3870,3855
3871,3856
3872,3857
3873,3859
3874,3859
3875,3860
3876,3863
3877,3863
3878,3863
3879,3864
3880,3866
3881,3867
3882,3868
3883,3869
3884,3870
3885,3870
3886,3872
3887,3872
3888,3872
3889,3875
3890,3876
3891,3877
3892,3878
3893,3877
3894,3880
3895,3881
3896,3882
3897,3882
3898,3885
3899,3885
3900,3884
3901,3887
3902,3889
3903,3889
3904,3891
3905,3889
3906,3890
3907,3893
3908,3895
3909,3895
3910,3896
3911,3896
3912,3899
3913,3899
3914,3900
3915,3900
3916,3900
3917,3902
3918,3904
3919,3905
3920,3905
3921,3906
3922,3907
3923,3911
3924,3910
3925,3910
3926,3911
3927,3913
3928,3913
3929,3915
3930,3912
3931,3917
3932,3917
3933,3918
3934,3921
3935,3920
3936,3921
3937,3921
3938,3923
3939,3925
3940,3926
3941,3927
3942,3925
3943,3929
3944,3929
3945,3931
3946,3932
3947,3934
3948,3933
3949,3926
3950,3935
3951,3936
3952,3938
3953,3940
3954,3939
3955,3941
3956,3942
3957,3940
3958,3944
3959,3944
3960,3944
3961,3944
3962,3947
3963,3948
3964,3949
3965,3950
3966,3952
3967,3952
3968,3954
3969,3955
3970,3957
3971,3957
3972,3958
3973,3956
3974,3959
3975,3960
3976,3961
3977,3961
3978,3963
3979,3971
3980,3966
3981,3969
3982,3966
3983,3966
3984,3960
3985,3968
3986,3972
3987,3972
3988,3973
3989,3974
3990,3976
3991,3975
3992,3977
3993,3976
3994,3979
3995,3980
3996,3982
3997,3984
3998,3984
3999,3982
4000,3985
4001,3988
4002,3988
4003,3988
4004,3989
4005,3990
4006,3990
4007,3992
4008,3992
4009,3993
4010,3996
4011,3995
4012,3996
4013,3998
4014,4000
4015,3998
4016,4001
4017,4002
4018,4003
4019,4004
4020,4007
4021,4007
4022,4008
4023,4009
4024,4008
4025,4012
4026,4011
4027,4017
4028,4013
4029,4015
4030,4016
4031,4016
4032,4017
4033,4019
4034,4020
4035,4020
4036,4022
4037,4023
4038,4024
4039,4025
4040,4029
4041,4027
4042,4026
4043,4029
4044,4030
4045,4031
4046,4031
4047,4032
4048,4034
4049,4035
4050,4036
4051,4037
4052,4037
4053,4039
4054,4040
4055,4041
4056,4041
4057,4042
4058,4045
4059,4049
4060,4046
4061,4047
4062,4047
4063,4050
4064,4050
4065,4049
4066,4051
4067,4053
4068,4053
4069,4055
4070,4055
4071,4056
4072,4057
4073,4058
4074,4059
4075,4061
4076,4062
4077,4062
4078,4062
4079,4065
4080,4048
4081,4066
4082,4068
4083,4067
4084,4070
4085,4071
4086,4071
4087,4072
4088,4067
4089,4075
4090,4075
4091,4075
4092,4077
4093,4074
4094,4076
4095,4077