0,5
1,5
2,4
3,4
4,9
5,6
6,5
7,4
8,7
9,12
10,9
11,11
12,11
13,11
14,12
15,13
16,14
17,16
18,17
19,17
20,19
21,21
22,15
23,22
24,22
25,22
26,25
27,28
28,28
29,28
30,28
31,30
32,31
33,31
34,32
35,31
36,35
37,36
38,36
39,37
40,38
41,40
42,41
43,42
44,43
45,43
46,45
47,45
48,47
49,47
50,51
51,50
52,51
53,52
54,52
55,57
56,55
57,56
58,56
59,58
60,60
61,60
62,61
63,61
64,63
65,76
66,66
67,66
68,69
69,68
70,81
71,70
72,71
73,71
74,73
75,73
76,74
77,76
78,76
79,78
80,78
81,80
82,81
83,82
84,82
85,84
86,81
87,85
88,87
89,88
90,88
91,90
92,90
93,90
94,91
95,95
96,95
97,95
98,95
99,98
100,100
101,100
102,100
103,102
104,102
105,103
106,104
107,105
108,103
109,107
110,108
111,109
112,110
113,111
114,112
115,109
116,114
117,115
118,118
119,118
120,119
121,119
122,121
123,120
124,123
125,109
126,125
127,125
128,126
129,128
130,132
131,129
132,130
133,130
134,133
135,133
136,135
137,136
138,137
139,138
140,130
141,140
142,140
143,141
144,143
145,144
146,144
147,145
148,147
149,148
150,149
151,150
152,150
153,151
154,152
155,154
156,154
157,154
158,156
159,157
160,162
161,159
162,160
163,161
164,162
165,157
166,164
167,165
168,165
169,166
170,166
171,168
172,171
173,171
174,172
175,175
176,176
177,175
178,176
179,178
180,179
181,180
182,181
183,181
184,186
185,184
186,184
187,184
188,186
189,186
190,188
191,189
192,189
193,192
194,191
195,194
196,171
197,195
198,196
199,196
200,199
201,201
202,199
203,199
204,201
205,204
206,204
207,204
208,207
209,207
210,209
211,209
212,211
213,211
214,211
215,212
216,214
217,215
218,213
219,216
220,218
221,220
222,219
223,220
224,221
225,223
226,224
227,225
228,225
229,227
230,227
231,229
232,230
233,227
234,232
235,235
236,234
237,234
238,235
239,236
240,238
241,240
242,240
243,242
244,242
245,242
246,244
247,245
248,246
249,247
250,248
251,249
252,249
253,250
254,253
255,256
256,255
257,257
258,256
259,257
260,257
261,259
262,256
263,263
264,262
265,266
266,263
267,266
268,266
269,266
270,268
271,270
272,269
273,271
274,274
275,273
276,273
277,275
278,276
279,276
280,277
281,279
282,279
283,281
284,283
285,283
286,285
287,286
288,286
289,285
290,288
291,284
292,289
293,292
294,298
295,294
296,294
297,295
298,296
299,313
300,297
301,299
302,299
303,301
304,304
305,303
306,304
307,305
308,306
309,306
310,307
311,308
312,309
313,311
314,312
315,313
316,314
317,315
318,317
319,318
320,318
321,318
322,320
323,321
324,321
325,323
326,324
327,326
328,325
329,326
330,327
331,342
332,334
333,330
334,332
335,333
336,333
337,336
338,335
339,335
340,337
341,337
342,340
343,327
344,341
345,343
346,343
347,345
348,345
349,347
350,347
351,348
352,351
353,346
354,351
355,352
356,353
357,356
358,360
359,356
360,357
361,359
362,359
363,360
364,366
365,363
366,361
367,364
368,367
369,367
370,368
371,369
372,370
373,371
374,369
375,373
376,373
377,374
378,375
379,377
380,378
381,380
382,380
383,380
384,381
385,383
386,384
387,384
388,385
389,387
390,390
391,389
392,389
393,389
394,392
395,393
396,394
397,392
398,395
399,397
400,397
401,398
402,400
403,402
404,402
405,403
406,404
407,406
408,405
409,406
410,407
411,410
412,405
413,411
414,411
415,412
416,413
417,414
418,416
419,417
420,417
421,417
422,426
423,419
424,422
425,422
426,424
427,430
428,425
429,426
430,427
431,428
432,430
433,429
434,432
435,432
436,433
437,432
438,437
439,437
440,437
441,437
442,439
443,440
444,441
445,443
446,443
447,444
448,444
449,446
450,446
451,449
452,448
453,449
454,452
455,453
456,454
457,453
458,454
459,455
460,455
461,459
462,460
463,461
464,460
465,462
466,463
467,453
468,465
469,465
470,467
471,468
472,469
473,469
474,471
475,472
476,472
477,473
478,476
479,476
480,477
481,478
482,477
483,480
484,476
485,483
486,484
487,484
488,485
489,487
490,486
491,488
492,487
493,490
494,492
495,493
496,493
497,491
498,495
499,496
500,496
501,505
502,495
503,502
504,497
505,502
506,502
507,502
508,504
509,513
510,507
511,507
512,509
513,509
514,510
515,512
516,513
517,514
518,516
519,517
520,518
521,518
522,518
523,520
524,524
525,522
526,523
527,523
528,526
529,533
530,528
531,529
532,528
533,529
534,531
535,531
536,532
537,533
538,534
539,536
540,535
541,538
542,538
543,539
544,537
545,542
546,543
547,544
548,545
549,545
550,547
551,547
552,548
553,549
554,557
555,552
556,555
557,552
558,554
559,556
560,558
561,558
562,558
563,561
564,553
565,563
566,562
567,562
568,563
569,564
570,566
571,568
572,568
573,570
574,571
575,572
576,572
577,575
578,576
579,576
580,577
581,578
582,578
583,576
584,581
585,584
586,582
587,583
588,585
589,587
590,586
591,587
592,589
593,589
594,592
595,591
596,592
597,592
598,593
599,595
600,599
601,597
602,599
603,598
604,599
605,602
606,604
607,604
608,605
609,605
610,604
611,609
612,609
613,608
614,611
615,609
616,613
617,615
618,613
619,616
620,617
621,618
622,620
623,619
624,621
625,619
626,624
627,621
628,624
629,625
630,627
631,627
632,628
633,629
634,631
635,631
636,634
637,632
638,634
639,635
640,638
641,639
642,638
643,638
644,641
645,645
646,643
647,646
648,643
649,645
650,620
651,648
652,647
653,649
654,653
655,653
656,652
657,653
658,656
659,655
660,656
661,657
662,658
663,658
664,660
665,661
666,661
667,662
668,663
669,665
670,666
671,667
672,668
673,669
674,671
675,671
676,672
677,672
678,674
679,675
680,678
681,678
682,678
683,679
684,680
685,681
686,681
687,683
688,685
689,685
690,685
691,687
692,690
693,689
694,693
695,692
696,692
697,693
698,694
699,694
700,696
701,697
702,697
703,699
704,689
705,701
706,700
707,702
708,704
709,705
710,706
711,705
712,707
713,706
714,709
715,710
716,712
717,711
718,714
719,713
720,716
721,716
722,717
723,718
724,721
725,721
726,721
727,724
728,724
729,725
730,726
731,736
732,730
733,728
734,730
735,731
736,731
737,735
738,732
739,735
740,736
741,736
742,739
743,739
744,739
745,739
746,740
747,742
748,743
749,744
750,747
751,756
752,748
753,748
754,748
755,751
756,754
757,754
758,753
759,749
760,756
761,756
762,757
763,760
764,760
765,761
766,766
767,762
768,764
769,766
770,766
771,767
772,768
773,771
774,769
775,772
776,772
777,773
778,774
779,774
780,780
781,777
782,778
783,779
784,780
785,784
786,782
787,783
788,784
789,784
790,790
791,787
792,780
793,788
794,789
795,791
796,793
797,794
798,793
799,796
800,800
801,798
802,797
803,798
804,801
805,790
806,801
807,803
808,804
809,805
810,808
811,807
812,807
813,810
814,809
815,811
816,812
817,813
818,812
819,815
820,817
821,817
822,818
823,817
824,819
825,820
826,821
827,822
828,824
829,825
830,827
831,826
832,828
833,829
834,830
835,830
836,830
837,833
838,832
839,835
840,834
841,838
842,837
843,838
844,840
845,841
846,842
847,842
848,844
849,844
850,845
851,847
852,848
853,849
854,850
855,849
856,852
857,853
858,853
859,855
860,854
861,860
862,854
863,859
864,862
865,860
866,862
867,863
868,863
869,864
870,866
871,868
872,867
873,868
874,870
875,870
876,871
877,873
878,874
879,875
880,875
881,878
882,878
883,877
884,882
885,880
886,879
887,883
888,883
889,886
890,884
891,884
892,887
893,888
894,889
895,891
896,891
897,893
898,893
899,895
900,895
901,896
902,898
903,899
904,900
905,902
906,901
907,903
908,902
909,905
910,905
911,906
912,907
913,909
914,910
915,911
916,910
917,912
918,913
919,915
920,916
921,915
922,917
923,918
924,921
925,920
926,921
927,922
928,923
929,925
930,926
931,925
932,928
933,933
934,930
935,929
936,932
937,933
938,931
939,934
940,935
941,937
942,937
943,936
944,939
945,943
946,941
947,942
948,931
949,945
950,946
951,946
952,947
953,948
954,948
955,944
956,950
957,953
958,952
959,955
960,959
961,956
962,955
963,959
964,960
965,961
966,963
967,963
968,963
969,964
970,964
971,965
972,967
973,969
974,969
975,971
976,972
977,971
978,972
979,941
980,975
981,976
982,976
983,978
984,981
985,980
986,981
987,981
988,984
989,997
990,985
991,986
992,985
993,988
994,992
995,990
996,991
997,991
998,992
999,995
1000,995
1001,1002
1002,997
1003,998
1004,998
1005,1003
1006,1002
1007,1000
1008,1003
1009,1005
1010,1006
1011,997
1012,1008
1013,1010
1014,1008
1015,1011
1016,1013
1017,1013
1018,1015
1019,1014
1020,1016
1021,1014
1022,1017
1023,1018
1024,1021
1025,1021
1026,1022
1027,1022
1028,1023
1029,1026
1030,1016
1031,1027
1032,1028
1033,1030
1034,1030
1035,1030
1036,1033
1037,1033
1038,1031
1039,1035
1040,1040
1041,1036
1042,1042
1043,1039
1044,1041
1045,1040
1046,1042
1047,1044
1048,1044
1049,1044
1050,1045
1051,1047
1052,1049
1053,1050
1054,1049
1055,1050
1056,1052
1057,1053
1058,1054
1059,1056
1060,1056
1061,1058
1062,1057
1063,1059
1064,1058
1065,1061
1066,1062
1067,1063
1068,1061
1069,1065
1070,1063
1071,1067
1072,1068
1073,1071
1074,1070
1075,1071
1076,1071
1077,1072
1078,1078
1079,1073
1080,1076
1081,1077
1082,1077
1083,1076
1084,1080
1085,1085
1086,1081
1087,1082
1088,1084
1089,1084
1090,1084
1091,1086
1092,1087
1093,1088
1094,1090
1095,1090
1096,1090
1097,1083
1098,1094
1099,1093
1100,1095
1101,1097
1102,1097
1103,1099
1104,1099
1105,1101
1106,1101
1107,1104
1108,1105
1109,1112
1110,1105
1111,1108
1112,1106
1113,1109
1114,1102
1115,1109
1116,1111
1117,1112
1118,1115
1119,1113
1120,1115
1121,1116
1122,1116
1123,1119
1124,1121
1125,1120
1126,1119
1127,1123
1128,1124
1129,1124
1130,1126
1131,1128
1132,1128
1133,1128
1134,1127
1135,1129
1136,1130
1137,1135
1138,1134
1139,1135
1140,1136
1141,1136
1142,1137
1143,1138
1144,1139
1145,1141
1146,1145
1147,1142
1148,1143
1149,1144
1150,1145
1151,1145
1152,1147
1153,1148
1154,1149
1155,1148
1156,1151
1157,1151
1158,1154
1159,1154
1160,1154
1161,1156
1162,1157
1163,1163
1164,1158
1165,1162
1166,1164
1167,1163
1168,1164
1169,1163
1170,1165
1171,1167
1172,1168
1173,1162
1174,1169
1175,1171
1176,1169
1177,1172
1178,1172
1179,1176
1180,1175
1181,1177
1182,1178
1183,1178
1184,1178
1185,1181
1186,1184
1187,1182
1188,1183
1189,1184
1190,1186
1191,1186
1192,1188
1193,1186
1194,1188
1195,1189
1196,1192
1197,1191
1198,1194
1199,1194
1200,1195
1201,1197
1202,1201
1203,1199
1204,1205
1205,1201
1206,1201
1207,1202
1208,1202
1209,1203
1210,1206
1211,1206
1212,1206
1213,1208
1214,1208
1215,1211
1216,1212
1217,1212
1218,1213
1219,1215
1220,1216
1221,1214
1222,1217
1223,1219
1224,1218
1225,1221
1226,1220
1227,1222
1228,1222
1229,1217
1230,1224
1231,1230
1232,1228
1233,1228
1234,1229
1235,1230
1236,1232
1237,1232
1238,1232
1239,1235
1240,1236
1241,1236
1242,1238
1243,1236
1244,1238
1245,1240
1246,1242
1247,1243
1248,1238
1249,1245
1250,1246
1251,1247
1252,1247
1253,1248
1254,1249
1255,1250
1256,1251
1257,1253
1258,1252
1259,1254
1260,1256
1261,1256
1262,1258
1263,1258
1264,1256
1265,1261
1266,1250
1267,1263
1268,1263
1269,1263
1270,1265
1271,1266
1272,1267
1273,1261
1274,1269
1275,1270
1276,1270
1277,1272
1278,1273
1279,1273
1280,1271
1281,1276
1282,1278
1283,1278
1284,1279
1285,1280
1286,1282
1287,1282
1288,1281
1289,1284
1290,1285
1291,1287
1292,1287
1293,1287
1294,1292
1295,1290
1296,1292
1297,1292
1298,1292
1299,1294
1300,1295
1301,1295
1302,1289
1303,1297
1304,1299
1305,1301
1306,1301
1307,1302
1308,1301
1309,1305
1310,1304
1311,1308
1312,1307
1313,1309
1314,1308
1315,1310
1316,1310
1317,1313
1318,1315
1319,1313
1320,1315
1321,1314
1322,1317
1323,1315
1324,1319
1325,1320
1326,1319
1327,1322
1328,1324
1329,1323
1330,1325
1331,1325
1332,1327
1333,1328
1334,1329
1335,1328
1336,1332
1337,1331
1338,1334
1339,1334
1340,1337
1341,1333
1342,1337
1343,1339
1344,1339
1345,1340
1346,1341
1347,1342
1348,1343
1349,1344
1350,1345
1351,1345
1352,1346
1353,1350
1354,1347
1355,1351
1356,1351
1357,1353
1358,1353
1359,1352
1360,1357
1361,1356
1362,1357
1363,1359
1364,1359
1365,1360
1366,1357
1367,1361
1368,1362
1369,1362
1370,1364
1371,1364
1372,1367
1373,1388
1374,1368
1375,1370
1376,1372
1377,1372
1378,1371
1379,1375
1380,1368
1381,1376
1382,1376
1383,1377
1384,1377
1385,1380
1386,1379
1387,1373
1388,1383
1389,1384
1390,1383
1391,1384
1392,1379
1393,1388
1394,1390
1395,1390
1396,1389
1397,1391
1398,1393
1399,1395
1400,1394
1401,1396
1402,1398
1403,1397
1404,1399
1405,1402
1406,1401
1407,1401
1408,1403
1409,1402
1410,1403
1411,1413
1412,1411
1413,1407
1414,1408
1415,1410
1416,1410
1417,1412
1418,1409
1419,1414
1420,1414
1421,1417
1422,1416
1423,1417
1424,1418
1425,1418
1426,1415
1427,1421
1428,1429
1429,1423
1430,1425
1431,1426
1432,1427
1433,1428
1434,1428
1435,1430
1436,1430
1437,1430
1438,1431
1439,1433
1440,1434
1441,1436
1442,1437
1443,1437
1444,1438
1445,1439
1446,1440
1447,1442
1448,1442
1449,1443
1450,1446
1451,1446
1452,1446
1453,1446
1454,1448
1455,1449
1456,1450
1457,1450
1458,1453
1459,1453
1460,1453
1461,1454
1462,1455
1463,1455
1464,1459
1465,1459
1466,1460
1467,1460
1468,1462
1469,1464
1470,1456
1471,1466
1472,1466
1473,1466
1474,1468
1475,1469
1476,1470
1477,1471
1478,1472
1479,1472
1480,1477
1481,1474
1482,1478
1483,1476
1484,1479
1485,1478
1486,1480
1487,1479
1488,1481
1489,1483
1490,1483
1491,1485
1492,1487
1493,1487
1494,1486
1495,1489
1496,1494
1497,1490
1498,1492
1499,1493
1500,1493
1501,1495
1502,1496
1503,1497
1504,1495
1505,1498
1506,1501
1507,1501
1508,1516
1509,1503
1510,1503
1511,1505
1512,1507
1513,1511
1514,1507
1515,1509
1516,1509
1517,1511
1518,1511
1519,1512
1520,1514
1521,1515
1522,1516
1523,1516
1524,1520
1525,1517
1526,1519
1527,1521
1528,1521
1529,1523
1530,1524
1531,1524
1532,1525
1533,1526
1534,1528
1535,1529
1536,1530
1537,1531
1538,1532
1539,1533
1540,1533
1541,1535
1542,1535
1543,1536
1544,1535
1545,1538
1546,1540
1547,1542
1548,1542
1549,1542
1550,1543
1551,1559
1552,1546
1553,1547
1554,1548
1555,1550
1556,1548
1557,1549
1558,1553
1559,1552
1560,1554
1561,1554
1562,1558
1563,1557
1564,1558
1565,1559
1566,1563
1567,1561
1568,1563
1569,1562
1570,1564
1571,1564
1572,1567
1573,1567
1574,1568
1575,1570
1576,1569
1577,1571
1578,1570
1579,1573
1580,1575
1581,1573
1582,1574
1583,1577
1584,1577
1585,1580
1586,1579
1587,1582
1588,1583
1589,1582
1590,1582
1591,1583
1592,1586
1593,1586
1594,1586
1595,1588
1596,1590
1597,1591
1598,1591
1599,1593
1600,1593
1601,1597
1602,1599
1603,1595
1604,1596
1605,1598
1606,1601
1607,1600
1608,1603
1609,1603
1610,1603
1611,1606
1612,1605
1613,1607
1614,1607
1615,1609
1616,1609
1617,1612
1618,1611
1619,1611
1620,1614
1621,1615
1622,1616
1623,1616
1624,1617
1625,1620
1626,1623
1627,1620
1628,1622
1629,1621
1630,1624
1631,1622
1632,1623
1633,1626
1634,1627
1635,1629
1636,1629
1637,1630
1638,1631
1639,1633
1640,1633
1641,1635
1642,1636
1643,1637
1644,1638
1645,1638
1646,1640
1647,1641
1648,1642
1649,1642
1650,1644
1651,1643
1652,1645
1653,1648
1654,1648
1655,1648
1656,1649
1657,1650
1658,1651
1659,1652
1660,1654
1661,1649
1662,1657
1663,1656
1664,1656
1665,1659
1666,1660
1667,1660
1668,1662
1669,1662
1670,1660
1671,1663
1672,1664
1673,1671
1674,1669
1675,1669
1676,1671
1677,1670
1678,1669
1679,1672
1680,1671
1681,1675
1682,1675
1683,1676
1684,1678
1685,1678
1686,1679
1687,1681
1688,1683
1689,1681
1690,1683
1691,1682
1692,1689
1693,1688
1694,1687
1695,1688
1696,1690
1697,1689
1698,1691
1699,1692
1700,1691
1701,1693
1702,1706
1703,1694
1704,1697
1705,1696
1706,1699
1707,1698
1708,1701
1709,1702
1710,1702
1711,1703
1712,1705
1713,1707
1714,1705
1715,1708
1716,1709
1717,1710
1718,1718
1719,1711
1720,1714
1721,1714
1722,1715
1723,1716
1724,1715
1725,1718
1726,1719
1727,1720
1728,1721
1729,1722
1730,1723
1731,1724
1732,1725
1733,1726
1734,1739
1735,1727
1736,1729
1737,1727
1738,1731
1739,1733
1740,1733
1741,1732
1742,1735
1743,1735
1744,1737
1745,1738
1746,1739
1747,1736
1748,1740
1749,1741
1750,1743
1751,1745
1752,1745
1753,1745
1754,1747
1755,1747
1756,1748
1757,1750
1758,1741
1759,1751
1760,1754
1761,1754
1762,1755
1763,1762
1764,1758
1765,1755
1766,1760
1767,1761
1768,1753
1769,1763
1770,1762
1771,1764
1772,1765
1773,1765
1774,1767
1775,1768
1776,1768
1777,1769
1778,1771
1779,1771
1780,1772
1781,1776
1782,1777
1783,1776
1784,1779
1785,1778
1786,1780
1787,1779
1788,1782
1789,1781
1790,1782
1791,1784
1792,1785
1793,1786
1794,1792
1795,1788
1796,1792
1797,1788
1798,1792
1799,1790
1800,1794
1801,1794
1802,1796
1803,1797
1804,1796
1805,1797
1806,1798
1807,1800
1808,1802
1809,1802
1810,1801
1811,1806
1812,1806
1813,1804
1814,1807
1815,1814
1816,1809
1817,1811
1818,1810
1819,1813
1820,1814
1821,1814
1822,1815
1823,1817
1824,1817
1825,1817
1826,1819
1827,1820
1828,1820
1829,1822
1830,1822
1831,1824
1832,1824
1833,1828
1834,1829
1835,1828
1836,1828
1837,1830
1838,1834
1839,1832
1840,1832
1841,1833
1842,1836
1843,1836
1844,1837
1845,1837
1846,1840
1847,1840
1848,1840
1849,1842
1850,1844
1851,1845
1852,1845
1853,1846
1854,1847
1855,1847
1856,1847
1857,1849
1858,1850
1859,1852
1860,1852
1861,1854
1862,1855
1863,1855
1864,1856
1865,1861
1866,1859
1867,1861
1868,1864
1869,1862
1870,1861
1871,1864
1872,1865
1873,1867
1874,1867
1875,1870
1876,1869
1877,1871
1878,1870
1879,1871
1880,1875
1881,1874
1882,1872
1883,1874
1884,1877
1885,1873
1886,1879
1887,1879
1888,1881
1889,1881
1890,1881
1891,1885
1892,1884
1893,1886
1894,1889
1895,1887
1896,1889
1897,1890
1898,1892
1899,1895
1900,1894
1901,1892
1902,1895
1903,1894
1904,1896
1905,1898
1906,1896
1907,1901
1908,1916
1909,1902
1910,1903
1911,1904
1912,1903
1913,1907
1914,1906
1915,1907
1916,1908
1917,1911
1918,1912
1919,1911
1920,1913
1921,1913
1922,1913
1923,1917
1924,1915
1925,1917
1926,1919
1927,1916
1928,1924
1929,1922
1930,1922
1931,1924
1932,1924
1933,1926
1934,1927
1935,1928
1936,1930
1937,1930
1938,1930
1939,1932
1940,1931
1941,1934
1942,1935
1943,1935
1944,1936
1945,1938
1946,1938
1947,1939
1948,1942
1949,1941
1950,1941
1951,1944
1952,1943
1953,1945
1954,1946
1955,1948
1956,1949
1957,1949
1958,1951
1959,1952
1960,1953
1961,1955
1962,1956
1963,1955
1964,1957
1965,1957
1966,1958
1967,1961
1968,1962
1969,1961
1970,1965
1971,1965
1972,1964
1973,1967
1974,1964
1975,1962
1976,1969
1977,1970
1978,1971
1979,1970
1980,1971
1981,1973
1982,1974
1983,1974
1984,1976
1985,1976
1986,1978
1987,1986
1988,1979
1989,1981
1990,1984
1991,1983
1992,1984
1993,1985
1994,1987
1995,1988
1996,1989
1997,1990
1998,1990
1999,1992
2000,2027
2001,1993
2002,1991
2003,1996
2004,1997
2005,1996
2006,1997
2007,1999
2008,2001
2009,2015
2010,2002
2011,2002
2012,1998
2013,2004
2014,2006
2015,2008
2016,2009
2017,2009
2018,2010
2019,2012
2020,2010
2021,2012
2022,2016
2023,2021
2024,2016
2025,2018
2026,2018
2027,2019
2028,2016
2029,2023
2030,2024
2031,2023
2032,2024
2033,2025
2034,2027
2035,2033
2036,2027
2037,2030
2038,1998
2039,2032
2040,2031
2041,2032
2042,2034
2043,2035
2044,2037
2045,2038
2046,2037
2047,2036
2048,2040
2049,2041
2050,2042
2051,2043
2052,2044
2053,2045
2054,2048
2055,2047
2056,2046
2057,2049
2058,2050
2059,2051
2060,2052
2061,2054
2062,2051
2063,2055
2064,2057
2065,2058
2066,2059
2067,2060
2068,2061
2069,2060
2070,2063
2071,2063
2072,2063
2073,2064
2074,2067
2075,2066
2076,2065
2077,2069
2078,2068
2079,2071
2080,2073
2081,2074
2082,2074
2083,2071
2084,2078
2085,2076
2086,2078
2087,2080
2088,2086
2089,2082
2090,2081
2091,2081
2092,2083
2093,2087
2094,2085
2095,2089
2096,2088
2097,2088
2098,2084
2099,2091
2100,2087
2101,2094
2102,2095
2103,2095
2104,2096
2105,2097
2106,2100
2107,2101
2108,2100
2109,2101
2110,2103
2111,2104
2112,2104
2113,2108
2114,2106
2115,2107
2116,2107
2117,2109
2118,2110
2119,2111
2120,2112
2121,2109
2122,2114
2123,2115
2124,2116
2125,2116
2126,2119
2127,2119
2128,2121
2129,2121
2130,2122
2131,2123
2132,2125
2133,2126
2134,2126
2135,2127
2136,2128
2137,2129
2138,2129
2139,2131
2140,2131
2141,2131
2142,2134
2143,2134
2144,2136
2145,2143
2146,2137
2147,2138
2148,2140
2149,2139
2150,2148
2151,2143
2152,2144
2153,2145
2154,2146
2155,2151
2156,2147
2157,2150
2158,2150
2159,2150
2160,2152
2161,2153
2162,2160
2163,2155
2164,2156
2165,2156
2166,2157
2167,2158
2168,2160
2169,2161
2170,2161
2171,2164
2172,2164
2173,2165
2174,2167
2175,2166
2176,2168
2177,2167
2178,2169
2179,2170
2180,2171
2181,2173
2182,2174
2183,2175
2184,2182
2185,2177
2186,2178
2187,2177
2188,2180
2189,2181
2190,2182
2191,2183
2192,2184
2193,2185
2194,2183
2195,2186
2196,2187
2197,2188
2198,2192
2199,2190
2200,2185
2201,2192
2202,2192
2203,2194
2204,2194
2205,2196
2206,2196
2207,2201
2208,2199
2209,2201
2210,2201
2211,2202
2212,2203
2213,2205
2214,2206
2215,2206
2216,2207
2217,2208
2218,2210
2219,2207
2220,2211
2221,2211
2222,2213
2223,2219
2224,2215
2225,2215
2226,2217
2227,2218
2228,2221
2229,2223
2230,2221
2231,2223
2232,2222
2233,2226
2234,2223
2235,2224
2236,2227
2237,2226
2238,2230
2239,2237
2240,2232
2241,2234
2242,2233
2243,2234
2244,2239
2245,2234
2246,2236
2247,2238
2248,2239
2249,2229
2250,2240
2251,2244
2252,2245
2253,2244
2254,2246
2255,2247
2256,2246
2257,2252
2258,2249
2259,2247
2260,2250
2261,2260
2262,2253
2263,2254
2264,2255
2265,2256
2266,2257
2267,2259
2268,2280
2269,2261
2270,2259
2271,2262
2272,2263
2273,2265
2274,2265
2275,2267
2276,2266
2277,2282
2278,2270
2279,2270
2280,2271
2281,2274
2282,2274
2283,2273
2284,2276
2285,2278
2286,2279
2287,2275
2288,2277
2289,2282
2290,2282
2291,2282
2292,2285
2293,2284
2294,2286
2295,2288
2296,2288
2297,2290
2298,2295
2299,2292
2300,2290
2301,2292
2302,2293
2303,2294
2304,2296
2305,2296
2306,2299
2307,2298
2308,2299
2309,2301
2310,2301
2311,2301
2312,2305
2313,2306
2314,2307
2315,2307
2316,2305
2317,2308
2318,2309
2319,2310
2320,2313
2321,2311
2322,2316
2323,2315
2324,2316
2325,2316
2326,2317
2327,2316
2328,2320
2329,2334
2330,2321
2331,2320
2332,2323
2333,2324
2334,2325
2335,2326
2336,2327
2337,2329
2338,2329
2339,2330
2340,2331
2341,2331
2342,2333
2343,2335
2344,2336
2345,2336
2346,2335
2347,2338
2348,2338
2349,2339
2350,2342
2351,2341
2352,2343
2353,2344
2354,2346
2355,2345
2356,2347
2357,2348
2358,2347
2359,2349
2360,2349
2361,2353
2362,2352
2363,2354
2364,2357
2365,2355
2366,2357
2367,2358
2368,2354
2369,2360
2370,2353
2371,2363
2372,2362
2373,2362
2374,2365
2375,2367
2376,2368
2377,2368
2378,2369
2379,2369
2380,2370
2381,2373
2382,2373
2383,2374
2384,2376
2385,2376
2386,2377
2387,2378
2388,2379
2389,2380
2390,2382
2391,2381
2392,2379
2393,2385
2394,2384
2395,2389
2396,2386
2397,2387
2398,2389
2399,2390
2400,2390
2401,2392
2402,2394
2403,2395
2404,2396
2405,2398
2406,2394
2407,2397
2408,2400
2409,2400
2410,2401
2411,2402
2412,2401
2413,2403
2414,2405
2415,2404
2416,2406
2417,2408
2418,2410
2419,2402
2420,2410
2421,2411
2422,2412
2423,2414
2424,2416
2425,2416
2426,2417
2427,2417
2428,2419
2429,2425
2430,2422
2431,2423
2432,2423
2433,2424
2434,2426
2435,2426
2436,2429
2437,2427
2438,2428
2439,2430
2440,2431
2441,2432
2442,2434
2443,2440
2444,2435
2445,2435
2446,2438
2447,2439
2448,2439
2449,2441
2450,2448
2451,2443
2452,2442
2453,2443
2454,2444
2455,2446
2456,2447
2457,2447
2458,2450
2459,2449
2460,2451
2461,2452
2462,2459
2463,2455
2464,2455
2465,2456
2466,2457
2467,2457
2468,2459
2469,2460
2470,2456
2471,2461
2472,2462
2473,2464
2474,2466
2475,2466
2476,2464
2477,2468
2478,2469
2479,2467
2480,2472
2481,2472
2482,2474
2483,2473
2484,2475
2485,2476
2486,2472
2487,2478
2488,2478
2489,2479
2490,2480
2491,2481
2492,2481
2493,2485
2494,2483
2495,2485
2496,2486
2497,2487
2498,2487
2499,2489
2500,2492
2501,2489
2502,2491
2503,2492
2504,2487
2505,2495
2506,2496
2507,2497
2508,2498
2509,2499
2510,2499
2511,2501
2512,2502
2513,2504
2514,2514
2515,2506
2516,2505
2517,2508
2518,2509
2519,2510
2520,2511
2521,2512
2522,2512
2523,2512
2524,2515
2525,2516
2526,2519
2527,2518
2528,2507
2529,2518
2530,2521
2531,2522
2532,2522
2533,2519
2534,2525
2535,2526
2536,2533
2537,2527
2538,2528
2539,2530
2540,2530
2541,2529
2542,2533
2543,2531
2544,2534
2545,2536
2546,2536
2547,2539
2548,2537
2549,2541
2550,2537
2551,2542
2552,2543
2553,2544
2554,2544
2555,2544
2556,2546
2557,2548
2558,2547
2559,2549
2560,2543
2561,2552
2562,2552
2563,2553
2564,2555
2565,2556
2566,2556
2567,2558
2568,2558
2569,2559
2570,2560
2571,2561
2572,2562
2573,2564
2574,2564
2575,2566
2576,2566
2577,2568
2578,2568
2579,2569
2580,2571
2581,2571
2582,2573
2583,2573
2584,2575
2585,2575
2586,2576
2587,2577
2588,2578
2589,2579
2590,2580
2591,2581
2592,2583
2593,2587
2594,2584
2595,2586
2596,2586
2597,2587
2598,2587
2599,2594
2600,2591
2601,2590
2602,2610
2603,2593
2604,2593
2605,2595
2606,2599
2607,2596
2608,2597
2609,2599
2610,2599
2611,2601
2612,2602
2613,2602
2614,2604
2615,2606
2616,2605
2617,2609
2618,2606
2619,2608
2620,2610
2621,2612
2622,2611
2623,2612
2624,2614
2625,2614
2626,2617
2627,2618
2628,2616
2629,2619
2630,2620
2631,2619
2632,2622
2633,2625
2634,2627
2635,2624
2636,2628
2637,2627
2638,2629
2639,2630
2640,2630
2641,2630
2642,2632
2643,2632
2644,2635
2645,2642
2646,2636
2647,2636
2648,2636
2649,2638
2650,2632
2651,2641
2652,2641
2653,2643
2654,2644
2655,2644
2656,2646
2657,2653
2658,2648
2659,2649
2660,2652
2661,2650
2662,2650
2663,2652
2664,2653
2665,2655
2666,2656
2667,2661
2668,2658
2669,2660
2670,2659
2671,2661
2672,2663
2673,2662
2674,2664
2675,2665
2676,2665
2677,2667
2678,2667
2679,2685
2680,2668
2681,2671
2682,2671
2683,2672
2684,2674
2685,2673
2686,2675
2687,2677
2688,2675
2689,2678
2690,2679
2691,2679
2692,2680
2693,2686
2694,2684
2695,2685
2696,2685
2697,2686
2698,2688
2699,2689
2700,2690
2701,2691
2702,2693
2703,2692
2704,2693
2705,2695
2706,2696
2707,2690
2708,2698
2709,2697
2710,2696
2711,2700
2712,2702
2713,2703
2714,2703
2715,2705
2716,2704
2717,2708
2718,2706
2719,2711
2720,2709
2721,2710
2722,2710
2723,2712
2724,2727
2725,2714
2726,2716
2727,2716
2728,2718
2729,2722
2730,2717
2731,2723
2732,2722
2733,2722
2734,2724
2735,2725
2736,2724
2737,2727
2738,2726
2739,2728
2740,2729
2741,2734
2742,2733
2743,2726
2744,2733
2745,2735
2746,2736
2747,2735
2748,2727
2749,2738
2750,2738
2751,2740
2752,2740
2753,2742
2754,2745
2755,2745
2756,2744
2757,2747
2758,2747
2759,2748
2760,2748
2761,2749
2762,2752
2763,2752
2764,2754
2765,2755
2766,2758
2767,2756
2768,2757
2769,2759
2770,2758
2771,2760
2772,2762
2773,2763
2774,2764
2775,2765
2776,2766
2777,2766
2778,2768
2779,2768
2780,2770
2781,2770
2782,2772
2783,2771
2784,2776
2785,2774
2786,2775
2787,2777
2788,2777
2789,2779
2790,2781
2791,2781
2792,2782
2793,2782
2794,2783
2795,2785
2796,2786
2797,2787
2798,2788
2799,2789
2800,2790
2801,2791
2802,2789
2803,2792
2804,2794
2805,2793
2806,2796
2807,2796
2808,2798
2809,2799
2810,2799
2811,2802
2812,2804
2813,2804
2814,2805
2815,2804
2816,2804
2817,2802
2818,2810
2819,2809
2820,2810
2821,2815
2822,2813
2823,2812
2824,2814
2825,2813
2826,2815
2827,2817
2828,2814
2829,2818
2830,2821
2831,2821
2832,2822
2833,2816
2834,2825
2835,2824
2836,2822
2837,2827
2838,2830
2839,2829
2840,2828
2841,2830
2842,2832
2843,2831
2844,2834
2845,2834
2846,2838
2847,2836
2848,2837
2849,2840
2850,2839
2851,2840
2852,2841
2853,2843
2854,2842
2855,2843
2856,2847
2857,2846
2858,2847
2859,2851
2860,2836
2861,2840
2862,2851
2863,2852
2864,2853
2865,2855
2866,2857
2867,2856
2868,2856
2869,2859
2870,2859
2871,2861
2872,2862
2873,2862
2874,2864
2875,2863
2876,2866
2877,2855
2878,2867
2879,2868
2880,2870
2881,2871
2882,2871
2883,2873
2884,2871
2885,2874
2886,2874
2887,2878
2888,2878
2889,2879
2890,2879
2891,2880
2892,2883
2893,2882
2894,2883
2895,2884
2896,2885
2897,2887
2898,2887
2899,2888
2900,2890
2901,2891
2902,2891
2903,2893
2904,2892
2905,2893
2906,2895
2907,2898
2908,2897
2909,2900
2910,2899
2911,2900
2912,2901
2913,2903
2914,2903
2915,2904
2916,2906
2917,2907
2918,2906
2919,2908
2920,2910
2921,2910
2922,2910
2923,2913
2924,2914
2925,2914
2926,2915
2927,2917
2928,2916
2929,2917
2930,2920
2931,2920
2932,2921
2933,2923
2934,2920
2935,2924
2936,2924
2937,2925
2938,2926
2939,2928
2940,2928
2941,2929
2942,2932
2943,2930
2944,2933
2945,2935
2946,2935
2947,2936
2948,2937
2949,2938
2950,2939
2951,2940
2952,2941
2953,2942
2954,2944
2955,2943
2956,2944
2957,2946
2958,2944
2959,2948
2960,2949
2961,2951
2962,2952
2963,2951
2964,2953
2965,2954
2966,2955
2967,2955
2968,2956
2969,2958
2970,2959
2971,2960
2972,2964
2973,2962
2974,2964
2975,2964
2976,2965
2977,2967
2978,2967
2979,2968
2980,2968
2981,2968
2982,2970
2983,2971
2984,2975
2985,2974
2986,2981
2987,2976
2988,2977
2989,2977
2990,2979
2991,2979
2992,2980
2993,2981
2994,2982
2995,2985
2996,2981
2997,2985
2998,2987
2999,2986
3000,2990
3001,2988
3002,2992
3003,2992
3004,2993
3005,2994
3006,2993
3007,2996
3008,2996
3009,2997
3010,2999
3011,3004
3012,2999
3013,3001
3014,3005
3015,3005
3016,3006
3017,3006
3018,3007
3019,3009
3020,3009
3021,3010
3022,3012
3023,3011
3024,3014
3025,3015
3026,3016
3027,3011
3028,3018
3029,3017
3030,3020
3031,3013
3032,3023
3033,3023
3034,3022
3035,3025
3036,3025
3037,3028
3038,3028
3039,3030
3040,3029
3041,3029
3042,3032
3043,3033
3044,3033
3045,3035
3046,3036
3047,3036
3048,3027
3049,3039
3050,3039
3051,3039
3052,3041
3053,3042
3054,3043
3055,3038
3056,3046
3057,3047
3058,3047
3059,3048
3060,3051
3061,3050
3062,3052
3063,3053
3064,3054
3065,3054
3066,3056
3067,3057
3068,3059
3069,3059
3070,3061
3071,3060
3072,3061
3073,3063
3074,3064
3075,3059
3076,3065
3077,3067
3078,3070
3079,3069
3080,3071
3081,3070
3082,3071
3083,3075
3084,3074
3085,3074
3086,3074
3087,3076
3088,3077
3089,3077
3090,3079
3091,3080
3092,3081
3093,3083
3094,3085
3095,3084
3096,3086
3097,3086
3098,3087
3099,3087
3100,3090
3101,3090
3102,3092
3103,3093
3104,3093
3105,3095
3106,3097
3107,3095
3108,3112
3109,3096
3110,3100
3111,3100
3112,3101
3113,3102
3114,3102
3115,3104
3116,3102
3117,3107
3118,3108
3119,3107
3120,3108
3121,3111
3122,3111
3123,3126
3124,3114
3125,3114
3126,3115
3127,3116
3128,3110
3129,3119
3130,3119
3131,3119
3132,3122
3133,3120
3134,3123
3135,3125
3136,3125
3137,3126
3138,3127
3139,3129
3140,3130
3141,3131
3142,3133
3143,3132
3144,3133
3145,3134
3146,3135
3147,3135
3148,3135
3149,3139
3150,3144
3151,3140
3152,3141
3153,3143
3154,3143
3155,3143
3156,3145
3157,3145
3158,3147
3159,3147
3160,3149
3161,3151
3162,3150
3163,3151
3164,3153
3165,3154
3166,3156
3167,3158
3168,3158
3169,3157
3170,3164
3171,3161
3172,3160
3173,3162
3174,3162
3175,3164
3176,3165
3177,3167
3178,3167
3179,3168
3180,3169
3181,3169
3182,3171
3183,3171
3184,3174
3185,3175
3186,3180
3187,3177
3188,3175
3189,3179
3190,3178
3191,3180
3192,3181
3193,3188
3194,3182
3195,3182
3196,3186
3197,3185
3198,3186
3199,3191
3200,3189
3201,3189
3202,3191
3203,3191
3204,3192
3205,3194
3206,3227
3207,3195
3208,3197
3209,3200
3210,3197
3211,3199
3212,3201
3213,3201
3214,3202
3215,3203
3216,3203
3217,3205
3218,3205
3219,3207
3220,3209
3221,3209
3222,3211
3223,3211
3224,3213
3225,3212
3226,3213
3227,3217
3228,3215
3229,3217
3230,3218
3231,3219
3232,3221
3233,3222
3234,3223
3235,3223
3236,3225
3237,3225
3238,3226
3239,3229
3240,3228
3241,3229
3242,3230
3243,3232
3244,3232
3245,3234
3246,3234
3247,3235
3248,3236
3249,3238
3250,3238
3251,3239
3252,3241
3253,3241
3254,3242
3255,3243
3256,3244
3257,3244
3258,3246
3259,3235
3260,3247
3261,3250
3262,3250
3263,3251
3264,3252
3265,3256
3266,3255
3267,3256
3268,3257
3269,3271
3270,3259
3271,3259
3272,3260
3273,3262
3274,3261
3275,3263
3276,3267
3277,3265
3278,3268
3279,3267
3280,3268
3281,3269
3282,3269
3283,3273
3284,3272
3285,3274
3286,3273
3287,3274
3288,3276
3289,3287
3290,3278
3291,3281
3292,3280
3293,3280
3294,3283
3295,3284
3296,3285
3297,3288
3298,3287
3299,3287
3300,3289
3301,3290
3302,3290
3303,3293
3304,3291
3305,3293
3306,3295
3307,3296
3308,3296
3309,3297
3310,3298
3311,3299
3312,3301
3313,3301
3314,3301
3315,3302
3316,3304
3317,3306
3318,3305
3319,3307
3320,3308
3321,3309
3322,3308
3323,3311
3324,3325
3325,3312
3326,3314
3327,3316
3328,3317
3329,3317
3330,3318
3331,3316
3332,3320
3333,3321
3334,3323
3335,3323
3336,3323
3337,3325
3338,3330
3339,3326
3340,3328
3341,3328
3342,3330
3343,3329
3344,3332
3345,3333
3346,3334
3347,3335
3348,3337
3349,3338
3350,3338
3351,3339
3352,3340
3353,3342
3354,3342
3355,3343
3356,3345
3357,3344
3358,3345
3359,3347
3360,3349
3361,3351
3362,3348
3363,3351
3364,3352
3365,3354
3366,3350
3367,3355
3368,3357
3369,3358
3370,3358
3371,3359
3372,3360
3373,3361
3374,3361
3375,3362
3376,3365
3377,3365
3378,3366
3379,3367
3380,3367
3381,3369
3382,3370
3383,3372
3384,3371
3385,3382
3386,3375
3387,3373
3388,3377
3389,3378
3390,3379
3391,3378
3392,3381
3393,3381
3394,3383
3395,3386
3396,3382
3397,3385
3398,3385
3399,3388
3400,3389
3401,3388
3402,3389
3403,3389
3404,3392
3405,3385
3406,3394
3407,3396
3408,3396
3409,3388
3410,3398
3411,3397
3412,3398
3413,3401
3414,3383
3415,3401
3416,3403
3417,3405
3418,3407
3419,3407
3420,3408
3421,3409
3422,3409
3423,3410
3424,3412
3425,3413
3426,3425
3427,3415
3428,3417
3429,3416
3430,3418
3431,3424
3432,3421
3433,3423
3434,3420
3435,3421
3436,3426
3437,3423
3438,3428
3439,3427
3440,3427
3441,3429
3442,3430
3443,3430
3444,3432
3445,3432
3446,3428
3447,3434
3448,3436
3449,3438
3450,3439
3451,3439
3452,3439
3453,3439
3454,3442
3455,3444
3456,3447
3457,3445
3458,3446
3459,3446
3460,3448
3461,3451
3462,3452
3463,3449
3464,3450
3465,3451
3466,3453
3467,3454
3468,3455
3469,3457
3470,3457
3471,3458
3472,3460
3473,3460
3474,3461
3475,3463
3476,3464
3477,3465
3478,3466
3479,3467
3480,3467
3481,3469
3482,3469
3483,3470
3484,3472
3485,3473
3486,3474
3487,3475
3488,3476
3489,3479
3490,3476
3491,3477
3492,3481
3493,3478
3494,3480
3495,3483
3496,3485
3497,3485
3498,3486
3499,3487
3500,3488
3501,3489
3502,3489
3503,3491
3504,3492
3505,3489
3506,3494
3507,3494
3508,3496
3509,3496
3510,3503
3511,3498
3512,3499
3513,3500
3514,3503
3515,3487
3516,3505
3517,3505
3518,3505
3519,3507
3520,3509
3521,3510
3522,3510
3523,3503
3524,3510
3525,3513
3526,3513
3527,3515
3528,3516
3529,3516
3530,3523
3531,3519
3532,3512
3533,3522
3534,3522
3535,3523
3536,3523
3537,3525
3538,3526
3539,3527
3540,3528
3541,3529
3542,3529
3543,3537
3544,3533
3545,3533
3546,3534
3547,3534
3548,3535
3549,3538
3550,3538
3551,3538
3552,3540
3553,3541
3554,3541
3555,3542
3556,3544
3557,3545
3558,3545
3559,3547
3560,3547
3561,3548
3562,3554
3563,3551
3564,3555
3565,3552
3566,3555
3567,3555
3568,3555
3569,3555
3570,3557
3571,3559
3572,3559
3573,3559
3574,3561
3575,3563
3576,3563
3577,3565
3578,3563
3579,3564
3580,3566
3581,3567
3582,3570
3583,3580
3584,3571
3585,3573
3586,3571
3587,3576
3588,3575
3589,3576
3590,3574
3591,3578
3592,3578
3593,3580
3594,3581
3595,3584
3596,3582
3597,3585
3598,3585
3599,3585
3600,3587
3601,3588
3602,3591
3603,3591
3604,3590
3605,3591
3606,3593
3607,3595
3608,3593
3609,3597
3610,3597
3611,3600
3612,3600
3613,3602
3614,3601
3615,3602
3616,3602
3617,3603
3618,3605
3619,3606
3620,3607
3621,3609
3622,3608
3623,3608
3624,3611
3625,3611
3626,3612
3627,3613
3628,3615
3629,3616
3630,3616
3631,3618
3632,3620
3633,3620
3634,3621
3635,3624
3636,3622
3637,3624
3638,3623
3639,3626
3640,3627
3641,3627
3642,3633
3643,3630
3644,3630
3645,3629
3646,3634
3647,3634
3648,3634
3649,3639
3650,3637
3651,3637
3652,3638
3653,3639
3654,3640
3655,3642
3656,3643
3657,3643
3658,3645
3659,3646
3660,3642
3661,3647
3662,3649
3663,3651
3664,3655
3665,3651
3666,3653
3667,3653
3668,3655
3669,3655
3670,3656
3671,3661
3672,3659
3673,3660
3674,3660
3675,3662
3676,3663
3677,3663
3678,3666
3679,3665
3680,3667
3681,3668
3682,3668
3683,3668
3684,3671
3685,3672
3686,3672
3687,3675
3688,3675
3689,3675
3690,3677
3691,3676
3692,3679
3693,3681
3694,3681
3695,3682
3696,3683
3697,3684
3698,3684
3699,3686
3700,3684
3701,3687
3702,3690
3703,3688
3704,3691
3705,3691
3706,3692
3707,3693
3708,3694
3709,3695
3710,3695
3711,3697
3712,3698
3713,3699
3714,3701
3715,3703
3716,3703
3717,3702
3718,3703
3719,3707
3720,3707
3721,3708
3722,3708
3723,3708
3724,3711
3725,3712
3726,3711
3727,3713
3728,3714
3729,3715
3730,3715
3731,3718
3732,3718
3733,3717
3734,3720
3735,3720
3736,3722
3737,3724
3738,3725
3739,3728
3740,3727
3741,3727
3742,3729
3743,3730
3744,3729
3745,3732
3746,3733
3747,3730
3748,3734
3749,3735
3750,3736
3751,3739
3752,3736
3753,3739
3754,3739
3755,3741
3756,3742
3757,3744
3758,3745
3759,3744
3760,3745
3761,3748
3762,3748
3763,3746
3764,3750
3765,3750
3766,3751
3767,3755
3768,3758
3769,3754
3770,3755
3771,3757
3772,3759
3773,3759
3774,3761
3775,3761
3776,3762
3777,3764
3778,3766
3779,3765
3780,3770
3781,3768
3782,3768
3783,3770
3784,3771
3785,3773
3786,3772
3787,3772
3788,3773
3789,3775
3790,3776
3791,3776
3792,3779
3793,3779
3794,3780
3795,3780
3796,3782
3797,3783
3798,3783
3799,3786
3800,3784
3801,3788
3802,3787
3803,3789
3804,3792
3805,3791
3806,3792
3807,3801
3808,3794
3809,3797
3810,3796
3811,3797
3812,3797
3813,3799
3814,3803
3815,3801
3816,3800
3817,3839
3818,3804
3819,3805
3820,3806
3821,3808
3822,3809
3823,3809
3824,3812
3825,3813
3826,3812
3827,3812
3828,3810
3829,3815
3830,3814
3831,3817
3832,3819
3833,3820
3834,3820
3835,3819
3836,3822
3837,3823
3838,3825
3839,3823
3840,3828
3841,3827
3842,3829
3843,3828
3844,3831
3845,3831
3846,3831
3847,3833
3848,3835
3849,3835
3850,3835
3851,3836
3852,3837
3853,3840
3854,3841
3855,3841
3856,3841
3857,3843
3858,3849
3859,3845
3860,3845
3861,3847
3862,3848
3863,3849
3864,3851
3865,3851
3866,3851
3867,3851
3868,3853
3869,3854
3870,3856
3871,3857
3872,3858
3873,3857
3874,3860
3875,3859
3876,3862
3877,3865
3878,3863
3879,3867
3880,3866
3881,3867
3882,3868
3883,3869
3884,3871
3885,3871
3886,3873
3887,3873
3888,3873
3889,3875
3890,3878
3891,3876
3892,3879
3893,3879
3894,3879
3895,3881
3896,3881
3897,3883
3898,3883
3899,3887
3900,3885
3901,3886
3902,3889
3903,3887
3904,3889
3905,3892
3906,3891
3907,3893
3908,3894
3909,3894
3910,3896
3911,3894
3912,3898
3913,3899
3914,3901
3915,3900
3916,3902
3917,3903
3918,3904
3919,3895
3920,3905
3921,3908
3922,3908
3923,3909
3924,3909
3925,3911
3926,3913
3927,3914
3928,3913
3929,3920
3930,3915
3931,3916
3932,3917
3933,3918
3934,3919
3935,3920
3936,3921
3937,3923
3938,3921
3939,3924
3940,3927
3941,3926
3942,3928
3943,3932
3944,3930
3945,3926
3946,3931
3947,3932
3948,3934
3949,3938
3950,3943
3951,3936
3952,3938
3953,3937
3954,3940
3955,3943
3956,3941
3957,3943
3958,3947
3959,3945
3960,3945
3961,3948
3962,3945
3963,3948
3964,3949
3965,3949
3966,3950
3967,3953
3968,3953
3969,3953
3970,3956
3971,3955
3972,3957
3973,3959
3974,3960
3975,3960
3976,3961
3977,3962
3978,3963
3979,3968
3980,3965
3981,3966
3982,3967
3983,3967
3984,3969
3985,3970
3986,3972
3987,3971
3988,3974
3989,3973
3990,3975
3991,3974
3992,3976
3993,3977
3994,3978
3995,3980
3996,3979
3997,3982
3998,3981
3999,3983
4000,3987
4001,3984
4002,3985
4003,3990
4004,3989
4005,3990
4006,3991
4007,3993
4008,3992
4009,3994
4010,3995
4011,3997
4012,3996
4013,3998
4014,3998
4015,3997
4016,4001
4017,4001
4018,4002
4019,4005
4020,4007
4021,4008
4022,4008
4023,4009
4024,4009
4025,4011
4026,4011
4027,4014
4028,4015
4029,4015
4030,4016
4031,4017
4032,4018
4033,4017
4034,4020
4035,4017
4036,4022
4037,4028
4038,4023
4039,4025
4040,4026
4041,4027
4042,4028
4043,4029
4044,4030
4045,4028
4046,4031
4047,4034
4048,4034
4049,4037
4050,4034
4051,4037
4052,4037
4053,4038
4054,4042
4055,4041
4056,4041
4057,4040
4058,4044
4059,4046
4060,4048
4061,4047
4062,4047
4063,4048
4064,4049
4065,4051
4066,4052
4067,4052
4068,4053
4069,4055
4070,4056
4071,4057
4072,4057
4073,4058
4074,4060
4075,4061
4076,4062
4077,4063
4078,4062
4079,4064
4080,4066
4081,4067
4082,4068
4083,4067
4084,4069
4085,4069
4086,4072
4087,4072
4088,4074
4089,4074
4090,4076
4091,4076
4092,4077
4093,4077
4094,4076
4095,4076