0,6
1,4
2,5
3,5
4,4
5,6
6,5
7,6
8,7
9,8
10,9
11,11
12,11
13,13
14,12
15,15
16,16
17,15
18,17
19,18
20,20
21,20
22,20
23,22
24,23
25,25
26,25
27,25
28,28
29,26
30,30
31,30
32,30
33,32
34,30
35,33
36,37
37,36
38,36
39,38
40,40
41,40
42,40
43,42
44,44
45,44
46,45
47,43
48,47
49,47
50,49
51,50
52,51
53,51
54,53
55,56
56,55
57,55
58,56
59,58
60,53
61,61
62,60
63,61
64,61
65,60
66,66
67,66
68,66
69,68
70,69
71,69
72,71
73,71
74,73
75,73
76,74
77,76
78,75
79,78
80,66
81,81
82,81
83,81
84,81
85,84
86,83
87,84
88,86
89,90
90,88
91,90
92,90
93,91
94,92
95,92
96,94
97,95
98,95
99,97
100,97
101,101
102,100
103,102
104,101
105,104
106,105
107,105
108,106
109,108
110,108
111,110
112,111
113,109
114,111
115,112
116,114
117,115
118,116
119,117
120,118
121,121
122,121
123,122
124,122
125,123
126,124
127,126
128,127
129,126
130,129
131,129
132,131
133,133
134,133
135,133
136,135
137,137
138,138
139,138
140,139
141,138
142,141
143,142
144,140
145,144
146,144
147,137
148,147
149,147
150,148
151,150
152,151
153,152
154,153
155,157
156,155
157,155
158,156
159,157
160,164
161,159
162,160
163,160
164,163
165,164
166,165
167,165
168,165
169,166
170,190
171,169
172,170
173,171
174,173
175,173
176,175
177,179
178,175
179,178
180,178
181,181
182,181
183,181
184,181
185,180
186,184
187,185
188,186
189,188
190,188
191,189
192,190
193,191
194,192
195,193
196,192
197,195
198,197
199,197
200,199
201,199
202,200
203,202
204,202
205,207
206,203
207,206
208,204
209,206
210,208
211,210
212,207
213,212
214,212
215,212
216,215
217,215
218,214
219,217
220,214
221,219
222,220
223,221
224,221
225,223
226,223
227,225
228,226
229,228
230,222
231,229
232,231
233,231
234,231
235,233
236,234
237,235
238,235
239,237
240,234
241,241
242,238
243,239
244,242
245,242
246,245
247,244
248,247
249,247
250,247
251,251
252,250
253,251
254,253
255,253
256,256
257,255
258,255
259,258
260,257
261,262
262,261
263,261
264,263
265,265
266,265
267,266
268,265
269,267
270,268
271,269
272,270
273,272
274,272
275,242
276,274
277,275
278,276
279,277
280,281
281,280
282,280
283,281
284,283
285,284
286,284
287,285
288,285
289,288
290,288
291,301
292,290
293,291
294,295
295,293
296,294
297,293
298,296
299,297
300,298
301,299
302,300
303,301
304,302
305,304
306,304
307,304
308,306
309,306
310,309
311,308
312,310
313,311
314,312
315,313
316,314
317,315
318,316
319,315
320,318
321,322
322,319
323,321
324,321
325,323
326,324
327,326
328,326
329,322
330,327
331,329
332,328
333,330
334,331
335,333
336,331
337,335
338,336
339,337
340,339
341,339
342,339
343,341
344,336
345,344
346,343
347,345
348,345
349,347
350,349
351,349
352,350
353,340
354,352
355,353
356,354
357,355
358,356
359,356
360,357
361,358
362,361
363,361
364,363
365,363
366,364
367,364
368,366
369,367
370,368
371,369
372,372
373,371
374,372
375,373
376,373
377,374
378,375
379,377
380,378
381,379
382,380
383,380
384,382
385,383
386,384
387,385
388,386
389,386
390,388
391,387
392,390
393,391
394,392
395,395
396,393
397,395
398,398
399,396
400,398
401,398
402,400
403,400
404,402
405,403
406,404
407,405
408,405
409,406
410,404
411,410
412,409
413,410
414,411
415,394
416,413
417,406
418,415
419,416
420,418
421,416
422,429
423,421
424,422
425,421
426,423
427,427
428,426
429,427
430,428
431,429
432,428
433,430
434,431
435,432
436,434
437,433
438,435
439,436
440,436
441,438
442,439
443,439
444,441
445,439
446,443
447,444
448,446
449,446
450,446
451,448
452,449
453,449
454,451
455,452
456,454
457,454
458,455
459,456
460,457
461,459
462,451
463,459
464,460
465,460
466,462
467,465
468,466
469,466
470,467
471,468
472,464
473,469
474,471
475,472
476,474
477,474
478,474
479,474
480,477
481,477
482,477
483,479
484,482
485,482
486,483
487,484
488,483
489,486
490,487
491,488
492,489
493,492
494,491
495,492
496,493
497,494
498,494
499,496
500,496
501,498
502,499
503,501
504,502
505,501
506,503
507,503
508,506
509,505
510,507
511,509
512,509
513,510
514,511
515,512
516,514
517,514
518,513
519,516
520,517
521,517
522,520
523,520
524,523
525,523
526,521
527,524
528,526
529,526
530,526
531,526
532,529
533,530
534,531
535,532
536,533
537,533
538,535
539,536
540,537
541,537
542,541
543,542
544,539
545,541
546,542
547,544
548,545
549,546
550,552
551,549
552,549
553,549
554,552
555,552
556,554
557,554
558,555
559,556
560,555
561,557
562,560
563,560
564,560
565,563
566,563
567,565
568,564
569,566
570,567
571,567
572,568
573,569
574,570
575,571
576,574
577,574
578,575
579,574
580,576
581,577
582,579
583,580
584,580
585,582
586,581
587,584
588,583
589,584
590,586
591,588
592,588
593,601
594,589
595,590
596,592
597,594
598,594
599,596
600,596
601,598
602,599
603,601
604,599
605,602
606,603
607,604
608,605
609,606
610,608
611,608
612,609
613,609
614,612
615,612
616,613
617,613
618,615
619,615
620,614
621,617
622,618
623,620
624,622
625,620
626,623
627,623
628,623
629,624
630,625
631,628
632,628
633,629
634,629
635,630
636,632
637,633
638,633
639,635
640,637
641,637
642,638
643,638
644,641
645,642
646,641
647,643
648,641
649,644
650,646
651,648
652,650
653,649
654,650
655,651
656,651
657,654
658,655
659,656
660,656
661,656
662,663
663,658
664,660
665,661
666,662
667,663
668,666
669,665
670,667
671,668
672,669
673,668
674,685
675,669
676,673
677,672
678,674
679,675
680,677
681,678
682,678
683,678
684,680
685,681
686,692
687,683
688,684
689,683
690,686
691,687
692,688
693,689
694,690
695,692
696,693
697,695
698,693
699,696
700,695
701,697
702,699
703,699
704,698
705,700
706,702
707,703
708,698
709,704
710,707
711,706
712,708
713,715
714,709
715,714
716,705
717,713
718,712
719,716
720,715
721,718
722,719
723,718
724,719
725,720
726,720
727,721
728,724
729,724
730,726
731,726
732,728
733,731
734,729
735,729
736,731
737,733
738,732
739,735
740,735
741,737
742,739
743,740
744,740
745,740
746,742
747,742
748,742
749,745
750,746
751,747
752,748
753,749
754,749
755,752
756,753
757,753
758,751
759,756
760,757
761,757
762,759
763,759
764,761
765,760
766,761
767,763
768,764
769,764
770,766
771,769
772,768
773,770
774,770
775,771
776,771
777,774
778,773
779,775
780,776
781,777
782,775
783,779
784,780
785,782
786,780
787,783
788,783
789,785
790,788
791,788
792,787
793,789
794,790
795,792
796,792
797,793
798,794
799,795
800,796
801,797
802,798
803,799
804,801
805,803
806,802
807,804
808,804
809,805
810,807
811,807
812,805
813,809
814,810
815,810
816,812
817,824
818,814
819,815
820,816
821,815
822,818
823,821
824,819
825,820
826,822
827,824
828,823
829,824
830,825
831,827
832,826
833,828
834,829
835,830
836,833
837,832
838,834
839,834
840,835
841,838
842,836
843,839
844,839
845,835
846,841
847,846
848,843
849,845
850,846
851,846
852,861
853,848
854,850
855,850
856,852
857,866
858,854
859,855
860,853
861,857
862,853
863,857
864,859
865,859
866,862
867,853
868,865
869,864
870,864
871,867
872,866
873,868
874,869
875,870
876,873
877,873
878,873
879,876
880,875
881,876
882,879
883,879
884,878
885,881
886,883
887,882
888,877
889,885
890,885
891,887
892,886
893,892
894,890
895,890
896,892
897,893
898,898
899,895
900,898
901,896
902,898
903,898
904,899
905,901
906,901
907,902
908,904
909,906
910,905
911,907
912,908
913,900
914,909
915,911
916,911
917,910
918,914
919,914
920,915
921,916
922,918
923,920
924,919
925,921
926,920
927,922
928,923
929,924
930,937
931,926
932,928
933,931
934,930
935,935
936,931
937,932
938,933
939,935
940,936
941,936
942,938
943,938
944,940
945,941
946,940
947,941
948,944
949,944
950,939
951,946
952,946
953,948
954,949
955,948
956,951
957,950
958,953
959,955
960,955
961,955
962,956
963,958
964,959
965,961
966,961
967,963
968,962
969,964
970,963
971,966
972,968
973,968
974,969
975,970
976,971
977,971
978,973
979,974
980,975
981,976
982,976
983,978
984,985
985,981
986,968
987,980
988,982
989,988
990,984
991,985
992,988
993,988
994,995
995,990
996,991
997,992
998,992
999,993
1000,993
1001,998
1002,997
1003,999
1004,1000
1005,1002
1006,1002
1007,1002
1008,1004
1009,1005
1010,1006
1011,1006
1012,1007
1013,1011
1014,1010
1015,1011
1016,1013
1017,1015
1018,1014
1019,1017
1020,1016
1021,1019
1022,1018
1023,1019
1024,1020
1025,1021
1026,1021
1027,1024
1028,1027
1029,1025
1030,1017
1031,1025
1032,1029
1033,1029
1034,1031
1035,1033
1036,1033
1037,1033
1038,1034
1039,1034
1040,1035
1041,1036
1042,1035
1043,1039
1044,1039
1045,1041
1046,1042
1047,1030
1048,1044
1049,1045
1050,1047
1051,1047
1052,1047
1053,1049
1054,1050
1055,1049
1056,1051
1057,1054
1058,1054
1059,1054
1060,1060
1061,1058
1062,1059
1063,1059
1064,1060
1065,1061
1066,1061
1067,1063
1068,1063
1069,1065
1070,1065
1071,1067
1072,1068
1073,1069
1074,1069
1075,1073
1076,1073
1077,1072
1078,1075
1079,1076
1080,1087
1081,1078
1082,1077
1083,1079
1084,1080
1085,1080
1086,1080
1087,1082
1088,1083
1089,1084
1090,1087
1091,1087
1092,1087
1093,1090
1094,1090
1095,1091
1096,1091
1097,1093
1098,1090
1099,1095
1100,1095
1101,1096
1102,1097
1103,1098
1104,1100
1105,1101
1106,1107
1107,1103
1108,1103
1109,1103
1110,1103
1111,1108
1112,1108
1113,1108
1114,1093
1115,1110
1116,1120
1117,1113
1118,1114
1119,1112
1120,1115
1121,1115
1122,1117
1123,1118
1124,1119
1125,1121
1126,1122
1127,1122
1128,1125
1129,1124
1130,1125
1131,1126
1132,1126
1133,1135
1134,1129
1135,1131
1136,1130
1137,1130
1138,1131
1139,1135
1140,1133
1141,1138
1142,1140
1143,1136
1144,1139
1145,1146
1146,1141
1147,1142
1148,1143
1149,1148
1150,1145
1151,1147
1152,1141
1153,1147
1154,1149
1155,1151
1156,1148
1157,1151
1158,1153
1159,1154
1160,1156
1161,1156
1162,1157
1163,1158
1164,1159
1165,1160
1166,1162
1167,1163
1168,1164
1169,1164
1170,1165
1171,1167
1172,1166
1173,1167
1174,1168
1175,1170
1176,1171
1177,1173
1178,1175
1179,1174
1180,1174
1181,1175
1182,1176
1183,1178
1184,1180
1185,1180
1186,1182
1187,1179
1188,1182
1189,1185
1190,1185
1191,1187
1192,1189
1193,1189
1194,1188
1195,1190
1196,1191
1197,1193
1198,1194
1199,1194
1200,1196
1201,1196
1202,1197
1203,1198
1204,1197
1205,1199
1206,1200
1207,1202
1208,1205
1209,1202
1210,1204
1211,1205
1212,1207
1213,1207
1214,1207
1215,1210
1216,1219
1217,1211
1218,1219
1219,1214
1220,1215
1221,1213
1222,1217
1223,1219
1224,1218
1225,1220
1226,1222
1227,1221
1228,1241
1229,1224
1230,1224
1231,1224
1232,1227
1233,1229
1234,1229
1235,1229
1236,1230
1237,1231
1238,1235
1239,1235
1240,1233
1241,1236
1242,1236
1243,1238
1244,1240
1245,1238
1246,1241
1247,1241
1248,1242
1249,1244
1250,1244
1251,1245
1252,1246
1253,1251
1254,1248
1255,1249
1256,1251
1257,1253
1258,1254
1259,1253
1260,1255
1261,1257
1262,1257
1263,1258
1264,1259
1265,1260
1266,1262
1267,1263
1268,1265
1269,1264
1270,1265
1271,1265
1272,1267
1273,1267
1274,1270
1275,1269
1276,1271
1277,1272
1278,1274
1279,1278
1280,1284
1281,1275
1282,1277
1283,1278
1284,1283
1285,1288
1286,1280
1287,1282
1288,1282
1289,1284
1290,1305
1291,1286
1292,1279
1293,1289
1294,1289
1295,1289
1296,1292
1297,1293
1298,1294
1299,1295
1300,1294
1301,1296
1302,1296
1303,1297
1304,1299
1305,1300
1306,1301
1307,1305
1308,1304
1309,1304
1310,1304
1311,1306
1312,1308
1313,1305
1314,1309
1315,1311
1316,1310
1317,1311
1318,1313
1319,1312
1320,1315
1321,1317
1322,1318
1323,1319
1324,1318
1325,1319
1326,1320
1327,1322
1328,1323
1329,1323
1330,1325
1331,1326
1332,1325
1333,1328
1334,1330
1335,1330
1336,1332
1337,1331
1338,1333
1339,1333
1340,1335
1341,1336
1342,1338
1343,1338
1344,1339
1345,1341
1346,1340
1347,1342
1348,1342
1349,1344
1350,1344
1351,1347
1352,1348
1353,1347
1354,1349
1355,1349
1356,1350
1357,1352
1358,1353
1359,1354
1360,1354
1361,1362
1362,1355
1363,1360
1364,1359
1365,1359
1366,1362
1367,1364
1368,1363
1369,1363
1370,1365
1371,1364
1372,1367
1373,1370
1374,1370
1375,1371
1376,1371
1377,1372
1378,1371
1379,1374
1380,1374
1381,1376
1382,1376
1383,1377
1384,1378
1385,1380
1386,1381
1387,1381
1388,1382
1389,1383
1390,1376
1391,1387
1392,1387
1393,1389
1394,1389
1395,1393
1396,1389
1397,1391
1398,1392
1399,1394
1400,1394
1401,1394
1402,1396
1403,1397
1404,1398
1405,1396
1406,1400
1407,1402
1408,1402
1409,1406
1410,1405
1411,1405
1412,1407
1413,1408
1414,1408
1415,1409
1416,1409
1417,1411
1418,1413
1419,1406
1420,1415
1421,1412
1422,1417
1423,1417
1424,1417
1425,1419
1426,1419
1427,1420
1428,1423
1429,1422
1430,1424
1431,1426
1432,1426
1433,1430
1434,1427
1435,1428
1436,1430
1437,1430
1438,1431
1439,1434
1440,1434
1441,1435
1442,1440
1443,1437
1444,1439
1445,1439
1446,1440
1447,1444
1448,1443
1449,1443
1450,1443
1451,1445
1452,1446
1453,1447
1454,1448
1455,1448
1456,1449
1457,1450
1458,1454
1459,1455
1460,1454
1461,1454
1462,1455
1463,1459
1464,1458
1465,1459
1466,1461
1467,1461
1468,1461
1469,1463
1470,1461
1471,1464
1472,1466
1473,1467
1474,1468
1475,1469
1476,1470
1477,1465
1478,1472
1479,1473
1480,1473
1481,1476
1482,1474
1483,1477
1484,1478
1485,1474
1486,1481
1487,1482
1488,1481
1489,1483
1490,1483
1491,1485
1492,1487
1493,1487
1494,1487
1495,1489
1496,1489
1497,1489
1498,1492
1499,1499
1500,1493
1501,1494
1502,1496
1503,1497
1504,1499
1505,1499
1506,1497
1507,1500
1508,1502
1509,1501
1510,1503
1511,1501
1512,1506
1513,1495
1514,1508
1515,1508
1516,1527
1517,1511
1518,1512
1519,1511
1520,1514
1521,1516
1522,1515
1523,1521
1524,1516
1525,1518
1526,1519
1527,1524
1528,1523
1529,1523
1530,1523
1531,1523
1532,1526
1533,1527
1534,1528
1535,1534
1536,1531
1537,1535
1538,1531
1539,1533
1540,1533
1541,1534
1542,1536
1543,1538
1544,1538
1545,1536
1546,1539
1547,1541
1548,1543
1549,1543
1550,1543
1551,1551
1552,1547
1553,1545
1554,1548
1555,1548
1556,1549
1557,1551
1558,1549
1559,1554
1560,1548
1561,1554
1562,1556
1563,1557
1564,1558
1565,1558
1566,1560
1567,1562
1568,1560
1569,1563
1570,1564
1571,1565
1572,1565
1573,1566
1574,1567
1575,1567
1576,1569
1577,1571
1578,1570
1579,1573
1580,1572
1581,1574
1582,1575
1583,1579
1584,1579
1585,1579
1586,1580
1587,1580
1588,1580
1589,1586
1590,1582
1591,1585
1592,1584
1593,1587
1594,1585
1595,1589
1596,1591
1597,1590
1598,1591
1599,1589
1600,1593
1601,1595
1602,1596
1603,1596
1604,1597
1605,1599
1606,1600
1607,1601
1608,1597
1609,1602
1610,1602
1611,1607
1612,1606
1613,1606
1614,1608
1615,1609
1616,1609
1617,1611
1618,1612
1619,1613
1620,1613
1621,1613
1622,1615
1623,1618
1624,1618
1625,1617
1626,1620
1627,1620
1628,1619
1629,1623
1630,1624
1631,1624
1632,1631
1633,1623
1634,1626
1635,1628
1636,1628
1637,1630
1638,1631
1639,1633
1640,1634
1641,1635
1642,1635
1643,1636
1644,1638
1645,1639
1646,1637
1647,1641
1648,1641
1649,1641
1650,1644
1651,1643
1652,1645
1653,1645
1654,1648
1655,1648
1656,1648
1657,1651
1658,1654
1659,1652
1660,1651
1661,1655
1662,1659
1663,1655
1664,1658
1665,1661
1666,1659
1667,1660
1668,1661
1669,1662
1670,1662
1671,1665
1672,1666
1673,1666
1674,1666
1675,1666
1676,1670
1677,1672
1678,1672
1679,1674
1680,1673
1681,1674
1682,1677
1683,1678
1684,1680
1685,1677
1686,1680
1687,1680
1688,1681
1689,1680
1690,1684
1691,1685
1692,1684
1693,1687
1694,1687
1695,1689
1696,1691
1697,1689
1698,1695
1699,1693
1700,1693
1701,1694
1702,1694
1703,1697
1704,1696
1705,1698
1706,1700
1707,1699
1708,1700
1709,1703
1710,1703
1711,1706
1712,1706
1713,1707
1714,1708
1715,1708
1716,1708
1717,1711
1718,1711
1719,1712
1720,1712
1721,1712
1722,1714
1723,1713
1724,1717
1725,1718
1726,1720
1727,1722
1728,1722
1729,1726
1730,1723
1731,1722
1732,1722
1733,1726
1734,1727
1735,1729
1736,1729
1737,1729
1738,1731
1739,1730
1740,1730
1741,1734
1742,1734
1743,1736
1744,1737
1745,1737
1746,1740
1747,1739
1748,1740
1749,1743
1750,1743
1751,1745
1752,1743
1753,1743
1754,1746
1755,1747
1756,1746
1757,1749
1758,1751
1759,1754
1760,1753
1761,1754
1762,1755
1763,1756
1764,1756
1765,1758
1766,1758
1767,1759
1768,1761
1769,1762
1770,1763
1771,1764
1772,1766
1773,1754
1774,1765
1775,1768
1776,1769
1777,1770
1778,1772
1779,1771
1780,1773
1781,1774
1782,1775
1783,1773
1784,1777
1785,1778
1786,1778
1787,1781
1788,1781
1789,1781
1790,1783
1791,1784
1792,1785
1793,1786
1794,1789
1795,1788
1796,1789
1797,1791
1798,1792
1799,1793
1800,1795
1801,1794
1802,1795
1803,1795
1804,1798
1805,1798
1806,1800
1807,1800
1808,1799
1809,1801
1810,1794
1811,1804
1812,1807
1813,1804
1814,1806
1815,1808
1816,1808
1817,1811
1818,1810
1819,1812
1820,1813
1821,1814
1822,1815
1823,1817
1824,1817
1825,1816
1826,1821
1827,1815
1828,1820
1829,1825
1830,1823
1831,1824
1832,1825
1833,1827
1834,1827
1835,1827
1836,1829
1837,1831
1838,1831
1839,1832
1840,1833
1841,1834
1842,1833
1843,1837
1844,1835
1845,1838
1846,1837
1847,1839
1848,1845
1849,1839
1850,1844
1851,1842
1852,1845
1853,1843
1854,1847
1855,1848
1856,1845
1857,1849
1858,1850
1859,1852
1860,1853
1861,1853
1862,1854
1863,1857
1864,1860
1865,1859
1866,1859
1867,1860
1868,1861
1869,1862
1870,1862
1871,1864
1872,1865
1873,1866
1874,1866
1875,1868
1876,1868
1877,1870
1878,1872
1879,1871
1880,1873
1881,1873
1882,1875
1883,1876
1884,1877
1885,1878
1886,1880
1887,1879
1888,1883
1889,1883
1890,1884
1891,1884
1892,1884
1893,1883
1894,1887
1895,1887
1896,1888
1897,1890
1898,1890
1899,1892
1900,1893
1901,1892
1902,1895
1903,1893
1904,1896
1905,1896
1906,1899
1907,1898
1908,1901
1909,1902
1910,1902
1911,1903
1912,1909
1913,1907
1914,1899
1915,1908
1916,1909
1917,1909
1918,1912
1919,1912
1920,1912
1921,1914
1922,1915
1923,1916
1924,1916
1925,1917
1926,1919
1927,1919
1928,1921
1929,1923
1930,1922
1931,1924
1932,1926
1933,1926
1934,1914
1935,1929
1936,1929
1937,1930
1938,1930
1939,1931
1940,1933
1941,1933
1942,1935
1943,1937
1944,1936
1945,1939
1946,1939
1947,1941
1948,1940
1949,1941
1950,1942
1951,1943
1952,1945
1953,1934
1954,1943
1955,1947
1956,1949
1957,1949
1958,1951
1959,1952
1960,1953
1961,1953
1962,1954
1963,1952
1964,1956
1965,1957
1966,1957
1967,1959
1968,1959
1969,1961
1970,1962
1971,1963
1972,1969
1973,1965
1974,1966
1975,1969
1976,1968
1977,1968
1978,1971
1979,1971
1980,1971
1981,1972
1982,1975
1983,1976
1984,1976
1985,1977
1986,1978
1987,1979
1988,1981
1989,1980
1990,1983
1991,1983
1992,1985
1993,1986
1994,1986
1995,1988
1996,1990
1997,1989
1998,1990
1999,1998
2000,1993
2001,1997
2002,1994
2003,2000
2004,1995
2005,1996
2006,1999
2007,2001
2008,2004
2009,2002
2010,2004
2011,2002
2012,2004
2013,2005
2014,2005
2015,2007
2016,2006
2017,2009
2018,2012
2019,2012
2020,2012
2021,2013
2022,2013
2023,2015
2024,2014
2025,2018
2026,2018
2027,2018
2028,2021
2029,2022
2030,2022
2031,2023
2032,2024
2033,2025
2034,2025
2035,2027
2036,2028
2037,2029
2038,2031
2039,2031
2040,2032
2041,2033
2042,2033
2043,2036
2044,2035
2045,2037
2046,2038
2047,2039
2048,2040
2049,2041
2050,2042
2051,2045
2052,2044
2053,2046
2054,2047
2055,2048
2056,2048
2057,2050
2058,2046
2059,2054
2060,2057
2061,2053
2062,2054
2063,2055
2064,2056
2065,2058
2066,2058
2067,2051
2068,2062
2069,2061
2070,2068
2071,2062
2072,2066
2073,2065
2074,2066
2075,2066
2076,2068
2077,2070
2078,2070
2079,2072
2080,2071
2081,2074
2082,2073
2083,2076
2084,2079
2085,2079
2086,2078
2087,2071
2088,2079
2089,2083
2090,2082
2091,2084
2092,2084
2093,2084
2094,2086
2095,2087
2096,2087
2097,2088
2098,2090
2099,2091
2100,2092
2101,2095
2102,2094
2103,2096
2104,2097
2105,2096
2106,2098
2107,2099
2108,2100
2109,2101
2110,2102
2111,2104
2112,2104
2113,2105
2114,2106
2115,2107
2116,2108
2117,2109
2118,2110
2119,2111
2120,2112
2121,2112
2122,2113
2123,2116
2124,2110
2125,2118
2126,2119
2127,2118
2128,2120
2129,2121
2130,2122
2131,2125
2132,2123
2133,2136
2134,2126
2135,2127
2136,2128
2137,2128
2138,2135
2139,2131
2140,2132
2141,2132
2142,2134
2143,2133
2144,2135
2145,2136
2146,2138
2147,2133
2148,2140
2149,2140
2150,2142
2151,2144
2152,2145
2153,2144
2154,2147
2155,2147
2156,2148
2157,2148
2158,2151
2159,2150
2160,2151
2161,2152
2162,2154
2163,2154
2164,2156
2165,2157
2166,2154
2167,2159
2168,2158
2169,2160
2170,2164
2171,2164
2172,2163
2173,2165
2174,2166
2175,2167
2176,2167
2177,2170
2178,2168
2179,2170
2180,2172
2181,2173
2182,2174
2183,2173
2184,2177
2185,2174
2186,2178
2187,2182
2188,2177
2189,2180
2190,2182
2191,2183
2192,2184
2193,2185
2194,2183
2195,2187
2196,2186
2197,2188
2198,2192
2199,2191
2200,2192
2201,2192
2202,2193
2203,2194
2204,2195
2205,2196
2206,2199
2207,2198
2208,2197
2209,2200
2210,2203
2211,2203
2212,2202
2213,2204
2214,2203
2215,2207
2216,2209
2217,2209
2218,2208
2219,2210
2220,2211
2221,2212
2222,2214
2223,2213
2224,2215
2225,2214
2226,2218
2227,2218
2228,2219
2229,2218
2230,2221
2231,2221
2232,2224
2233,2224
2234,2225
2235,2227
2236,2228
2237,2227
2238,2230
2239,2231
2240,2232
2241,2232
2242,2222
2243,2233
2244,2235
2245,2236
2246,2238
2247,2232
2248,2239
2249,2240
2250,2241
2251,2244
2252,2243
2253,2245
2254,2247
2255,2245
2256,2247
2257,2248
2258,2248
2259,2256
2260,2249
2261,2253
2262,2254
2263,2255
2264,2255
2265,2257
2266,2257
2267,2258
2268,2263
2269,2250
2270,2261
2271,2262
2272,2264
2273,2265
2274,2264
2275,2268
2276,2272
2277,2270
2278,2267
2279,2270
2280,2272
2281,2271
2282,2274
2283,2276
2284,2274
2285,2276
2286,2277
2287,2278
2288,2281
2289,2280
2290,2280
2291,2281
2292,2284
2293,2284
2294,2283
2295,2285
2296,2287
2297,2289
2298,2291
2299,2291
2300,2291
2301,2292
2302,2293
2303,2295
2304,2296
2305,2297
2306,2297
2307,2299
2308,2299
2309,2302
2310,2301
2311,2303
2312,2305
2313,2303
2314,2307
2315,2306
2316,2307
2317,2310
2318,2307
2319,2311
2320,2311
2321,2311
2322,2313
2323,2314
2324,2315
2325,2317
2326,2320
2327,2318
2328,2322
2329,2320
2330,2322
2331,2320
2332,2326
2333,2323
2334,2325
2335,2327
2336,2328
2337,2329
2338,2332
2339,2331
2340,2329
2341,2331
2342,2334
2343,2334
2344,2336
2345,2336
2346,2338
2347,2339
2348,2340
2349,2338
2350,2341
2351,2342
2352,2343
2353,2345
2354,2346
2355,2347
2356,2347
2357,2344
2358,2349
2359,2350
2360,2351
2361,2353
2362,2353
2363,2354
2364,2356
2365,2354
2366,2358
2367,2359
2368,2359
2369,2360
2370,2362
2371,2362
2372,2368
2373,2364
2374,2365
2375,2366
2376,2368
2377,2369
2378,2369
2379,2370
2380,2371
2381,2372
2382,2373
2383,2375
2384,2372
2385,2375
2386,2383
2387,2378
2388,2379
2389,2380
2390,2380
2391,2382
2392,2383
2393,2383
2394,2384
2395,2386
2396,2386
2397,2391
2398,2389
2399,2390
2400,2391
2401,2391
2402,2394
2403,2394
2404,2394
2405,2397
2406,2396
2407,2397
2408,2400
2409,2400
2410,2402
2411,2403
2412,2402
2413,2403
2414,2404
2415,2406
2416,2408
2417,2408
2418,2402
2419,2411
2420,2411
2421,2409
2422,2413
2423,2414
2424,2414
2425,2415
2426,2417
2427,2417
2428,2412
2429,2421
2430,2421
2431,2422
2432,2422
2433,2424
2434,2425
2435,2426
2436,2431
2437,2428
2438,2429
2439,2430
2440,2430
2441,2434
2442,2435
2443,2434
2444,2436
2445,2433
2446,2435
2447,2437
2448,2439
2449,2440
2450,2440
2451,2442
2452,2442
2453,2444
2454,2446
2455,2444
2456,2446
2457,2447
2458,2449
2459,2469
2460,2450
2461,2451
2462,2452
2463,2453
2464,2454
2465,2454
2466,2457
2467,2455
2468,2459
2469,2464
2470,2459
2471,2461
2472,2465
2473,2463
2474,2465
2475,2464
2476,2466
2477,2468
2478,2468
2479,2469
2480,2472
2481,2472
2482,2473
2483,2475
2484,2474
2485,2475
2486,2477
2487,2476
2488,2479
2489,2477
2490,2481
2491,2481
2492,2482
2493,2483
2494,2483
2495,2483
2496,2485
2497,2488
2498,2488
2499,2490
2500,2491
2501,2492
2502,2493
2503,2492
2504,2495
2505,2494
2506,2496
2507,2496
2508,2498
2509,2499
2510,2501
2511,2516
2512,2501
2513,2504
2514,2503
2515,2505
2516,2507
2517,2507
2518,2508
2519,2508
2520,2510
2521,2510
2522,2513
2523,2514
2524,2514
2525,2515
2526,2517
2527,2518
2528,2517
2529,2520
2530,2519
2531,2522
2532,2523
2533,2530
2534,2523
2535,2524
2536,2525
2537,2526
2538,2528
2539,2528
2540,2529
2541,2528
2542,2534
2543,2534
2544,2534
2545,2535
2546,2536
2547,2535
2548,2539
2549,2540
2550,2544
2551,2540
2552,2542
2553,2542
2554,2543
2555,2540
2556,2546
2557,2547
2558,2547
2559,2549
2560,2549
2561,2552
2562,2553
2563,2556
2564,2553
2565,2556
2566,2560
2567,2557
2568,2559
2569,2558
2570,2560
2571,2563
2572,2560
2573,2563
2574,2564
2575,2566
2576,2568
2577,2567
2578,2568
2579,2569
2580,2570
2581,2570
2582,2572
2583,2572
2584,2574
2585,2575
2586,2575
2587,2578
2588,2578
2589,2578
2590,2579
2591,2580
2592,2581
2593,2583
2594,2584
2595,2584
2596,2586
2597,2586
2598,2588
2599,2593
2600,2590
2601,2605
2602,2593
2603,2592
2604,2593
2605,2594
2606,2600
2607,2597
2608,2601
2609,2597
2610,2601
2611,2601
2612,2599
2613,2602
2614,2607
2615,2611
2616,2605
2617,2606
2618,2608
2619,2607
2620,2612
2621,2611
2622,2610
2623,2614
2624,2611
2625,2615
2626,2616
2627,2617
2628,2617
2629,2619
2630,2619
2631,2621
2632,2619
2633,2623
2634,2624
2635,2625
2636,2626
2637,2615
2638,2628
2639,2628
2640,2630
2641,2630
2642,2635
2643,2633
2644,2645
2645,2634
2646,2640
2647,2638
2648,2638
2649,2645
2650,2640
2651,2641
2652,2640
2653,2643
2654,2642
2655,2645
2656,2645
2657,2648
2658,2648
2659,2647
2660,2650
2661,2650
2662,2650
2663,2653
2664,2654
2665,2654
2666,2655
2667,2656
2668,2658
2669,2658
2670,2658
2671,2661
2672,2662
2673,2662
2674,2664
2675,2664
2676,2665
2677,2669
2678,2666
2679,2669
2680,2669
2681,2670
2682,2671
2683,2674
2684,2674
2685,2675
2686,2675
2687,2676
2688,2677
2689,2678
2690,2673
2691,2681
2692,2681
2693,2684
2694,2684
2695,2685
2696,2685
2697,2687
2698,2687
2699,2689
2700,2689
2701,2692
2702,2702
2703,2693
2704,2694
2705,2694
2706,2696
2707,2677
2708,2698
2709,2700
2710,2699
2711,2700
2712,2699
2713,2701
2714,2701
2715,2705
2716,2705
2717,2705
2718,2706
2719,2710
2720,2709
2721,2712
2722,2710
2723,2713
2724,2713
2725,2714
2726,2716
2727,2716
2728,2717
2729,2718
2730,2721
2731,2719
2732,2720
2733,2722
2734,2722
2735,2724
2736,2726
2737,2728
2738,2728
2739,2728
2740,2730
2741,2729
2742,2731
2743,2733
2744,2733
2745,2734
2746,2735
2747,2737
2748,2736
2749,2738
2750,2740
2751,2741
2752,2742
2753,2741
2754,2742
2755,2745
2756,2745
2757,2746
2758,2747
2759,2748
2760,2749
2761,2750
2762,2750
2763,2753
2764,2753
2765,2755
2766,2757
2767,2758
2768,2756
2769,2758
2770,2759
2771,2761
2772,2764
2773,2763
2774,2763
2775,2764
2776,2765
2777,2765
2778,2767
2779,2769
2780,2768
2781,2771
2782,2771
2783,2773
2784,2773
2785,2775
2786,2776
2787,2776
2788,2777
2789,2775
2790,2780
2791,2780
2792,2780
2793,2782
2794,2783
2795,2786
2796,2785
2797,2786
2798,2788
2799,2788
2800,2781
2801,2791
2802,2792
2803,2793
2804,2793
2805,2795
2806,2796
2807,2796
2808,2794
2809,2799
2810,2805
2811,2800
2812,2802
2813,2800
2814,2804
2815,2823
2816,2806
2817,2806
2818,2808
2819,2808
2820,2809
2821,2811
2822,2811
2823,2817
2824,2814
2825,2814
2826,2816
2827,2815
2828,2819
2829,2818
2830,2819
2831,2820
2832,2822
2833,2821
2834,2816
2835,2826
2836,2824
2837,2828
2838,2828
2839,2830
2840,2829
2841,2831
2842,2831
2843,2832
2844,2833
2845,2835
2846,2835
2847,2838
2848,2838
2849,2836
2850,2840
2851,2841
2852,2841
2853,2843
2854,2842
2855,2844
2856,2846
2857,2846
2858,2845
2859,2848
2860,2850
2861,2851
2862,2852
2863,2842
2864,2855
2865,2854
2866,2855
2867,2857
2868,2854
2869,2858
2870,2859
2871,2860
2872,2862
2873,2862
2874,2864
2875,2865
2876,2866
2877,2866
2878,2867
2879,2868
2880,2869
2881,2870
2882,2871
2883,2872
2884,2874
2885,2869
2886,2876
2887,2874
2888,2876
2889,2879
2890,2879
2891,2879
2892,2881
2893,2883
2894,2883
2895,2884
2896,2884
2897,2888
2898,2882
2899,2887
2900,2890
2901,2889
2902,2890
2903,2893
2904,2893
2905,2895
2906,2896
2907,2896
2908,2895
2909,2899
2910,2901
2911,2902
2912,2902
2913,2902
2914,2904
2915,2905
2916,2899
2917,2905
2918,2906
2919,2908
2920,2911
2921,2910
2922,2914
2923,2912
2924,2914
2925,2914
2926,2916
2927,2920
2928,2919
2929,2912
2930,2918
2931,2921
2932,2921
2933,2921
2934,2921
2935,2924
2936,2928
2937,2926
2938,2927
2939,2934
2940,2930
2941,2930
2942,2931
2943,2932
2944,2933
2945,2935
2946,2935
2947,2938
2948,2938
2949,2938
2950,2940
2951,2944
2952,2942
2953,2942
2954,2944
2955,2942
2956,2943
2957,2947
2958,2947
2959,2948
2960,2949
2961,2949
2962,2951
2963,2954
2964,2952
2965,2953
2966,2955
2967,2956
2968,2956
2969,2958
2970,2959
2971,2959
2972,2960
2973,2962
2974,2963
2975,2963
2976,2975
2977,2966
2978,2967
2979,2968
2980,2968
2981,2969
2982,2970
2983,2973
2984,2972
2985,2974
2986,2976
2987,2977
2988,2976
2989,2977
2990,2979
2991,2979
2992,2983
2993,2980
2994,2984
2995,2985
2996,2984
2997,2982
2998,2986
2999,2988
3000,2987
3001,2990
3002,2991
3003,2992
3004,2991
3005,2993
3006,2995
3007,2994
3008,2998
3009,2997
3010,2998
3011,3000
3012,3004
3013,3002
3014,3004
3015,3004
3016,3005
3017,3009
3018,3008
3019,3008
3020,3007
3021,3011
3022,3014
3023,3011
3024,3012
3025,3015
3026,3016
3027,3016
3028,3017
3029,3015
3030,3019
3031,3020
3032,3023
3033,3022
3034,3020
3035,3025
3036,3024
3037,3024
3038,3029
3039,3028
3040,3030
3041,3033
3042,3034
3043,3035
3044,3032
3045,3035
3046,3035
3047,3038
3048,3037
3049,3038
3050,3040
3051,3041
3052,3041
3053,3043
3054,3046
3055,3045
3056,3046
3057,3045
3058,3047
3059,3052
3060,3050
3061,3045
3062,3050
3063,3052
3064,3054
3065,3056
3066,3056
3067,3056
3068,3058
3069,3058
3070,3059
3071,3059
3072,3061
3073,3062
3074,3064
3075,3064
3076,3066
3077,3066
3078,3066
3079,3068
3080,3068
3081,3071
3082,3066
3083,3072
3084,3073
3085,3075
3086,3075
3087,3080
3088,3076
3089,3078
3090,3079
3091,3081
3092,3080
3093,3084
3094,3083
3095,3085
3096,3089
3097,3086
3098,3088
3099,3089
3100,3091
3101,3091
3102,3092
3103,3093
3104,3091
3105,3093
3106,3098
3107,3097
3108,3099
3109,3098
3110,3099
3111,3099
3112,3101
3113,3108
3114,3104
3115,3099
3116,3105
3117,3106
3118,3107
3119,3108
3120,3112
3121,3110
3122,3110
3123,3112
3124,3113
3125,3113
3126,3118
3127,3114
3128,3118
3129,3119
3130,3120
3131,3120
3132,3120
3133,3123
3134,3123
3135,3124
3136,3124
3137,3126
3138,3127
3139,3130
3140,3129
3141,3130
3142,3131
3143,3134
3144,3131
3145,3135
3146,3136
3147,3137
3148,3143
3149,3138
3150,3139
3151,3139
3152,3143
3153,3142
3154,3144
3155,3143
3156,3145
3157,3146
3158,3148
3159,3147
3160,3150
3161,3151
3162,3151
3163,3151
3164,3153
3165,3154
3166,3155
3167,3156
3168,3157
3169,3145
3170,3158
3171,3159
3172,3161
3173,3161
3174,3164
3175,3163
3176,3165
3177,3165
3178,3166
3179,3169
3180,3168
3181,3170
3182,3170
3183,3172
3184,3172
3185,3174
3186,3176
3187,3175
3188,3176
3189,3177
3190,3179
3191,3180
3192,3180
3193,3182
3194,3183
3195,3186
3196,3185
3197,3187
3198,3186
3199,3190
3200,3189
3201,3191
3202,3191
3203,3191
3204,3194
3205,3195
3206,3195
3207,3195
3208,3195
3209,3197
3210,3198
3211,3201
3212,3200
3213,3201
3214,3202
3215,3203
3216,3206
3217,3205
3218,3207
3219,3205
3220,3209
3221,3209
3222,3209
3223,3210
3224,3210
3225,3212
3226,3215
3227,3215
3228,3216
3229,3217
3230,3219
3231,3220
3232,3221
3233,3222
3234,3223
3235,3223
3236,3225
3237,3225
3238,3227
3239,3226
3240,3229
3241,3227
3242,3230
3243,3231
3244,3231
3245,3232
3246,3233
3247,3235
3248,3237
3249,3237
3250,3240
3251,3239
3252,3240
3253,3241
3254,3243
3255,3242
3256,3244
3257,3246
3258,3247
3259,3248
3260,3248
3261,3250
3262,3250
3263,3251
3264,3252
3265,3253
3266,3254
3267,3256
3268,3259
3269,3257
3270,3257
3271,3261
3272,3260
3273,3261
3274,3263
3275,3264
3276,3265
3277,3263
3278,3267
3279,3267
3280,3268
3281,3269
3282,3270
3283,3272
3284,3273
3285,3273
3286,3274
3287,3275
3288,3277
3289,3276
3290,3280
3291,3281
3292,3281
3293,3281
3294,3281
3295,3283
3296,3286
3297,3285
3298,3287
3299,3287
3300,3289
3301,3291
3302,3291
3303,3291
3304,3292
3305,3296
3306,3295
3307,3296
3308,3295
3309,3296
3310,3299
3311,3299
3312,3300
3313,3300
3314,3302
3315,3303
3316,3304
3317,3307
3318,3306
3319,3308
3320,3309
3321,3309
3322,3311
3323,3310
3324,3312
3325,3313
3326,3313
3327,3317
3328,3317
3329,3317
3330,3318
3331,3317
3332,3319
3333,3322
3334,3322
3335,3323
3336,3325
3337,3326
3338,3326
3339,3328
3340,3329
3341,3330
3342,3331
3343,3331
3344,3332
3345,3332
3346,3332
3347,3335
3348,3337
3349,3336
3350,3339
3351,3339
3352,3341
3353,3341
3354,3343
3355,3343
3356,3345
3357,3345
3358,3347
3359,3345
3360,3348
3361,3349
3362,3349
3363,3351
3364,3353
3365,3353
3366,3344
3367,3356
3368,3354
3369,3357
3370,3358
3371,3360
3372,3363
3373,3362
3374,3361
3375,3362
3376,3364
3377,3364
3378,3366
3379,3365
3380,3370
3381,3376
3382,3370
3383,3370
3384,3371
3385,3374
3386,3374
3387,3376
3388,3376
3389,3378
3390,3371
3391,3379
3392,3380
3393,3381
3394,3382
3395,3384
3396,3384
3397,3384
3398,3385
3399,3387
3400,3393
3401,3390
3402,3390
3403,3390
3404,3393
3405,3393
3406,3395
3407,3395
3408,3396
3409,3397
3410,3398
3411,3399
3412,3400
3413,3401
3414,3416
3415,3402
3416,3405
3417,3406
3418,3405
3419,3410
3420,3407
3421,3410
3422,3410
3423,3411
3424,3411
3425,3414
3426,3412
3427,3415
3428,3415
3429,3415
3430,3418
3431,3418
3432,3419
3433,3421
3434,3421
3435,3422
3436,3424
3437,3426
3438,3428
3439,3428
3440,3426
3441,3429
3442,3431
3443,3431
3444,3432
3445,3432
3446,3434
3447,3434
3448,3436
3449,3439
3450,3437
3451,3443
3452,3440
3453,3444
3454,3442
3455,3443
3456,3439
3457,3444
3458,3446
3459,3445
3460,3447
3461,3446
3462,3449
3463,3450
3464,3466
3465,3452
3466,3453
3467,3454
3468,3455
3469,3457
3470,3458
3471,3459
3472,3459
3473,3461
3474,3461
3475,3462
3476,3463
3477,3465
3478,3463
3479,3468
3480,3467
3481,3468
3482,3469
3483,3468
3484,3472
3485,3473
3486,3473
3487,3474
3488,3475
3489,3477
3490,3478
3491,3481
3492,3480
3493,3479
3494,3481
3495,3495
3496,3483
3497,3483
3498,3484
3499,3485
3500,3483
3501,3487
3502,3490
3503,3492
3504,3492
3505,3496
3506,3493
3507,3494
3508,3495
3509,3496
3510,3497
3511,3499
3512,3491
3513,3499
3514,3502
3515,3503
3516,3503
3517,3501
3518,3506
3519,3508
3520,3506
3521,3508
3522,3508
3523,3510
3524,3511
3525,3512
3526,3513
3527,3515
3528,3517
3529,3514
3530,3517
3531,3518
3532,3519
3533,3521
3534,3520
3535,3523
3536,3526
3537,3524
3538,3525
3539,3526
3540,3527
3541,3526
3542,3529
3543,3531
3544,3531
3545,3532
3546,3533
3547,3533
3548,3534
3549,3538
3550,3535
3551,3537
3552,3540
3553,3540
3554,3540
3555,3542
3556,3545
3557,3545
3558,3545
3559,3546
3560,3547
3561,3549
3562,3549
3563,3551
3564,3557
3565,3552
3566,3553
3567,3554
3568,3555
3569,3556
3570,3557
3571,3558
3572,3559
3573,3559
3574,3560
3575,3565
3576,3562
3577,3563
3578,3565
3579,3567
3580,3567
3581,3567
3582,3569
3583,3569
3584,3569
3585,3571
3586,3573
3587,3575
3588,3575
3589,3577
3590,3577
3591,3579
3592,3579
3593,3580
3594,3580
3595,3582
3596,3583
3597,3585
3598,3583
3599,3587
3600,3586
3601,3588
3602,3588
3603,3591
3604,3590
3605,3589
3606,3593
3607,3593
3608,3594
3609,3595
3610,3594
3611,3598
3612,3599
3613,3601
3614,3601
3615,3598
3616,3603
3617,3603
3618,3606
3619,3605
3620,3606
3621,3609
3622,3609
3623,3609
3624,3611
3625,3612
3626,3613
3627,3613
3628,3615
3629,3615
3630,3617
3631,3618
3632,3620
3633,3620
3634,3623
3635,3621
3636,3623
3637,3623
3638,3625
3639,3626
3640,3626
3641,3627
3642,3630
3643,3630
3644,3631
3645,3630
3646,3633
3647,3637
3648,3631
3649,3635
3650,3636
3651,3637
3652,3639
3653,3639
3654,3641
3655,3642
3656,3642
3657,3643
3658,3644
3659,3643
3660,3646
3661,3649
3662,3649
3663,3651
3664,3651
3665,3651
3666,3654
3667,3654
3668,3653
3669,3655
3670,3657
3671,3658
3672,3659
3673,3674
3674,3662
3675,3661
3676,3659
3677,3664
3678,3665
3679,3666
3680,3645
3681,3665
3682,3669
3683,3667
3684,3670
3685,3671
3686,3673
3687,3677
3688,3674
3689,3678
3690,3675
3691,3677
3692,3677
3693,3680
3694,3678
3695,3682
3696,3682
3697,3683
3698,3683
3699,3686
3700,3686
3701,3687
3702,3691
3703,3687
3704,3691
3705,3691
3706,3692
3707,3695
3708,3695
3709,3693
3710,3695
3711,3697
3712,3699
3713,3701
3714,3699
3715,3701
3716,3702
3717,3704
3718,3705
3719,3706
3720,3706
3721,3707
3722,3708
3723,3709
3724,3709
3725,3714
3726,3713
3727,3713
3728,3715
3729,3715
3730,3716
3731,3716
3732,3718
3733,3719
3734,3723
3735,3720
3736,3722
3737,3723
3738,3724
3739,3726
3740,3725
3741,3727
3742,3728
3743,3730
3744,3730
3745,3731
3746,3735
3747,3733
3748,3734
3749,3734
3750,3735
3751,3737
3752,3737
3753,3746
3754,3739
3755,3740
3756,3740
3757,3744
3758,3733
3759,3745
3760,3760
3761,3747
3762,3748
3763,3751
3764,3749
3765,3747
3766,3752
3767,3729
3768,3756
3769,3755
3770,3757
3771,3758
3772,3758
3773,3759
3774,3760
3775,3760
3776,3761
3777,3764
3778,3764
3779,3769
3780,3767
3781,3769
3782,3768
3783,3770
3784,3764
3785,3770
3786,3773
3787,3773
3788,3774
3789,3775
3790,3777
3791,3777
3792,3777
3793,3779
3794,3778
3795,3780
3796,3771
3797,3782
3798,3784
3799,3784
3800,3785
3801,3786
3802,3788
3803,3790
3804,3790
3805,3792
3806,3790
3807,3793
3808,3793
3809,3795
3810,3797
3811,3798
3812,3799
3813,3799
3814,3800
3815,3791
3816,3802
3817,3807
3818,3804
3819,3805
3820,3816
3821,3802
3822,3809
3823,3809
3824,3810
3825,3811
3826,3812
3827,3813
3828,3813
3829,3814
3830,3816
3831,3815
3832,3822
3833,3820
3834,3819
3835,3821
3836,3821
3837,3823
3838,3825
3839,3825
3840,3826
3841,3827
3842,3828
3843,3830
3844,3831
3845,3832
3846,3831
3847,3833
3848,3836
3849,3837
3850,3837
3851,3836
3852,3839
3853,3838
3854,3837
3855,3842
3856,3842
3857,3848
3858,3843
3859,3845
3860,3846
3861,3847
3862,3848
3863,3849
3864,3849
3865,3849
3866,3851
3867,3849
3868,3854
3869,3859
3870,3855
3871,3856
3872,3857
3873,3861
3874,3859
3875,3852
3876,3862
3877,3862
3878,3864
3879,3867
3880,3866
3881,3866
3882,3868
3883,3868
3884,3869
3885,3871
3886,3871
3887,3872
3888,3873
3889,3874
3890,3875
3891,3877
3892,3876
3893,3881
3894,3880
3895,3881
3896,3877
3897,3883
3898,3882
3899,3880
3900,3885
3901,3883
3902,3887
3903,3891
3904,3889
3905,3897
3906,3892
3907,3893
3908,3893
3909,3894
3910,3899
3911,3896
3912,3900
3913,3897
3914,3900
3915,3901
3916,3902
3917,3902
3918,3904
3919,3903
3920,3906
3921,3906
3922,3908
3923,3908
3924,3909
3925,3911
3926,3905
3927,3913
3928,3914
3929,3915
3930,3916
3931,3916
3932,3917
3933,3919
3934,3919
3935,3921
3936,3920
3937,3925
3938,3924
3939,3924
3940,3933
3941,3923
3942,3928
3943,3929
3944,3930
3945,3930
3946,3931
3947,3932
3948,3936
3949,3935
3950,3933
3951,3937
3952,3939
3953,3937
3954,3939
3955,3937
3956,3941
3957,3944
3958,3943
3959,3944
3960,3945
3961,3945
3962,3947
3963,3949
3964,3950
3965,3948
3966,3953
3967,3954
3968,3952
3969,3954
3970,3955
3971,3956
3972,3954
3973,3958
3974,3959
3975,3960
3976,3963
3977,3961
3978,3965
3979,3965
3980,3964
3981,3967
3982,3966
3983,3965
3984,3970
3985,3970
3986,3971
3987,3972
3988,3974
3989,3975
3990,3976
3991,3975
3992,3977
3993,3977
3994,3977
3995,3979
3996,3981
3997,3982
3998,3985
3999,3983
4000,3985
4001,3985
4002,3987
4003,3989
4004,3989
4005,3980
4006,3990
4007,3993
4008,3992
4009,3995
4010,3996
4011,3996
4012,3998
4013,3998
4014,3999
4015,3999
4016,4003
4017,4003
4018,4002
4019,4005
4020,4005
4021,3994
4022,4008
4023,4010
4024,4009
4025,4010
4026,4012
4027,4013
4028,4015
4029,4014
4030,4016
4031,4017
4032,4017
4033,4020
4034,4020
4035,4021
4036,4021
4037,4023
4038,4025
4039,4024
4040,4024
4041,4025
4042,4028
4043,4029
4044,4030
4045,4029
4046,4032
4047,4033
4048,4034
4049,4035
4050,4036
4051,4036
4052,4035
4053,4041
4054,4039
4055,4040
4056,4042
4057,4043
4058,4044
4059,4045
4060,4046
4061,4046
4062,4046
4063,4049
4064,4049
4065,4051
4066,4052
4067,4051
4068,4052
4069,4054
4070,4056
4071,4056
4072,4058
4073,4058
4074,4061
4075,4060
4076,4062
4077,4063
4078,4056
4079,4064
4080,4065
4081,4065
4082,4068
4083,4068
4084,4069
4085,4069
4086,4074
4087,4073
4088,4072
4089,4074
4090,4075
4091,4076
4092,4077
4093,4076
4094,4077
4095,4076