0,1
1,1
2,1
3,1
4,1
5,1
6,1
7,1
8,1
9,1
10,1
11,1
12,2
13,3
14,5
15,6
16,5
17,7
18,9
19,10
20,9
21,11
22,13
23,13
24,13
25,14
26,17
27,17
28,16
29,17
30,22
31,22
32,21
33,26
34,24
35,25
36,26
37,27
38,28
39,29
40,30
41,32
42,32
43,33
44,33
45,34
46,37
47,36
48,38
49,40
50,38
51,41
52,43
53,42
54,44
55,44
56,46
57,47
58,48
59,47
60,50
61,52
62,52
63,53
64,54
65,54
66,56
67,57
68,57
69,57
70,59
71,61
72,62
73,62
74,63
75,65
76,66
77,66
78,66
79,68
80,67
81,70
82,72
83,73
84,74
85,75
86,75
87,77
88,77
89,78
90,80
91,80
92,83
93,85
94,85
95,85
96,86
97,87
98,89
99,87
100,89
101,91
102,92
103,91
104,94
105,97
106,96
107,96
108,97
109,98
110,99
111,101
112,101
113,100
114,104
115,104
116,106
117,106
118,107
119,108
120,110
121,111
122,111
123,112
124,113
125,115
126,116
127,117
128,117
129,118
130,120
131,121
132,122
133,123
134,123
135,127
136,126
137,126
138,127
139,128
140,129
141,131
142,131
143,132
144,134
145,135
146,135
147,137
148,138
149,138
150,139
151,137
152,141
153,143
154,143
155,145
156,144
157,148
158,147
159,148
160,148
161,150
162,150
163,151
164,154
165,153
166,155
167,157
168,157
169,158
170,158
171,161
172,162
173,162
174,164
175,165
176,165
177,166
178,168
179,169
180,170
181,171
182,171
183,173
184,173
185,175
186,174
187,177
188,177
189,178
190,179
191,182
192,181
193,181
194,184
195,183
196,184
197,186
198,188
199,187
200,188
201,191
202,191
203,193
204,193
205,194
206,194
207,195
208,197
209,198
210,199
211,205
212,201
213,203
214,203
215,202
216,205
217,205
218,207
219,208
220,210
221,209
222,210
223,212
224,212
225,214
226,215
227,215
228,217
229,218
230,220
231,219
232,220
233,223
234,223
235,225
236,225
237,226
238,227
239,227
240,229
241,230
242,235
243,232
244,234
245,235
246,236
247,237
248,237
249,239
250,240
251,241
252,242
253,243
254,245
255,244
256,245
257,246
258,248
259,249
260,249
261,251
262,252
263,253
264,254
265,256
266,256
267,256
268,257
269,259
270,261
271,261
272,261
273,264
274,264
275,264
276,266
277,267
278,266
279,269
280,270
281,272
282,272
283,273
284,274
285,276
286,277
287,278
288,278
289,278
290,280
291,280
292,281
293,283
294,283
295,285
296,286
297,285
298,288
299,290
300,290
301,290
302,292
303,293
304,295
305,294
306,296
307,298
308,298
309,299
310,301
311,303
312,302
313,302
314,305
315,305
316,305
317,305
318,307
319,309
320,310
321,311
322,311
323,312
324,315
325,313
326,316
327,316
328,318
329,317
330,320
331,321
332,322
333,324
334,324
335,325
336,326
337,328
338,328
339,328
340,329
341,332
342,333
343,334
344,334
345,335
346,336
347,336
348,338
349,338
350,340
351,341
352,342
353,344
354,345
355,344
356,346
357,347
358,348
359,349
360,349
361,351
362,351
363,354
364,354
365,355
366,356
367,356
368,359
369,359
370,361
371,361
372,364
373,362
374,364
375,368
376,366
377,366
378,369
379,371
380,371
381,370
382,372
383,373
384,373
385,375
386,377
387,377
388,380
389,379
390,381
391,381
392,382
393,383
394,384
395,386
396,387
397,388
398,388
399,389
400,390
401,393
402,392
403,393
404,395
405,394
406,397
407,397
408,398
409,399
410,399
411,401
412,402
413,401
414,403
415,405
416,406
417,407
418,408
419,409
420,410
421,411
422,413
423,414
424,414
425,414
426,416
427,417
428,418
429,419
430,421
431,422
432,423
433,423
434,424
435,425
436,425
437,424
438,429
439,427
440,430
441,431
442,431
443,434
444,435
445,435
446,436
447,436
448,438
449,437
450,439
451,442
452,441
453,443
454,445
455,444
456,446
457,447
458,449
459,449
460,450
461,451
462,451
463,454
464,454
465,455
466,453
467,457
468,458
469,459
470,459
471,461
472,462
473,463
474,464
475,466
476,466
477,467
478,470
479,468
480,470
481,470
482,473
483,473
484,474
485,473
486,476
487,478
488,478
489,479
490,480
491,481
492,482
493,483
494,484
495,485
496,486
497,487
498,488
499,490
500,490
501,491
502,492
503,494
504,494
505,496
506,496
507,497
508,498
509,499
510,499
511,502
512,502
513,501
514,503
515,505
516,505
517,508
518,508
519,508
520,510
521,511
522,513
523,512
524,514
525,515
526,516
527,516
528,517
529,519
530,519
531,521
532,523
533,522
534,525
535,524
536,526
537,527
538,528
539,529
540,527
541,531
542,533
543,531
544,533
545,535
546,534
547,539
548,538
549,537
550,540
551,542
552,543
553,543
554,544
555,545
556,547
557,546
558,548
559,548
560,549
561,550
562,552
563,552
564,555
565,553
566,555
567,557
568,558
569,559
570,561
571,562
572,561
573,562
574,563
575,564
576,566
577,567
578,568
579,569
580,570
581,570
582,573
583,572
584,574
585,576
586,576
587,577
588,579
589,578
590,580
591,581
592,581
593,583
594,584
595,586
596,585
597,586
598,587
599,589
600,590
601,590
602,593
603,591
604,593
605,595
606,596
607,598
608,598
609,596
610,600
611,600
612,601
613,602
614,605
615,605
616,606
617,606
618,608
619,609
620,609
621,610
622,612
623,614
624,614
625,615
626,616
627,616
628,617
629,620
630,619
631,619
632,623
633,623
634,624
635,625
636,626
637,626
638,628
639,630
640,631
641,630
642,631
643,633
644,635
645,635
646,635
647,638
648,639
649,638
650,640
651,641
652,640
653,642
654,644
655,644
656,647
657,647
658,648
659,650
660,651
661,650
662,653
663,652
664,653
665,656
666,658
667,657
668,658
669,659
670,660
671,663
672,663
673,663
674,663
675,665
676,666
677,668
678,668
679,668
680,671
681,671
682,673
683,674
684,674
685,676
686,675
687,677
688,678
689,679
690,680
691,680
692,684
693,684
694,685
695,686
696,685
697,689
698,689
699,689
700,691
701,692
702,693
703,693
704,695
705,695
706,696
707,698
708,698
709,700
710,699
711,701
712,703
713,704
714,705
715,704
716,707
717,708
718,709
719,709
720,711
721,713
722,709
723,711
724,714
725,716
726,716
727,718
728,717
729,719
730,721
731,722
732,721
733,724
734,724
735,725
736,727
737,728
738,729
739,728
740,730
741,732
742,732
743,734
744,733
745,735
746,736
747,738
748,739
749,739
750,742
751,742
752,744
753,744
754,745
755,743
756,746
757,747
758,750
759,750
760,750
761,755
762,752
763,756
764,754
765,756
766,757
767,757
768,760
769,760
770,761
771,762
772,763
773,765
774,765
775,766
776,769
777,768
778,767
779,771
780,771
781,771
782,773
783,775
784,775
785,776
786,776
787,778
788,780
789,781
790,782
791,783
792,782
793,785
794,785
795,787
796,787
797,787
798,787
799,790
800,792
801,793
802,794
803,794
804,795
805,795
806,797
807,798
808,801
809,800
810,801
811,801
812,803
813,804
814,804
815,805
816,808
817,810
818,807
819,809
820,810
821,812
822,813
823,814
824,813
825,819
826,817
827,818
828,819
829,819
830,821
831,826
832,821
833,825
834,825
835,826
836,828
837,829
838,829
839,830
840,832
841,833
842,835
843,834
844,835
845,838
846,837
847,838
848,839
849,841
850,841
851,842
852,843
853,845
854,847
855,847
856,847
857,846
858,849
859,850
860,851
861,851
862,854
863,859
864,856
865,858
866,858
867,858
868,860
869,860
870,862
871,863
872,864
873,866
874,865
875,865
876,868
877,869
878,869
879,871
880,872
881,875
882,874
883,876
884,877
885,877
886,878
887,880
888,880
889,881
890,881
891,881
892,883
893,885
894,887
895,887
896,888
897,889
898,889
899,891
900,894
901,893
902,895
903,893
904,896
905,899
906,898
907,899
908,899
909,901
910,903
911,904
912,902
913,906
914,907
915,907
916,908
917,909
918,911
919,914
920,912
921,912
922,914
923,916
924,916
925,918
926,918
927,918
928,920
929,921
930,922
931,923
932,924
933,925
934,927
935,926
936,927
937,930
938,929
939,931
940,931
941,934
942,935
943,934
944,936
945,938
946,937
947,940
948,940
949,941
950,941
951,943
952,944
953,944
954,946
955,945
956,950
957,949
958,950
959,951
960,950
961,953
962,953
963,955
964,956
965,957
966,960
967,958
968,959
969,962
970,961
971,963
972,964
973,965
974,965
975,966
976,968
977,967
978,970
979,971
980,971
981,972
982,975
983,976
984,976
985,976
986,978
987,979
988,980
989,981
990,982
991,984
992,983
993,989
994,989
995,986
996,989
997,990
998,992
999,992
1000,993
1001,993
1002,992
1003,996
1004,996
1005,998
1006,997
1007,1000
1008,1001
1009,1003
1010,1001
1011,1003
1012,1006
1013,1005
1014,1008
1015,1007
1016,1010
1017,1010
1018,1012
1019,1011
1020,1020
1021,1014
1022,1016
1023,1016
1024,1017
1025,1018
1026,1019
1027,1020
1028,1021
1029,1020
1030,1022
1031,1024
1032,1024
1033,1027
1034,1027
1035,1027
1036,1030
1037,1030
1038,1030
1039,1032
1040,1032
1041,1033
1042,1035
1043,1035
1044,1037
1045,1038
1046,1040
1047,1042
1048,1042
1049,1040
1050,1042
1051,1046
1052,1046
1053,1045
1054,1047
1055,1048
1056,1049
1057,1050
1058,1050
1059,1052
1060,1054
1061,1054
1062,1055
1063,1057
1064,1057
1065,1058
1066,1059
1067,1060
1068,1060
1069,1061
1070,1064
1071,1065
1072,1064
1073,1065
1074,1069
1075,1068
1076,1070
1077,1071
1078,1071
1079,1072
1080,1073
1081,1073
1082,1074
1083,1079
1084,1078
1085,1075
1086,1078
1087,1080
1088,1081
1089,1083
1090,1084
1091,1084
1092,1085
1093,1086
1094,1088
1095,1088
1096,1089
1097,1092
1098,1092
1099,1094
1100,1092
1101,1095
1102,1094
1103,1097
1104,1097
1105,1097
1106,1099
1107,1102
1108,1102
1109,1102
1110,1103
1111,1105
1112,1105
1113,1106
1114,1107
1115,1110
1116,1110
1117,1110
1118,1111
1119,1112
1120,1114
1121,1114
1122,1116
1123,1116
1124,1117
1125,1119
1126,1118
1127,1121
1128,1122
1129,1123
1130,1122
1131,1124
1132,1125
1133,1125
1134,1126
1135,1127
1136,1129
1137,1130
1138,1132
1139,1132
1140,1133
1141,1134
1142,1134
1143,1136
1144,1139
1145,1139
1146,1139
1147,1140
1148,1144
1149,1143
1150,1144
1151,1143
1152,1149
1153,1146
1154,1145
1155,1148
1156,1150
1157,1153
1158,1151
1159,1152
1160,1153
1161,1155
1162,1156
1163,1156
1164,1158
1165,1156
1166,1160
1167,1160
1168,1160
1169,1161
1170,1163
1171,1164
1172,1163
1173,1166
1174,1168
1175,1168
1176,1168
1177,1170
1178,1171
1179,1172
1180,1173
1181,1173
1182,1174
1183,1176
1184,1176
1185,1179
1186,1177
1187,1181
1188,1182
1189,1182
1190,1184
1191,1185
1192,1182
1193,1187
1194,1188
1195,1187
1196,1190
1197,1190
1198,1192
1199,1191
1200,1193
1201,1193
1202,1196
1203,1195
1204,1196
1205,1197
1206,1199
1207,1202
1208,1202
1209,1203
1210,1204
1211,1206
1212,1205
1213,1204
1214,1207
1215,1208
1216,1208
1217,1210
1218,1211
1219,1214
1220,1213
1221,1213
1222,1212
1223,1216
1224,1217
1225,1217
1226,1220
1227,1221
1228,1222
1229,1222
1230,1222
1231,1225
1232,1224
1233,1227
1234,1228
1235,1226
1236,1231
1237,1231
1238,1230
1239,1232
1240,1233
1241,1233
1242,1236
1243,1236
1244,1236
1245,1239
1246,1238
1247,1239
1248,1239
1249,1242
1250,1242
1251,1244
1252,1246
1253,1247
1254,1247
1255,1245
1256,1251
1257,1250
1258,1252
1259,1253
1260,1253
1261,1255
1262,1255
1263,1257
1264,1258
1265,1260
1266,1262
1267,1259
1268,1261
1269,1264
1270,1264
1271,1265
1272,1267
1273,1268
1274,1268
1275,1269
1276,1270
1277,1270
1278,1275
1279,1273
1280,1274
1281,1275
1282,1276
1283,1279
1284,1279
1285,1279
1286,1281
1287,1279
1288,1282
1289,1283
1290,1284
1291,1284
1292,1287
1293,1287
1294,1288
1295,1289
1296,1291
1297,1290
1298,1291
1299,1292
1300,1295
1301,1294
1302,1296
1303,1297
1304,1299
1305,1298
1306,1300
1307,1300
1308,1301
1309,1302
1310,1303
1311,1306
1312,1305
1313,1305
1314,1309
1315,1309
1316,1311
1317,1310
1318,1311
1319,1314
1320,1313
1321,1314
1322,1316
1323,1316
1324,1319
1325,1319
1326,1319
1327,1322
1328,1321
1329,1323
1330,1324
1331,1324
1332,1325
1333,1327
1334,1328
1335,1329
1336,1330
1337,1332
1338,1332
1339,1332
1340,1335
1341,1334
1342,1335
1343,1337
1344,1337
1345,1338
1346,1339
1347,1341
1348,1341
1349,1343
1350,1343
1351,1344
1352,1345
1353,1347
1354,1345
1355,1350
1356,1349
1357,1350
1358,1350
1359,1355
1360,1354
1361,1351
1362,1355
1363,1356
1364,1357
1365,1358
1366,1357
1367,1359
1368,1363
1369,1362
1370,1365
1371,1364
1372,1366
1373,1366
1374,1365
1375,1366
1376,1369
1377,1371
1378,1372
1379,1371
1380,1373
1381,1373
1382,1376
1383,1375
1384,1377
1385,1377
1386,1380
1387,1381
1388,1383
1389,1382
1390,1383
1391,1384
1392,1385
1393,1386
1394,1388
1395,1389
1396,1390
1397,1392
1398,1391
1399,1392
1400,1395
1401,1396
1402,1395
1403,1397
1404,1399
1405,1400
1406,1401
1407,1398
1408,1401
1409,1402
1410,1404
1411,1405
1412,1406
1413,1406
1414,1407
1415,1408
1416,1409
1417,1411
1418,1410
1419,1414
1420,1414
1421,1417
1422,1415
1423,1416
1424,1418
1425,1419
1426,1419
1427,1419
1428,1421
1429,1421
1430,1424
1431,1424
1432,1425
1433,1428
1434,1428
1435,1428
1436,1429
1437,1431
1438,1431
1439,1433
1440,1434
1441,1436
1442,1436
1443,1438
1444,1440
1445,1439
1446,1438
1447,1442
1448,1442
1449,1441
1450,1445
1451,1443
1452,1447
1453,1446
1454,1448
1455,1447
1456,1455
1457,1450
1458,1451
1459,1453
1460,1453
1461,1453
1462,1455
1463,1457
1464,1459
1465,1459
1466,1459
1467,1459
1468,1460
1469,1462
1470,1462
1471,1465
1472,1466
1473,1467
1474,1466
1475,1468
1476,1469
1477,1471
1478,1471
1479,1472
1480,1475
1481,1474
1482,1475
1483,1476
1484,1477
1485,1480
1486,1479
1487,1482
1488,1483
1489,1482
1490,1484
1491,1485
1492,1485
1493,1487
1494,1487
1495,1490
1496,1489
1497,1491
1498,1490
1499,1494
1500,1493
1501,1494
1502,1494
1503,1495
1504,1498
1505,1497
1506,1499
1507,1499
1508,1499
1509,1503
1510,1505
1511,1504
1512,1507
1513,1508
1514,1509
1515,1510
1516,1510
1517,1512
1518,1512
1519,1513
1520,1514
1521,1515
1522,1515
1523,1518
1524,1518
1525,1519
1526,1520
1527,1520
1528,1522
1529,1522
1530,1524
1531,1524
1532,1526
1533,1528
1534,1531
1535,1528
1536,1530
1537,1531
1538,1533
1539,1533
1540,1534
1541,1535
1542,1534
1543,1538
1544,1536
1545,1539
1546,1539
1547,1541
1548,1541
1549,1543
1550,1545
1551,1546
1552,1547
1553,1546
1554,1546
1555,1548
1556,1550
1557,1551
1558,1553
1559,1554
1560,1554
1561,1555
1562,1556
1563,1557
1564,1557
1565,1559
1566,1560
1567,1562
1568,1563
1569,1562
1570,1563
1571,1565
1572,1567
1573,1567
1574,1568
1575,1569
1576,1571
1577,1569
1578,1574
1579,1575
1580,1574
1581,1575
1582,1576
1583,1577
1584,1577
1585,1579
1586,1579
1587,1580
1588,1583
1589,1582
1590,1584
1591,1583
1592,1588
1593,1587
1594,1586
1595,1588
1596,1587
1597,1588
1598,1592
1599,1593
1600,1593
1601,1596
1602,1596
1603,1598
1604,1600
1605,1597
1606,1600
1607,1599
1608,1602
1609,1601
1610,1605
1611,1604
1612,1606
1613,1604
1614,1606
1615,1609
1616,1610
1617,1612
1618,1610
1619,1610
1620,1613
1621,1615
1622,1616
1623,1616
1624,1617
1625,1618
1626,1620
1627,1622
1628,1623
1629,1623
1630,1624
1631,1625
1632,1626
1633,1627
1634,1627
1635,1629
1636,1629
1637,1631
1638,1632
1639,1633
1640,1632
1641,1635
1642,1637
1643,1636
1644,1637
1645,1639
1646,1640
1647,1641
1648,1641
1649,1644
1650,1643
1651,1644
1652,1647
1653,1646
1654,1647
1655,1648
1656,1650
1657,1650
1658,1651
1659,1656
1660,1655
1661,1655
1662,1656
1663,1658
1664,1657
1665,1658
1666,1659
1667,1660
1668,1659
1669,1663
1670,1663
1671,1665
1672,1664
1673,1667
1674,1667
1675,1668
1676,1668
1677,1669
1678,1671
1679,1673
1680,1674
1681,1674
1682,1676
1683,1676
1684,1677
1685,1678
1686,1680
1687,1680
1688,1681
1689,1683
1690,1683
1691,1684
1692,1685
1693,1686
1694,1687
1695,1689
1696,1690
1697,1690
1698,1692
1699,1693
1700,1693
1701,1694
1702,1696
1703,1696
1704,1697
1705,1699
1706,1700
1707,1701
1708,1701
1709,1702
1710,1704
1711,1705
1712,1705
1713,1707
1714,1708
1715,1710
1716,1710
1717,1710
1718,1711
1719,1713
1720,1715
1721,1714
1722,1714
1723,1717
1724,1717
1725,1717
1726,1718
1727,1721
1728,1722
1729,1722
1730,1723
1731,1726
1732,1724
1733,1727
1734,1727
1735,1729
1736,1729
1737,1729
1738,1731
1739,1733
1740,1732
1741,1733
1742,1736
1743,1736
1744,1738
1745,1737
1746,1739
1747,1740
1748,1741
1749,1743
1750,1744
1751,1746
1752,1745
1753,1747
1754,1748
1755,1749
1756,1747
1757,1751
1758,1750
1759,1753
1760,1753
1761,1753
1762,1754
1763,1756
1764,1757
1765,1758
1766,1756
1767,1761
1768,1761
1769,1764
1770,1763
1771,1765
1772,1766
1773,1767
1774,1767
1775,1768
1776,1769
1777,1771
1778,1771
1779,1772
1780,1775
1781,1774
1782,1775
1783,1778
1784,1776
1785,1778
1786,1778
1787,1778
1788,1780
1789,1782
1790,1785
1791,1784
1792,1785
1793,1788
1794,1787
1795,1790
1796,1790
1797,1790
1798,1790
1799,1792
1800,1792
1801,1795
1802,1795
1803,1797
1804,1797
1805,1798
1806,1800
1807,1800
1808,1801
1809,1801
1810,1804
1811,1804
1812,1804
1813,1805
1814,1806
1815,1809
1816,1808
1817,1808
1818,1812
1819,1811
1820,1812
1821,1815
1822,1815
1823,1816
1824,1817
1825,1817
1826,1820
1827,1820
1828,1820
1829,1821
1830,1823
1831,1824
1832,1824
1833,1826
1834,1826
1835,1829
1836,1830
1837,1830
1838,1831
1839,1831
1840,1836
1841,1835
1842,1834
1843,1836
1844,1838
1845,1838
1846,1839
1847,1841
1848,1840
1849,1843
1850,1842
1851,1842
1852,1844
1853,1846
1854,1848
1855,1849
1856,1849
1857,1850
1858,1850
1859,1852
1860,1851
1861,1854
1862,1855
1863,1856
1864,1857
1865,1858
1866,1859
1867,1860
1868,1861
1869,1863
1870,1862
1871,1864
1872,1866
1873,1865
1874,1867
1875,1868
1876,1869
1877,1871
1878,1871
1879,1871
1880,1873
1881,1875
1882,1876
1883,1876
1884,1877
1885,1878
1886,1880
1887,1879
1888,1881
1889,1883
1890,1882
1891,1882
1892,1885
1893,1885
1894,1886
1895,1888
1896,1889
1897,1890
1898,1891
1899,1892
1900,1894
1901,1895
1902,1895
1903,1896
1904,1898
1905,1899
1906,1900
1907,1901
1908,1901
1909,1903
1910,1902
1911,1903
1912,1906
1913,1907
1914,1907
1915,1909
1916,1908
1917,1910
1918,1910
1919,1911
1920,1913
1921,1915
1922,1914
1923,1915
1924,1918
1925,1918
1926,1919
1927,1920
1928,1921
1929,1921
1930,1924
1931,1923
1932,1926
1933,1927
1934,1927
1935,1931
1936,1927
1937,1931
1938,1930
1939,1932
1940,1933
1941,1934
1942,1935
1943,1936
1944,1936
1945,1938
1946,1940
1947,1938
1948,1941
1949,1941
1950,1943
1951,1944
1952,1945
1953,1947
1954,1947
1955,1948
1956,1949
1957,1951
1958,1951
1959,1953
1960,1953
1961,1957
1962,1954
1963,1956
1964,1957
1965,1958
1966,1959
1967,1959
1968,1961
1969,1961
1970,1966
1971,1963
1972,1966
1973,1966
1974,1966
1975,1967
1976,1969
1977,1970
1978,1972
1979,1972
1980,1974
1981,1973
1982,1974
1983,1977
1984,1975
1985,1979
1986,1979
1987,1980
1988,1980
1989,1981
1990,1982
1991,1985
1992,1984
1993,1986
1994,1987
1995,1988
1996,1989
1997,1988
1998,1988
1999,1993
2000,1991
2001,1992
2002,1994
2003,1995
2004,1997
2005,1998
2006,2002
2007,2000
2008,2003
2009,2003
2010,2003
2011,2002
2012,2006
2013,2007
2014,2007
2015,2010
2016,2009
2017,2011
2018,2012
2019,2012
2020,2014
2021,2014
2022,2016
2023,2018
2024,2018
2025,2018
2026,2019
2027,2019
2028,2021
2029,2022
2030,2023
2031,2023
2032,2026
2033,2027
2034,2028
2035,2027
2036,2030
2037,2030
2038,2031
2039,2032
2040,2031
2041,2036
2042,2034
2043,2037
2044,2038
2045,2039
2046,2040
2047,2039
2048,2041
2049,2044
2050,2045
2051,2045
2052,2046
2053,2044
2054,2049
2055,2049
2056,2050
2057,2050
2058,2052
2059,2053
2060,2054
2061,2054
2062,2056
2063,2057
2064,2058
2065,2059
2066,2059
2067,2062
2068,2062
2069,2063
2070,2066
2071,2063
2072,2064
2073,2065
2074,2067
2075,2068
2076,2069
2077,2071
2078,2071
2079,2072
2080,2075
2081,2074
2082,2076
2083,2078
2084,2078
2085,2078
2086,2080
2087,2080
2088,2083
2089,2082
2090,2085
2091,2085
2092,2086
2093,2086
2094,2089
2095,2089
2096,2090
2097,2090
2098,2091
2099,2092
2100,2093
2101,2097
2102,2096
2103,2097
2104,2098
2105,2099
2106,2101
2107,2101
2108,2102
2109,2103
2110,2104
2111,2105
2112,2106
2113,2106
2114,2106
2115,2108
2116,2112
2117,2110
2118,2111
2119,2110
2120,2114
2121,2115
2122,2115
2123,2117
2124,2118
2125,2117
2126,2119
2127,2121
2128,2122
2129,2123
2130,2124
2131,2125
2132,2127
2133,2125
2134,2127
2135,2129
2136,2129
2137,2131
2138,2131
2139,2134
2140,2134
2141,2135
2142,2136
2143,2137
2144,2137
2145,2139
2146,2141
2147,2139
2148,2140
2149,2143
2150,2144
2151,2144
2152,2144
2153,2147
2154,2148
2155,2149
2156,2149
2157,2149
2158,2149
2159,2150
2160,2152
2161,2153
2162,2156
2163,2156
2164,2156
2165,2158
2166,2159
2167,2162
2168,2161
2169,2161
2170,2163
2171,2167
2172,2164
2173,2168
2174,2167
2175,2169
2176,2169
2177,2169
2178,2172
2179,2173
2180,2174
2181,2174
2182,2175
2183,2175
2184,2176
2185,2178
2186,2179
2187,2185
2188,2182
2189,2182
2190,2185
2191,2185
2192,2187
2193,2187
2194,2189
2195,2189
2196,2190
2197,2190
2198,2190
2199,2191
2200,2194
2201,2195
2202,2195
2203,2197
2204,2198
2205,2198
2206,2199
2207,2201
2208,2200
2209,2200
2210,2203
2211,2203
2212,2204
2213,2207
2214,2207
2215,2209
2216,2210
2217,2210
2218,2211
2219,2212
2220,2215
2221,2214
2222,2217
2223,2217
2224,2219
2225,2218
2226,2224
2227,2221
2228,2220
2229,2222
2230,2224
2231,2226
2232,2224
2233,2224
2234,2228
2235,2228
2236,2230
2237,2229
2238,2231
2239,2232
2240,2233
2241,2234
2242,2236
2243,2237
2244,2236
2245,2239
2246,2237
2247,2240
2248,2241
2249,2244
2250,2242
2251,2243
2252,2245
2253,2247
2254,2248
2255,2248
2256,2249
2257,2250
2258,2249
2259,2253
2260,2256
2261,2251
2262,2257
2263,2257
2264,2257
2265,2259
2266,2259
2267,2260
2268,2263
2269,2263
2270,2263
2271,2265
2272,2266
2273,2267
2274,2267
2275,2269
2276,2269
2277,2271
2278,2271
2279,2274
2280,2274
2281,2274
2282,2275
2283,2276
2284,2278
2285,2278
2286,2280
2287,2282
2288,2283
2289,2282
2290,2284
2291,2285
2292,2285
2293,2286
2294,2287
2295,2292
2296,2289
2297,2291
2298,2291
2299,2293
2300,2294
2301,2293
2302,2297
2303,2297
2304,2297
2305,2297
2306,2297
2307,2300
2308,2302
2309,2302
2310,2304
2311,2303
2312,2306
2313,2307
2314,2307
2315,2308
2316,2310
2317,2312
2318,2312
2319,2312
2320,2313
2321,2316
2322,2316
2323,2315
2324,2318
2325,2319
2326,2321
2327,2321
2328,2322
2329,2326
2330,2325
2331,2325
2332,2327
2333,2326
2334,2329
2335,2327
2336,2329
2337,2330
2338,2331
2339,2333
2340,2333
2341,2335
2342,2336
2343,2337
2344,2336
2345,2338
2346,2341
2347,2340
2348,2341
2349,2342
2350,2345
2351,2345
2352,2347
2353,2346
2354,2349
2355,2348
2356,2349
2357,2352
2358,2352
2359,2353
2360,2353
2361,2357
2362,2356
2363,2358
2364,2358
2365,2359
2366,2358
2367,2361
2368,2363
2369,2363
2370,2364
2371,2366
2372,2365
2373,2367
2374,2367
2375,2369
2376,2370
2377,2371
2378,2372
2379,2373
2380,2374
2381,2374
2382,2376
2383,2380
2384,2377
2385,2378
2386,2379
2387,2381
2388,2383
2389,2382
2390,2384
2391,2385
2392,2385
2393,2386
2394,2388
2395,2388
2396,2390
2397,2390
2398,2391
2399,2393
2400,2393
2401,2396
2402,2395
2403,2397
2404,2398
2405,2397
2406,2397
2407,2402
2408,2401
2409,2402
2410,2403
2411,2403
2412,2407
2413,2407
2414,2406
2415,2408
2416,2411
2417,2410
2418,2411
2419,2412
2420,2413
2421,2414
2422,2414
2423,2416
2424,2419
2425,2417
2426,2419
2427,2420
2428,2422
2429,2423
2430,2426
2431,2424
2432,2426
2433,2428
2434,2427
2435,2428
2436,2430
2437,2430
2438,2432
2439,2435
2440,2435
2441,2435
2442,2438
2443,2436
2444,2436
2445,2439
2446,2438
2447,2439
2448,2443
2449,2444
2450,2441
2451,2445
2452,2445
2453,2447
2454,2447
2455,2447
2456,2450
2457,2451
2458,2451
2459,2452
2460,2454
2461,2454
2462,2456
2463,2456
2464,2457
2465,2459
2466,2458
2467,2461
2468,2461
2469,2462
2470,2463
2471,2464
2472,2466
2473,2468
2474,2466
2475,2469
2476,2469
2477,2469
2478,2473
2479,2472
2480,2474
2481,2473
2482,2476
2483,2477
2484,2477
2485,2479
2486,2479
2487,2480
2488,2480
2489,2481
2490,2484
2491,2485
2492,2484
2493,2485
2494,2488
2495,2489
2496,2488
2497,2490
2498,2492
2499,2492
2500,2494
2501,2495
2502,2494
2503,2497
2504,2497
2505,2498
2506,2498
2507,2502
2508,2500
2509,2501
2510,2501
2511,2503
2512,2505
2513,2507
2514,2505
2515,2509
2516,2509
2517,2510
2518,2512
2519,2513
2520,2512
2521,2513
2522,2514
2523,2515
2524,2515
2525,2518
2526,2518
2527,2520
2528,2519
2529,2521
2530,2524
2531,2524
2532,2524
2533,2525
2534,2526
2535,2529
2536,2531
2537,2530
2538,2531
2539,2530
2540,2533
2541,2535
2542,2536
2543,2534
2544,2540
2545,2541
2546,2538
2547,2540
2548,2542
2549,2541
2550,2544
2551,2544
2552,2544
2553,2546
2554,2550
2555,2548
2556,2550
2557,2549
2558,2552
2559,2551
2560,2553
2561,2554
2562,2556
2563,2557
2564,2557
2565,2557
2566,2560
2567,2561
2568,2561
2569,2561
2570,2563
2571,2564
2572,2563
2573,2564
2574,2566
2575,2569
2576,2568
2577,2570
2578,2570
2579,2573
2580,2573
2581,2572
2582,2574
2583,2575
2584,2576
2585,2578
2586,2578
2587,2579
2588,2580
2589,2584
2590,2583
2591,2582
2592,2585
2593,2586
2594,2585
2595,2588
2596,2588
2597,2590
2598,2591
2599,2591
2600,2591
2601,2594
2602,2596
2603,2594
2604,2595
2605,2598
2606,2599
2607,2601
2608,2602
2609,2603
2610,2603
2611,2602
2612,2604
2613,2605
2614,2607
2615,2609
2616,2609
2617,2611
2618,2613
2619,2611
2620,2612
2621,2611
2622,2614
2623,2615
2624,2616
2625,2617
2626,2616
2627,2618
2628,2624
2629,2623
2630,2623
2631,2623
2632,2621
2633,2626
2634,2625
2635,2626
2636,2629
2637,2629
2638,2630
2639,2632
2640,2632
2641,2633
2642,2636
2643,2636
2644,2637
2645,2638
2646,2638
2647,2640
2648,2639
2649,2642
2650,2643
2651,2644
2652,2645
2653,2645
2654,2644
2655,2648
2656,2647
2657,2649
2658,2651
2659,2653
2660,2653
2661,2654
2662,2656
2663,2655
2664,2656
2665,2658
2666,2658
2667,2659
2668,2661
2669,2661
2670,2663
2671,2662
2672,2665
2673,2665
2674,2665
2675,2666
2676,2667
2677,2670
2678,2669
2679,2674
2680,2672
2681,2674
2682,2674
2683,2675
2684,2676
2685,2676
2686,2678
2687,2680
2688,2680
2689,2682
2690,2684
2691,2684
2692,2683
2693,2686
2694,2687
2695,2686
2696,2687
2697,2687
2698,2690
2699,2689
2700,2693
2701,2693
2702,2694
2703,2695
2704,2694
2705,2699
2706,2697
2707,2700
2708,2701
2709,2701
2710,2702
2711,2703
2712,2703
2713,2706
2714,2706
2715,2705
2716,2709
2717,2711
2718,2709
2719,2709
2720,2713
2721,2715
2722,2714
2723,2717
2724,2715
2725,2718
2726,2718
2727,2719
2728,2720
2729,2721
2730,2722
2731,2724
2732,2725
2733,2726
2734,2726
2735,2727
2736,2729
2737,2728
2738,2731
2739,2730
2740,2735
2741,2733
2742,2736
2743,2736
2744,2735
2745,2736
2746,2737
2747,2738
2748,2739
2749,2741
2750,2742
2751,2744
2752,2749
2753,2744
2754,2746
2755,2749
2756,2746
2757,2749
2758,2750
2759,2751
2760,2753
2761,2752
2762,2754
2763,2756
2764,2756
2765,2759
2766,2760
2767,2760
2768,2761
2769,2764
2770,2762
2771,2764
2772,2765
2773,2766
2774,2764
2775,2768
2776,2769
2777,2771
2778,2772
2779,2771
2780,2773
2781,2773
2782,2775
2783,2776
2784,2777
2785,2778
2786,2780
2787,2778
2788,2780
2789,2783
2790,2783
2791,2784
2792,2784
2793,2785
2794,2785
2795,2788
2796,2789
2797,2789
2798,2790
2799,2791
2800,2791
2801,2794
2802,2792
2803,2796
2804,2796
2805,2798
2806,2798
2807,2798
2808,2801
2809,2800
2810,2802
2811,2804
2812,2803
2813,2804
2814,2806
2815,2808
2816,2809
2817,2808
2818,2811
2819,2812
2820,2812
2821,2814
2822,2815
2823,2814
2824,2817
2825,2817
2826,2818
2827,2820
2828,2821
2829,2823
2830,2822
2831,2823
2832,2824
2833,2827
2834,2827
2835,2826
2836,2829
2837,2829
2838,2831
2839,2833
2840,2832
2841,2834
2842,2836
2843,2834
2844,2837
2845,2838
2846,2839
2847,2840
2848,2841
2849,2840
2850,2841
2851,2843
2852,2845
2853,2844
2854,2847
2855,2848
2856,2849
2857,2850
2858,2849
2859,2852
2860,2852
2861,2855
2862,2854
2863,2856
2864,2857
2865,2857
2866,2858
2867,2862
2868,2860
2869,2863
2870,2862
2871,2860
2872,2865
2873,2865
2874,2866
2875,2868
2876,2869
2877,2870
2878,2871
2879,2871
2880,2873
2881,2872
2882,2874
2883,2876
2884,2876
2885,2878
2886,2877
2887,2879
2888,2879
2889,2881
2890,2882
2891,2885
2892,2885
2893,2885
2894,2888
2895,2887
2896,2889
2897,2890
2898,2889
2899,2890
2900,2891
2901,2893
2902,2894
2903,2894
2904,2894
2905,2898
2906,2899
2907,2899
2908,2901
2909,2900
2910,2901
2911,2903
2912,2905
2913,2907
2914,2904
2915,2908
2916,2908
2917,2909
2918,2910
2919,2910
2920,2910
2921,2913
2922,2915
2923,2916
2924,2917
2925,2916
2926,2920
2927,2919
2928,2920
2929,2922
2930,2923
2931,2924
2932,2923
2933,2926
2934,2924
2935,2926
2936,2929
2937,2929
2938,2930
2939,2932
2940,2933
2941,2932
2942,2934
2943,2936
2944,2937
2945,2936
2946,2938
2947,2939
2948,2942
2949,2942
2950,2942
2951,2945
2952,2946
2953,2946
2954,2945
2955,2948
2956,2947
2957,2949
2958,2948
2959,2950
2960,2952
2961,2954
2962,2955
2963,2954
2964,2955
2965,2956
2966,2956
2967,2958
2968,2960
2969,2960
2970,2963
2971,2963
2972,2962
2973,2966
2974,2966
2975,2967
2976,2968
2977,2970
2978,2969
2979,2969
2980,2974
2981,2974
2982,2973
2983,2975
2984,2976
2985,2977
2986,2978
2987,2977
2988,2980
2989,2981
2990,2984
2991,2983
2992,2984
2993,2984
2994,2984
2995,2987
2996,2987
2997,2990
2998,2990
2999,2990
3000,2991
3001,2995
3002,2993
3003,2995
3004,2996
3005,2996
3006,2999
3007,2999
3008,3000
3009,3001
3010,3002
3011,3003
3012,3006
3013,3005
3014,3006
3015,3008
3016,3007
3017,3011
3018,3012
3019,3011
3020,3012
3021,3012
3022,3015
3023,3014
3024,3017
3025,3018
3026,3018
3027,3021
3028,3021
3029,3020
3030,3022
3031,3023
3032,3025
3033,3025
3034,3026
3035,3026
3036,3029
3037,3030
3038,3030
3039,3032
3040,3033
3041,3035
3042,3035
3043,3036
3044,3037
3045,3037
3046,3039
3047,3040
3048,3040
3049,3042
3050,3043
3051,3046
3052,3045
3053,3047
3054,3047
3055,3047
3056,3046
3057,3050
3058,3050
3059,3052
3060,3055
3061,3053
3062,3055
3063,3054
3064,3056
3065,3056
3066,3058
3067,3059
3068,3062
3069,3061
3070,3062
3071,3064
3072,3064
3073,3065
3074,3066
3075,3067
3076,3070
3077,3070
3078,3072
3079,3072
3080,3071
3081,3075
3082,3073
3083,3074
3084,3075
3085,3078
3086,3079
3087,3078
3088,3081
3089,3081
3090,3083
3091,3082
3092,3084
3093,3084
3094,3086
3095,3085
3096,3088
3097,3091
3098,3089
3099,3091
3100,3093
3101,3096
3102,3095
3103,3095
3104,3095
3105,3097
3106,3097
3107,3099
3108,3101
3109,3101
3110,3101
3111,3104
3112,3105
3113,3106
3114,3104
3115,3106
3116,3108
3117,3110
3118,3110
3119,3112
3120,3111
3121,3114
3122,3114
3123,3116
3124,3117
3125,3117
3126,3116
3127,3120
3128,3120
3129,3122
3130,3121
3131,3124
3132,3124
3133,3125
3134,3127
3135,3126
3136,3129
3137,3130
3138,3130
3139,3131
3140,3133
3141,3134
3142,3135
3143,3135
3144,3137
3145,3137
3146,3139
3147,3139
3148,3140
3149,3143
3150,3143
3151,3144
3152,3144
3153,3144
3154,3145
3155,3147
3156,3147
3157,3149
3158,3150
3159,3152
3160,3152
3161,3154
3162,3156
3163,3155
3164,3157
3165,3158
3166,3157
3167,3158
3168,3159
3169,3161
3170,3162
3171,3161
3172,3164
3173,3170
3174,3167
3175,3167
3176,3168
3177,3169
3178,3172
3179,3170
3180,3173
3181,3172
3182,3176
3183,3175
3184,3176
3185,3177
3186,3176
3187,3180
3188,3180
3189,3180
3190,3181
3191,3182
3192,3184
3193,3187
3194,3185
3195,3187
3196,3188
3197,3187
3198,3193
3199,3192
3200,3192
3201,3190
3202,3192
3203,3194
3204,3197
3205,3198
3206,3198
3207,3200
3208,3199
3209,3200
3210,3202
3211,3204
3212,3203
3213,3205
3214,3206
3215,3207
3216,3207
3217,3208
3218,3209
3219,3211
3220,3210
3221,3213
3222,3215
3223,3214
3224,3216
3225,3216
3226,3218
3227,3218
3228,3220
3229,3220
3230,3222
3231,3222
3232,3222
3233,3229
3234,3224
3235,3226
3236,3228
3237,3228
3238,3229
3239,3231
3240,3232
3241,3231
3242,3234
3243,3236
3244,3236
3245,3237
3246,3237
3247,3238
3248,3240
3249,3241
3250,3242
3251,3242
3252,3245
3253,3245
3254,3245
3255,3247
3256,3247
3257,3248
3258,3250
3259,3250
3260,3253
3261,3252
3262,3255
3263,3254
3264,3257
3265,3258
3266,3260
3267,3260
3268,3261
3269,3262
3270,3261
3271,3263
3272,3266
3273,3267
3274,3267
3275,3268
3276,3269
3277,3269
3278,3269
3279,3272
3280,3272
3281,3273
3282,3273
3283,3276
3284,3277
3285,3276
3286,3278
3287,3280
3288,3281
3289,3281
3290,3283
3291,3283
3292,3287
3293,3286
3294,3286
3295,3288
3296,3287
3297,3290
3298,3288
3299,3291
3300,3292
3301,3292
3302,3294
3303,3295
3304,3296
3305,3298
3306,3299
3307,3299
3308,3299
3309,3302
3310,3300
3311,3303
3312,3303
3313,3306
3314,3306
3315,3307
3316,3310
3317,3311
3318,3311
3319,3311
3320,3311
3321,3314
3322,3314
3323,3314
3324,3314
3325,3318
3326,3315
3327,3318
3328,3319
3329,3319
3330,3323
3331,3320
3332,3322
3333,3326
3334,3326
3335,3326
3336,3328
3337,3328
3338,3330
3339,3330
3340,3332
3341,3334
3342,3333
3343,3334
3344,3336
3345,3338
3346,3337
3347,3338
3348,3339
3349,3341
3350,3341
3351,3342
3352,3343
3353,3344
3354,3348
3355,3347
3356,3347
3357,3349
3358,3351
3359,3350
3360,3351
3361,3352
3362,3354
3363,3354
3364,3357
3365,3356
3366,3361
3367,3358
3368,3360
3369,3362
3370,3363
3371,3364
3372,3361
3373,3365
3374,3367
3375,3366
3376,3370
3377,3369
3378,3370
3379,3370
3380,3372
3381,3371
3382,3372
3383,3374
3384,3375
3385,3377
3386,3380
3387,3380
3388,3379
3389,3381
3390,3382
3391,3382
3392,3383
3393,3384
3394,3385
3395,3388
3396,3389
3397,3389
3398,3390
3399,3391
3400,3391
3401,3392
3402,3393
3403,3396
3404,3396
3405,3397
3406,3397
3407,3398
3408,3400
3409,3401
3410,3404
3411,3402
3412,3403
3413,3405
3414,3405
3415,3408
3416,3409
3417,3408
3418,3409
3419,3411
3420,3411
3421,3413
3422,3415
3423,3415
3424,3416
3425,3416
3426,3418
3427,3419
3428,3420
3429,3420
3430,3422
3431,3422
3432,3423
3433,3426
3434,3427
3435,3427
3436,3427
3437,3428
3438,3431
3439,3431
3440,3432
3441,3430
3442,3434
3443,3434
3444,3433
3445,3438
3446,3438
3447,3439
3448,3440
3449,3440
3450,3443
3451,3443
3452,3442
3453,3444
3454,3446
3455,3447
3456,3446
3457,3449
3458,3450
3459,3449
3460,3452
3461,3454
3462,3454
3463,3454
3464,3456
3465,3458
3466,3458
3467,3460
3468,3462
3469,3461
3470,3461
3471,3462
3472,3466
3473,3466
3474,3465
3475,3466
3476,3466
3477,3470
3478,3469
3479,3471
3480,3471
3481,3472
3482,3472
3483,3474
3484,3474
3485,3476
3486,3477
3487,3478
3488,3478
3489,3481
3490,3482
3491,3483
3492,3484
3493,3482
3494,3482
3495,3485
3496,3487
3497,3489
3498,3489
3499,3492
3500,3491
3501,3493
3502,3493
3503,3494
3504,3495
3505,3497
3506,3496
3507,3501
3508,3500
3509,3501
3510,3501
3511,3505
3512,3504
3513,3505
3514,3507
3515,3507
3516,3508
3517,3510
3518,3511
3519,3510
3520,3511
3521,3518
3522,3515
3523,3513
3524,3516
3525,3516
3526,3517
3527,3518
3528,3520
3529,3519
3530,3521
3531,3522
3532,3525
3533,3525
3534,3525
3535,3528
3536,3527
3537,3530
3538,3530
3539,3531
3540,3530
3541,3534
3542,3534
3543,3536
3544,3536
3545,3537
3546,3536
3547,3539
3548,3540
3549,3541
3550,3541
3551,3543
3552,3542
3553,3546
3554,3546
3555,3544
3556,3546
3557,3549
3558,3550
3559,3552
3560,3552
3561,3551
3562,3556
3563,3556
3564,3557
3565,3556
3566,3557
3567,3560
3568,3560
3569,3560
3570,3562
3571,3562
3572,3565
3573,3564
3574,3565
3575,3566
3576,3567
3577,3569
3578,3567
3579,3569
3580,3571
3581,3573
3582,3575
3583,3576
3584,3575
3585,3574
3586,3578
3587,3578
3588,3578
3589,3580
3590,3580
3591,3582
3592,3584
3593,3583
3594,3585
3595,3588
3596,3587
3597,3590
3598,3590
3599,3590
3600,3591
3601,3592
3602,3594
3603,3595
3604,3595
3605,3597
3606,3600
3607,3597
3608,3600
3609,3600
3610,3602
3611,3604
3612,3607
3613,3604
3614,3607
3615,3608
3616,3607
3617,3608
3618,3609
3619,3612
3620,3610
3621,3613
3622,3614
3623,3615
3624,3615
3625,3616
3626,3619
3627,3618
3628,3619
3629,3620
3630,3622
3631,3621
3632,3625
3633,3625
3634,3627
3635,3625
3636,3627
3637,3629
3638,3630
3639,3630
3640,3632
3641,3632
3642,3634
3643,3635
3644,3634
3645,3636
3646,3636
3647,3636
3648,3637
3649,3640
3650,3642
3651,3642
3652,3642
3653,3644
3654,3644
3655,3646
3656,3646
3657,3649
3658,3648
3659,3646
3660,3652
3661,3650
3662,3655
3663,3655
3664,3655
3665,3655
3666,3658
3667,3658
3668,3660
3669,3658
3670,3661
3671,3662
3672,3660
3673,3663
3674,3664
3675,3667
3676,3666
3677,3669
3678,3669
3679,3670
3680,3670
3681,3671
3682,3673
3683,3674
3684,3676
3685,3677
3686,3677
3687,3680
3688,3679
3689,3680
3690,3683
3691,3681
3692,3684
3693,3681
3694,3685
3695,3687
3696,3689
3697,3686
3698,3690
3699,3689
3700,3694
3701,3692
3702,3693
3703,3694
3704,3697
3705,3694
3706,3696
3707,3698
3708,3697
3709,3698
3710,3702
3711,3701
3712,3704
3713,3704
3714,3706
3715,3702
3716,3708
3717,3707
3718,3709
3719,3710
3720,3713
3721,3715
3722,3713
3723,3712
3724,3713
3725,3715
3726,3717
3727,3718
3728,3720
3729,3720
3730,3720
3731,3722
3732,3722
3733,3723
3734,3725
3735,3726
3736,3727
3737,3728
3738,3730
3739,3730
3740,3730
3741,3732
3742,3732
3743,3734
3744,3735
3745,3734
3746,3737
3747,3738
3748,3740
3749,3739
3750,3741
3751,3740
3752,3741
3753,3744
3754,3744
3755,3747
3756,3747
3757,3749
3758,3748
3759,3749
3760,3751
3761,3751
3762,3752
3763,3753
3764,3753
3765,3760
3766,3757
3767,3758
3768,3759
3769,3760
3770,3760
3771,3762
3772,3761
3773,3763
3774,3765
3775,3766
3776,3767
3777,3766
3778,3769
3779,3771
3780,3770
3781,3771
3782,3772
3783,3772
3784,3775
3785,3777
3786,3778
3787,3778
3788,3778
3789,3780
3790,3780
3791,3782
3792,3782
3793,3785
3794,3785
3795,3784
3796,3787
3797,3788
3798,3787
3799,3789
3800,3790
3801,3792
3802,3792
3803,3794
3804,3793
3805,3796
3806,3795
3807,3798
3808,3798
3809,3799
3810,3800
3811,3801
3812,3803
3813,3804
3814,3803
3815,3805
3816,3806
3817,3807
3818,3806
3819,3808
3820,3810
3821,3810
3822,3811
3823,3812
3824,3811
3825,3817
3826,3815
3827,3816
3828,3818
3829,3818
3830,3819
3831,3819
3832,3822
3833,3823
3834,3823
3835,3825
3836,3827
3837,3828
3838,3829
3839,3828
3840,3829
3841,3832
3842,3833
3843,3832
3844,3834
3845,3837
3846,3836
3847,3838
3848,3838
3849,3839
3850,3839
3851,3840
3852,3843
3853,3844
3854,3844
3855,3844
3856,3846
3857,3846
3858,3849
3859,3848
3860,3849
3861,3850
3862,3853
3863,3854
3864,3853
3865,3855
3866,3856
3867,3856
3868,3859
3869,3860
3870,3860
3871,3861
3872,3863
3873,3862
3874,3863
3875,3865
3876,3866
3877,3867
3878,3866
3879,3873
3880,3871
3881,3872
3882,3871
3883,3871
3884,3873
3885,3875
3886,3875
3887,3877
3888,3877
3889,3883
3890,3881
3891,3881
3892,3883
3893,3882
3894,3883
3895,3885
3896,3886
3897,3887
3898,3887
3899,3888
3900,3891
3901,3891
3902,3894
3903,3893
3904,3895
3905,3895
3906,3897
3907,3895
3908,3898
3909,3900
3910,3901
3911,3900
3912,3899
3913,3906
3914,3904
3915,3906
3916,3907
3917,3907
3918,3907
3919,3910
3920,3910
3921,3912
3922,3913
3923,3912
3924,3914
3925,3914
3926,3915
3927,3917
3928,3918
3929,3918
3930,3920
3931,3921
3932,3921
3933,3924
3934,3923
3935,3924
3936,3925
3937,3926
3938,3927
3939,3928
3940,3929
3941,3932
3942,3932
3943,3932
3944,3935
3945,3936
3946,3936
3947,3938
3948,3937
3949,3937
3950,3939
3951,3940
3952,3941
3953,3942
3954,3945
3955,3945
3956,3946
3957,3945
3958,3949
3959,3947
3960,3951
3961,3951
3962,3953
3963,3953
3964,3954
3965,3955
3966,3955
3967,3957
3968,3957
3969,3959
3970,3956
3971,3962
3972,3963
3973,3961
3974,3965
3975,3965
3976,3965
3977,3969
3978,3968
3979,3970
3980,3971
3981,3972
3982,3973
3983,3973
3984,3972
3985,3977
3986,3974
3987,3977
3988,3978
3989,3978
3990,3979
3991,3982
3992,3981
3993,3985
3994,3983
3995,3983
3996,3986
3997,3986
3998,3990
3999,3989
4000,3990
4001,3991
4002,3992
4003,3994
4004,3993
4005,3995
4006,3995
4007,3995
4008,3997
4009,3997
4010,4001
4011,4002
4012,4002
4013,4004
4014,4004
4015,4007
4016,4006
4017,4007
4018,4007
4019,4010
4020,4011
4021,4011
4022,4014
4023,4014
4024,4014
4025,4015
4026,4016
4027,4018
4028,4018
4029,4019
4030,4020
4031,4023
4032,4022
4033,4023
4034,4025
4035,4026
4036,4026
4037,4028
4038,4028
4039,4030
4040,4031
4041,4031
4042,4033
4043,4035
4044,4035
4045,4038
4046,4036
4047,4037
4048,4039
4049,4039
4050,4042
4051,4042
4052,4043
4053,4044
4054,4045
4055,4046
4056,4045
4057,4048
4058,4047
4059,4049
4060,4053
4061,4051
4062,4053
4063,4052
4064,4055
4065,4056
4066,4055
4067,4057
4068,4057
4069,4060
4070,4060
4071,4063
4072,4063
4073,4063
4074,4063
4075,4065
4076,4069
4077,4068
4078,4070
4079,4071
4080,4070
4081,4073
4082,4072
4083,4074
4084,4075
4085,4076
4086,4075
4087,4077
4088,4080
4089,4079
4090,4080
4091,4078
4092,4082
4093,4083
4094,4082
4095,4079
