0,1
1,1
2,1
3,1
4,1
5,1
6,1
7,1
8,1
9,1
10,1
11,1
12,1
13,2
14,3
15,2
16,3
17,5
18,6
19,7
20,9
21,9
22,10
23,13
24,12
25,14
26,14
27,16
28,18
29,17
30,19
31,22
32,20
33,22
34,22
35,24
36,26
37,26
38,25
39,26
40,30
41,31
42,29
43,33
44,32
45,34
46,35
47,36
48,36
49,37
50,38
51,40
52,41
53,42
54,43
55,44
56,48
57,47
58,46
59,48
60,48
61,47
62,51
63,51
64,53
65,53
66,55
67,56
68,56
69,57
70,58
71,59
72,61
73,62
74,63
75,63
76,65
77,65
78,66
79,67
80,69
81,73
82,70
83,74
84,73
85,72
86,74
87,75
88,76
89,79
90,78
91,80
92,80
93,82
94,82
95,83
96,85
97,85
98,85
99,88
100,89
101,90
102,91
103,91
104,91
105,95
106,92
107,95
108,98
109,99
110,99
111,100
112,100
113,100
114,101
115,103
116,103
117,105
118,107
119,107
120,108
121,109
122,111
123,110
124,113
125,113
126,115
127,116
128,117
129,118
130,118
131,119
132,121
133,122
134,121
135,124
136,125
137,126
138,127
139,127
140,128
141,128
142,131
143,132
144,131
145,134
146,134
147,136
148,136
149,138
150,138
151,140
152,141
153,142
154,141
155,143
156,144
157,143
158,147
159,148
160,148
161,149
162,150
163,153
164,151
165,154
166,154
167,155
168,156
169,159
170,158
171,157
172,160
173,162
174,160
175,163
176,165
177,165
178,165
179,167
180,168
181,170
182,172
183,172
184,172
185,174
186,174
187,175
188,177
189,178
190,178
191,181
192,180
193,181
194,182
195,185
196,184
197,185
198,186
199,187
200,188
201,188
202,191
203,190
204,193
205,194
206,193
207,195
208,198
209,197
210,198
211,200
212,199
213,201
214,203
215,203
216,203
217,207
218,207
219,207
220,209
221,209
222,209
223,211
224,212
225,214
226,214
227,214
228,216
229,216
230,219
231,223
232,221
233,220
234,223
235,223
236,226
237,225
238,228
239,230
240,228
241,227
242,230
243,232
244,232
245,235
246,234
247,235
248,236
249,238
250,238
251,239
252,240
253,241
254,243
255,243
256,244
257,245
258,244
259,251
260,248
261,250
262,249
263,252
264,254
265,254
266,255
267,252
268,257
269,259
270,259
271,261
272,261
273,262
274,262
275,264
276,266
277,267
278,269
279,268
280,269
281,270
282,269
283,273
284,274
285,272
286,275
287,276
288,278
289,279
290,279
291,281
292,282
293,281
294,283
295,285
296,286
297,286
298,287
299,290
300,290
301,289
302,291
303,293
304,293
305,295
306,296
307,295
308,298
309,297
310,298
311,301
312,301
313,303
314,303
315,303
316,305
317,308
318,308
319,308
320,310
321,310
322,312
323,312
324,313
325,313
326,315
327,316
328,318
329,317
330,319
331,320
332,322
333,323
334,323
335,324
336,326
337,326
338,327
339,328
340,329
341,330
342,331
343,333
344,333
345,334
346,335
347,336
348,339
349,339
350,338
351,344
352,341
353,342
354,342
355,344
356,345
357,347
358,347
359,348
360,350
361,350
362,351
363,354
364,353
365,354
366,356
367,358
368,357
369,358
370,360
371,365
372,361
373,364
374,364
375,366
376,366
377,368
378,367
379,368
380,369
381,370
382,372
383,374
384,375
385,374
386,375
387,376
388,378
389,376
390,380
391,382
392,381
393,382
394,382
395,385
396,387
397,386
398,387
399,389
400,390
401,391
402,392
403,392
404,394
405,393
406,395
407,398
408,398
409,398
410,399
411,401
412,400
413,401
414,404
415,405
416,406
417,410
418,407
419,409
420,410
421,412
422,412
423,413
424,412
425,414
426,416
427,417
428,417
429,418
430,420
431,420
432,422
433,422
434,424
435,422
436,425
437,427
438,427
439,428
440,430
441,430
442,431
443,432
444,434
445,435
446,436
447,437
448,438
449,438
450,440
451,441
452,439
453,444
454,446
455,445
456,446
457,446
458,448
459,448
460,450
461,451
462,451
463,454
464,452
465,455
466,456
467,457
468,456
469,458
470,459
471,461
472,461
473,463
474,463
475,464
476,466
477,466
478,471
479,468
480,468
481,470
482,471
483,473
484,473
485,474
486,476
487,476
488,477
489,478
490,478
491,481
492,483
493,482
494,484
495,484
496,485
497,486
498,487
499,489
500,489
501,491
502,490
503,492
504,493
505,495
506,492
507,497
508,496
509,498
510,500
511,499
512,500
513,502
514,502
515,503
516,506
517,506
518,506
519,509
520,507
521,511
522,512
523,512
524,513
525,513
526,515
527,516
528,519
529,517
530,519
531,521
532,520
533,521
534,524
535,525
536,525
537,526
538,528
539,527
540,529
541,530
542,531
543,532
544,533
545,534
546,536
547,536
548,538
549,538
550,539
551,541
552,541
553,542
554,544
555,544
556,544
557,547
558,547
559,546
560,550
561,551
562,552
563,552
564,554
565,554
566,556
567,557
568,558
569,557
570,559
571,560
572,560
573,562
574,564
575,564
576,564
577,567
578,571
579,566
580,569
581,570
582,571
583,573
584,573
585,574
586,575
587,576
588,577
589,577
590,579
591,580
592,581
593,583
594,583
595,585
596,584
597,585
598,585
599,589
600,587
601,589
602,590
603,591
604,592
605,594
606,595
607,596
608,598
609,599
610,599
611,600
612,602
613,602
614,602
615,603
616,605
617,606
618,606
619,609
620,609
621,611
622,611
623,613
624,611
625,615
626,613
627,616
628,617
629,619
630,619
631,620
632,621
633,623
634,624
635,624
636,625
637,627
638,627
639,630
640,629
641,630
642,632
643,631
644,634
645,634
646,637
647,635
648,637
649,637
650,638
651,641
652,640
653,643
654,644
655,644
656,644
657,646
658,648
659,648
660,649
661,650
662,651
663,653
664,653
665,653
666,656
667,657
668,657
669,658
670,659
671,662
672,664
673,662
674,663
675,665
676,666
677,666
678,667
679,669
680,668
681,672
682,671
683,673
684,674
685,673
686,675
687,677
688,679
689,679
690,680
691,681
692,683
693,684
694,684
695,684
696,686
697,686
698,688
699,690
700,688
701,690
702,692
703,693
704,693
705,695
706,695
707,696
708,698
709,698
710,700
711,702
712,701
713,702
714,704
715,705
716,706
717,705
718,708
719,707
720,709
721,711
722,713
723,713
724,713
725,716
726,717
727,718
728,718
729,719
730,720
731,720
732,722
733,723
734,726
735,724
736,725
737,726
738,728
739,729
740,729
741,731
742,733
743,733
744,733
745,735
746,737
747,738
748,738
749,738
750,739
751,740
752,740
753,743
754,745
755,744
756,747
757,746
758,749
759,748
760,751
761,752
762,753
763,753
764,754
765,755
766,758
767,757
768,759
769,759
770,759
771,761
772,762
773,764
774,764
775,765
776,765
777,767
778,768
779,769
780,771
781,772
782,773
783,773
784,774
785,775
786,775
787,777
788,781
789,779
790,782
791,781
792,783
793,782
794,784
795,786
796,787
797,787
798,789
799,791
800,791
801,792
802,793
803,793
804,794
805,797
806,801
807,798
808,798
809,799
810,801
811,801
812,804
813,804
814,805
815,806
816,807
817,808
818,808
819,811
820,810
821,810
822,813
823,813
824,814
825,816
826,818
827,818
828,818
829,819
830,821
831,822
832,824
833,823
834,825
835,826
836,826
837,829
838,830
839,831
840,832
841,832
842,833
843,834
844,835
845,836
846,838
847,837
848,839
849,840
850,840
851,843
852,842
853,843
854,845
855,846
856,847
857,848
858,849
859,850
860,850
861,852
862,854
863,855
864,856
865,857
866,857
867,857
868,860
869,862
870,861
871,861
872,862
873,864
874,865
875,867
876,867
877,868
878,870
879,870
880,871
881,875
882,874
883,874
884,875
885,877
886,877
887,879
888,879
889,880
890,882
891,882
892,884
893,884
894,885
895,888
896,888
897,887
898,889
899,889
900,892
901,893
902,894
903,892
904,895
905,896
906,897
907,897
908,899
909,902
910,902
911,904
912,905
913,905
914,906
915,907
916,909
917,909
918,910
919,911
920,911
921,912
922,913
923,914
924,919
925,918
926,917
927,918
928,920
929,920
930,921
931,922
932,922
933,924
934,926
935,928
936,927
937,929
938,930
939,929
940,931
941,934
942,934
943,936
944,937
945,938
946,938
947,939
948,939
949,941
950,942
951,944
952,944
953,944
954,946
955,947
956,946
957,948
958,949
959,950
960,951
961,952
962,955
963,956
964,955
965,957
966,959
967,959
968,960
969,960
970,963
971,963
972,965
973,965
974,967
975,967
976,968
977,968
978,969
979,969
980,971
981,973
982,975
983,975
984,976
985,977
986,978
987,979
988,980
989,979
990,983
991,982
992,984
993,985
994,987
995,986
996,988
997,989
998,990
999,991
1000,992
1001,992
1002,994
1003,994
1004,995
1005,995
1006,998
1007,996
1008,1001
1009,1002
1010,1001
1011,1003
1012,1005
1013,1006
1014,1006
1015,1007
1016,1008
1017,1008
1018,1010
1019,1011
1020,1012
1021,1012
1022,1013
1023,1016
1024,1016
1025,1017
1026,1018
1027,1021
1028,1021
1029,1022
1030,1023
1031,1027
1032,1024
1033,1025
1034,1027
1035,1029
1036,1030
1037,1029
1038,1030
1039,1032
1040,1033
1041,1036
1042,1036
1043,1036
1044,1038
1045,1037
1046,1041
1047,1039
1048,1040
1049,1041
1050,1042
1051,1044
1052,1046
1053,1046
1054,1046
1055,1048
1056,1047
1057,1050
1058,1052
1059,1052
1060,1053
1061,1054
1062,1054
1063,1055
1064,1056
1065,1058
1066,1060
1067,1062
1068,1059
1069,1063
1070,1062
1071,1064
1072,1064
1073,1066
1074,1067
1075,1067
1076,1068
1077,1070
1078,1070
1079,1071
1080,1073
1081,1073
1082,1075
1083,1075
1084,1077
1085,1078
1086,1078
1087,1080
1088,1081
1089,1081
1090,1082
1091,1084
1092,1084
1093,1086
1094,1088
1095,1088
1096,1090
1097,1089
1098,1090
1099,1094
1100,1092
1101,1093
1102,1095
1103,1095
1104,1097
1105,1098
1106,1098
1107,1101
1108,1101
1109,1103
1110,1103
1111,1105
1112,1105
1113,1106
1114,1106
1115,1107
1116,1109
1117,1111
1118,1110
1119,1112
1120,1113
1121,1114
1122,1114
1123,1116
1124,1116
1125,1117
1126,1119
1127,1119
1128,1121
1129,1122
1130,1122
1131,1124
1132,1125
1133,1126
1134,1128
1135,1128
1136,1129
1137,1131
1138,1129
1139,1132
1140,1132
1141,1133
1142,1135
1143,1135
1144,1136
1145,1138
1146,1139
1147,1140
1148,1143
1149,1143
1150,1143
1151,1143
1152,1145
1153,1145
1154,1147
1155,1148
1156,1149
1157,1152
1158,1153
1159,1151
1160,1150
1161,1154
1162,1155
1163,1155
1164,1157
1165,1158
1166,1159
1167,1161
1168,1161
1169,1162
1170,1163
1171,1164
1172,1165
1173,1167
1174,1168
1175,1169
1176,1169
1177,1170
1178,1171
1179,1172
1180,1172
1181,1174
1182,1174
1183,1177
1184,1179
1185,1178
1186,1179
1187,1179
1188,1179
1189,1181
1190,1183
1191,1184
1192,1185
1193,1186
1194,1188
1195,1188
1196,1190
1197,1191
1198,1191
1199,1190
1200,1193
1201,1195
1202,1195
1203,1194
1204,1197
1205,1197
1206,1201
1207,1200
1208,1201
1209,1201
1210,1203
1211,1202
1212,1205
1213,1206
1214,1209
1215,1206
1216,1209
1217,1209
1218,1211
1219,1213
1220,1212
1221,1213
1222,1215
1223,1216
1224,1218
1225,1219
1226,1220
1227,1219
1228,1222
1229,1223
1230,1223
1231,1224
1232,1225
1233,1225
1234,1227
1235,1228
1236,1229
1237,1230
1238,1232
1239,1233
1240,1233
1241,1234
1242,1234
1243,1237
1244,1237
1245,1238
1246,1240
1247,1241
1248,1241
1249,1243
1250,1242
1251,1244
1252,1245
1253,1245
1254,1247
1255,1248
1256,1247
1257,1250
1258,1251
1259,1252
1260,1253
1261,1253
1262,1255
1263,1255
1264,1258
1265,1258
1266,1258
1267,1261
1268,1261
1269,1263
1270,1263
1271,1264
1272,1264
1273,1265
1274,1267
1275,1267
1276,1268
1277,1271
1278,1268
1279,1272
1280,1272
1281,1274
1282,1275
1283,1275
1284,1275
1285,1277
1286,1278
1287,1280
1288,1282
1289,1282
1290,1282
1291,1285
1292,1285
1293,1285
1294,1286
1295,1287
1296,1289
1297,1290
1298,1289
1299,1292
1300,1294
1301,1294
1302,1295
1303,1295
1304,1296
1305,1298
1306,1298
1307,1299
1308,1301
1309,1302
1310,1303
1311,1304
1312,1304
1313,1306
1314,1308
1315,1306
1316,1308
1317,1309
1318,1311
1319,1312
1320,1313
1321,1313
1322,1314
1323,1315
1324,1316
1325,1318
1326,1318
1327,1319
1328,1320
1329,1322
1330,1323
1331,1325
1332,1325
1333,1326
1334,1328
1335,1328
1336,1329
1337,1330
1338,1331
1339,1330
1340,1331
1341,1332
1342,1335
1343,1335
1344,1337
1345,1338
1346,1339
1347,1339
1348,1339
1349,1341
1350,1343
1351,1344
1352,1344
1353,1345
1354,1346
1355,1347
1356,1350
1357,1349
1358,1351
1359,1352
1360,1352
1361,1353
1362,1354
1363,1356
1364,1357
1365,1357
1366,1359
1367,1360
1368,1359
1369,1361
1370,1362
1371,1364
1372,1365
1373,1366
1374,1366
1375,1368
1376,1368
1377,1370
1378,1370
1379,1372
1380,1374
1381,1374
1382,1375
1383,1376
1384,1375
1385,1376
1386,1378
1387,1380
1388,1380
1389,1382
1390,1382
1391,1385
1392,1385
1393,1385
1394,1387
1395,1388
1396,1388
1397,1389
1398,1391
1399,1392
1400,1392
1401,1393
1402,1396
1403,1395
1404,1396
1405,1398
1406,1401
1407,1399
1408,1400
1409,1402
1410,1403
1411,1404
1412,1404
1413,1405
1414,1407
1415,1407
1416,1408
1417,1410
1418,1410
1419,1411
1420,1412
1421,1414
1422,1414
1423,1419
1424,1415
1425,1418
1426,1417
1427,1420
1428,1420
1429,1422
1430,1421
1431,1424
1432,1423
1433,1425
1434,1429
1435,1428
1436,1428
1437,1430
1438,1431
1439,1431
1440,1433
1441,1433
1442,1436
1443,1437
1444,1437
1445,1437
1446,1438
1447,1439
1448,1441
1449,1440
1450,1442
1451,1444
1452,1444
1453,1445
1454,1446
1455,1448
1456,1447
1457,1449
1458,1449
1459,1451
1460,1452
1461,1453
1462,1454
1463,1457
1464,1458
1465,1457
1466,1459
1467,1460
1468,1460
1469,1462
1470,1463
1471,1462
1472,1463
1473,1465
1474,1466
1475,1468
1476,1469
1477,1468
1478,1470
1479,1470
1480,1472
1481,1475
1482,1474
1483,1474
1484,1475
1485,1476
1486,1477
1487,1479
1488,1481
1489,1481
1490,1482
1491,1483
1492,1485
1493,1486
1494,1485
1495,1487
1496,1488
1497,1489
1498,1489
1499,1492
1500,1492
1501,1494
1502,1493
1503,1494
1504,1496
1505,1496
1506,1497
1507,1499
1508,1501
1509,1503
1510,1503
1511,1503
1512,1505
1513,1508
1514,1506
1515,1508
1516,1510
1517,1510
1518,1510
1519,1513
1520,1512
1521,1514
1522,1515
1523,1517
1524,1515
1525,1518
1526,1518
1527,1519
1528,1521
1529,1522
1530,1526
1531,1523
1532,1525
1533,1525
1534,1527
1535,1528
1536,1529
1537,1531
1538,1531
1539,1531
1540,1533
1541,1534
1542,1534
1543,1535
1544,1537
1545,1538
1546,1539
1547,1539
1548,1541
1549,1543
1550,1542
1551,1544
1552,1546
1553,1547
1554,1547
1555,1547
1556,1549
1557,1551
1558,1551
1559,1552
1560,1553
1561,1555
1562,1554
1563,1556
1564,1558
1565,1560
1566,1560
1567,1561
1568,1561
1569,1562
1570,1562
1571,1565
1572,1564
1573,1566
1574,1565
1575,1565
1576,1569
1577,1569
1578,1570
1579,1571
1580,1571
1581,1574
1582,1575
1583,1576
1584,1577
1585,1578
1586,1578
1587,1580
1588,1581
1589,1582
1590,1583
1591,1584
1592,1584
1593,1585
1594,1587
1595,1587
1596,1589
1597,1589
1598,1591
1599,1592
1600,1593
1601,1593
1602,1595
1603,1597
1604,1597
1605,1597
1606,1598
1607,1599
1608,1600
1609,1600
1610,1602
1611,1603
1612,1605
1613,1606
1614,1607
1615,1608
1616,1609
1617,1609
1618,1611
1619,1611
1620,1612
1621,1612
1622,1615
1623,1615
1624,1616
1625,1617
1626,1617
1627,1619
1628,1620
1629,1622
1630,1623
1631,1627
1632,1624
1633,1625
1634,1625
1635,1626
1636,1628
1637,1629
1638,1630
1639,1631
1640,1632
1641,1635
1642,1635
1643,1635
1644,1637
1645,1637
1646,1638
1647,1638
1648,1640
1649,1642
1650,1643
1651,1644
1652,1644
1653,1645
1654,1646
1655,1650
1656,1648
1657,1649
1658,1650
1659,1652
1660,1651
1661,1653
1662,1654
1663,1656
1664,1657
1665,1657
1666,1658
1667,1658
1668,1661
1669,1662
1670,1663
1671,1662
1672,1666
1673,1665
1674,1666
1675,1668
1676,1669
1677,1670
1678,1671
1679,1672
1680,1673
1681,1672
1682,1673
1683,1674
1684,1678
1685,1677
1686,1679
1687,1679
1688,1681
1689,1680
1690,1682
1691,1684
1692,1685
1693,1685
1694,1686
1695,1686
1696,1689
1697,1690
1698,1689
1699,1692
1700,1692
1701,1694
1702,1695
1703,1696
1704,1697
1705,1697
1706,1697
1707,1701
1708,1702
1709,1701
1710,1702
1711,1703
1712,1705
1713,1705
1714,1707
1715,1708
1716,1708
1717,1709
1718,1711
1719,1712
1720,1712
1721,1713
1722,1713
1723,1715
1724,1715
1725,1717
1726,1718
1727,1719
1728,1720
1729,1721
1730,1721
1731,1722
1732,1723
1733,1726
1734,1726
1735,1727
1736,1729
1737,1729
1738,1730
1739,1732
1740,1732
1741,1733
1742,1734
1743,1735
1744,1736
1745,1739
1746,1737
1747,1739
1748,1741
1749,1741
1750,1743
1751,1743
1752,1744
1753,1746
1754,1746
1755,1747
1756,1748
1757,1748
1758,1749
1759,1750
1760,1749
1761,1753
1762,1754
1763,1756
1764,1757
1765,1757
1766,1759
1767,1759
1768,1759
1769,1761
1770,1763
1771,1763
1772,1764
1773,1766
1774,1766
1775,1767
1776,1769
1777,1770
1778,1770
1779,1772
1780,1771
1781,1773
1782,1775
1783,1775
1784,1775
1785,1776
1786,1779
1787,1780
1788,1781
1789,1781
1790,1782
1791,1783
1792,1782
1793,1785
1794,1786
1795,1784
1796,1788
1797,1788
1798,1790
1799,1791
1800,1792
1801,1792
1802,1794
1803,1794
1804,1797
1805,1797
1806,1797
1807,1799
1808,1800
1809,1801
1810,1803
1811,1802
1812,1803
1813,1804
1814,1806
1815,1809
1816,1809
1817,1810
1818,1808
1819,1809
1820,1811
1821,1812
1822,1813
1823,1815
1824,1817
1825,1815
1826,1817
1827,1819
1828,1819
1829,1820
1830,1820
1831,1822
1832,1823
1833,1824
1834,1826
1835,1826
1836,1829
1837,1828
1838,1829
1839,1830
1840,1835
1841,1831
1842,1833
1843,1835
1844,1836
1845,1837
1846,1838
1847,1837
1848,1840
1849,1840
1850,1843
1851,1840
1852,1843
1853,1845
1854,1846
1855,1847
1856,1846
1857,1849
1858,1850
1859,1849
1860,1853
1861,1854
1862,1854
1863,1855
1864,1858
1865,1857
1866,1856
1867,1859
1868,1861
1869,1860
1870,1861
1871,1864
1872,1863
1873,1861
1874,1866
1875,1866
1876,1868
1877,1867
1878,1870
1879,1871
1880,1872
1881,1873
1882,1874
1883,1875
1884,1876
1885,1877
1886,1879
1887,1879
1888,1880
1889,1881
1890,1882
1891,1883
1892,1881
1893,1885
1894,1886
1895,1890
1896,1889
1897,1888
1898,1890
1899,1891
1900,1892
1901,1893
1902,1893
1903,1894
1904,1897
1905,1898
1906,1899
1907,1899
1908,1903
1909,1901
1910,1903
1911,1903
1912,1904
1913,1905
1914,1906
1915,1907
1916,1907
1917,1908
1918,1911
1919,1910
1920,1912
1921,1915
1922,1912
1923,1916
1924,1914
1925,1916
1926,1920
1927,1920
1928,1921
1929,1921
1930,1919
1931,1922
1932,1924
1933,1923
1934,1926
1935,1927
1936,1928
1937,1929
1938,1930
1939,1932
1940,1933
1941,1935
1942,1934
1943,1937
1944,1936
1945,1938
1946,1939
1947,1938
1948,1939
1949,1942
1950,1942
1951,1944
1952,1945
1953,1944
1954,1946
1955,1947
1956,1948
1957,1948
1958,1949
1959,1952
1960,1951
1961,1952
1962,1951
1963,1954
1964,1956
1965,1956
1966,1958
1967,1957
1968,1959
1969,1961
1970,1962
1971,1962
1972,1964
1973,1963
1974,1966
1975,1967
1976,1969
1977,1970
1978,1970
1979,1971
1980,1971
1981,1974
1982,1973
1983,1975
1984,1975
1985,1978
1986,1978
1987,1982
1988,1980
1989,1980
1990,1982
1991,1983
1992,1983
1993,1986
1994,1986
1995,1991
1996,1988
1997,1989
1998,1990
1999,1992
2000,1992
2001,1994
2002,1992
2003,1995
2004,1996
2005,1999
2006,2000
2007,2001
2008,2001
2009,2003
2010,2004
2011,2003
2012,2004
2013,2007
2014,2007
2015,2007
2016,2008
2017,2010
2018,2011
2019,2012
2020,2012
2021,2013
2022,2016
2023,2017
2024,2016
2025,2018
2026,2020
2027,2021
2028,2021
2029,2019
2030,2022
2031,2024
2032,2025
2033,2026
2034,2027
2035,2029
2036,2027
2037,2030
2038,2031
2039,2031
2040,2035
2041,2034
2042,2036
2043,2037
2044,2038
2045,2039
2046,2038
2047,2039
2048,2041
2049,2043
2050,2043
2051,2045
2052,2045
2053,2046
2054,2045
2055,2048
2056,2049
2057,2048
2058,2052
2059,2050
2060,2054
2061,2054
2062,2054
2063,2055
2064,2057
2065,2057
2066,2059
2067,2061
2068,2060
2069,2060
2070,2063
2071,2065
2072,2065
2073,2066
2074,2067
2075,2069
2076,2069
2077,2071
2078,2071
2079,2071
2080,2072
2081,2072
2082,2076
2083,2076
2084,2076
2085,2077
2086,2081
2087,2079
2088,2081
2089,2081
2090,2083
2091,2084
2092,2085
2093,2087
2094,2087
2095,2088
2096,2088
2097,2090
2098,2090
2099,2092
2100,2092
2101,2093
2102,2097
2103,2096
2104,2098
2105,2098
2106,2099
2107,2099
2108,2101
2109,2100
2110,2104
2111,2102
2112,2105
2113,2104
2114,2107
2115,2108
2116,2110
2117,2111
2118,2110
2119,2112
2120,2114
2121,2116
2122,2115
2123,2115
2124,2118
2125,2118
2126,2119
2127,2119
2128,2121
2129,2123
2130,2122
2131,2123
2132,2124
2133,2125
2134,2128
2135,2128
2136,2130
2137,2131
2138,2130
2139,2132
2140,2133
2141,2133
2142,2136
2143,2137
2144,2136
2145,2140
2146,2139
2147,2141
2148,2142
2149,2141
2150,2143
2151,2144
2152,2146
2153,2145
2154,2147
2155,2147
2156,2149
2157,2149
2158,2150
2159,2152
2160,2154
2161,2153
2162,2155
2163,2155
2164,2156
2165,2155
2166,2156
2167,2158
2168,2161
2169,2161
2170,2162
2171,2164
2172,2165
2173,2165
2174,2166
2175,2168
2176,2168
2177,2171
2178,2171
2179,2171
2180,2174
2181,2173
2182,2175
2183,2176
2184,2176
2185,2177
2186,2178
2187,2180
2188,2181
2189,2183
2190,2183
2191,2182
2192,2184
2193,2185
2194,2186
2195,2185
2196,2189
2197,2189
2198,2191
2199,2192
2200,2192
2201,2194
2202,2193
2203,2194
2204,2196
2205,2198
2206,2198
2207,2198
2208,2199
2209,2202
2210,2204
2211,2205
2212,2205
2213,2206
2214,2206
2215,2206
2216,2209
2217,2210
2218,2212
2219,2211
2220,2212
2221,2214
2222,2215
2223,2215
2224,2215
2225,2217
2226,2218
2227,2220
2228,2221
2229,2222
2230,2223
2231,2224
2232,2223
2233,2228
2234,2226
2235,2232
2236,2228
2237,2231
2238,2231
2239,2232
2240,2231
2241,2234
2242,2234
2243,2236
2244,2237
2245,2238
2246,2238
2247,2239
2248,2242
2249,2242
2250,2243
2251,2243
2252,2244
2253,2245
2254,2245
2255,2251
2256,2249
2257,2249
2258,2252
2259,2250
2260,2253
2261,2255
2262,2256
2263,2255
2264,2259
2265,2257
2266,2259
2267,2259
2268,2259
2269,2262
2270,2265
2271,2266
2272,2264
2273,2266
2274,2266
2275,2269
2276,2270
2277,2270
2278,2270
2279,2273
2280,2274
2281,2276
2282,2276
2283,2275
2284,2277
2285,2278
2286,2280
2287,2279
2288,2280
2289,2282
2290,2283
2291,2285
2292,2284
2293,2286
2294,2288
2295,2287
2296,2290
2297,2292
2298,2292
2299,2291
2300,2293
2301,2293
2302,2294
2303,2296
2304,2296
2305,2299
2306,2300
2307,2300
2308,2301
2309,2301
2310,2303
2311,2304
2312,2306
2313,2305
2314,2308
2315,2308
2316,2309
2317,2311
2318,2312
2319,2312
2320,2314
2321,2315
2322,2315
2323,2316
2324,2318
2325,2318
2326,2318
2327,2321
2328,2321
2329,2324
2330,2323
2331,2324
2332,2325
2333,2326
2334,2326
2335,2329
2336,2328
2337,2331
2338,2332
2339,2332
2340,2332
2341,2335
2342,2335
2343,2336
2344,2334
2345,2338
2346,2341
2347,2340
2348,2342
2349,2342
2350,2344
2351,2343
2352,2345
2353,2345
2354,2349
2355,2350
2356,2349
2357,2350
2358,2351
2359,2352
2360,2353
2361,2354
2362,2357
2363,2355
2364,2357
2365,2357
2366,2360
2367,2361
2368,2361
2369,2362
2370,2363
2371,2364
2372,2366
2373,2367
2374,2368
2375,2369
2376,2367
2377,2371
2378,2369
2379,2372
2380,2374
2381,2375
2382,2374
2383,2376
2384,2377
2385,2378
2386,2379
2387,2381
2388,2382
2389,2381
2390,2381
2391,2384
2392,2386
2393,2387
2394,2387
2395,2389
2396,2388
2397,2393
2398,2390
2399,2391
2400,2392
2401,2393
2402,2395
2403,2396
2404,2395
2405,2397
2406,2400
2407,2401
2408,2401
2409,2402
2410,2401
2411,2404
2412,2405
2413,2406
2414,2407
2415,2406
2416,2410
2417,2410
2418,2411
2419,2413
2420,2413
2421,2415
2422,2414
2423,2415
2424,2417
2425,2418
2426,2419
2427,2420
2428,2421
2429,2421
2430,2423
2431,2424
2432,2424
2433,2426
2434,2427
2435,2428
2436,2431
2437,2429
2438,2431
2439,2432
2440,2434
2441,2434
2442,2435
2443,2437
2444,2438
2445,2437
2446,2437
2447,2439
2448,2441
2449,2442
2450,2442
2451,2444
2452,2445
2453,2447
2454,2445
2455,2448
2456,2450
2457,2450
2458,2451
2459,2451
2460,2453
2461,2453
2462,2454
2463,2457
2464,2455
2465,2457
2466,2458
2467,2459
2468,2460
2469,2462
2470,2462
2471,2463
2472,2465
2473,2466
2474,2465
2475,2467
2476,2469
2477,2469
2478,2471
2479,2472
2480,2472
2481,2474
2482,2474
2483,2476
2484,2477
2485,2478
2486,2478
2487,2480
2488,2481
2489,2483
2490,2483
2491,2484
2492,2484
2493,2485
2494,2485
2495,2488
2496,2487
2497,2490
2498,2489
2499,2491
2500,2494
2501,2492
2502,2494
2503,2497
2504,2498
2505,2496
2506,2498
2507,2499
2508,2499
2509,2501
2510,2503
2511,2504
2512,2503
2513,2505
2514,2506
2515,2506
2516,2508
2517,2509
2518,2509
2519,2512
2520,2511
2521,2514
2522,2515
2523,2513
2524,2518
2525,2518
2526,2518
2527,2519
2528,2520
2529,2522
2530,2523
2531,2524
2532,2524
2533,2524
2534,2527
2535,2524
2536,2529
2537,2529
2538,2530
2539,2531
2540,2531
2541,2533
2542,2533
2543,2535
2544,2536
2545,2536
2546,2539
2547,2539
2548,2539
2549,2541
2550,2542
2551,2541
2552,2542
2553,2545
2554,2544
2555,2549
2556,2547
2557,2548
2558,2550
2559,2551
2560,2552
2561,2553
2562,2553
2563,2554
2564,2556
2565,2557
2566,2557
2567,2559
2568,2561
2569,2561
2570,2563
2571,2564
2572,2563
2573,2566
2574,2566
2575,2566
2576,2569
2577,2569
2578,2571
2579,2571
2580,2573
2581,2574
2582,2572
2583,2576
2584,2576
2585,2577
2586,2577
2587,2579
2588,2580
2589,2580
2590,2581
2591,2584
2592,2586
2593,2585
2594,2589
2595,2586
2596,2592
2597,2589
2598,2590
2599,2590
2600,2590
2601,2593
2602,2593
2603,2595
2604,2597
2605,2599
2606,2598
2607,2600
2608,2601
2609,2601
2610,2603
2611,2604
2612,2605
2613,2605
2614,2605
2615,2607
2616,2607
2617,2610
2618,2612
2619,2612
2620,2613
2621,2613
2622,2613
2623,2615
2624,2616
2625,2616
2626,2619
2627,2618
2628,2621
2629,2621
2630,2622
2631,2622
2632,2624
2633,2624
2634,2625
2635,2627
2636,2629
2637,2629
2638,2631
2639,2631
2640,2632
2641,2633
2642,2633
2643,2636
2644,2633
2645,2638
2646,2638
2647,2639
2648,2639
2649,2639
2650,2641
2651,2641
2652,2644
2653,2645
2654,2645
2655,2647
2656,2647
2657,2650
2658,2650
2659,2651
2660,2652
2661,2653
2662,2654
2663,2654
2664,2657
2665,2655
2666,2657
2667,2656
2668,2661
2669,2661
2670,2663
2671,2665
2672,2665
2673,2664
2674,2665
2675,2666
2676,2670
2677,2670
2678,2669
2679,2672
2680,2671
2681,2672
2682,2674
2683,2677
2684,2676
2685,2677
2686,2678
2687,2679
2688,2681
2689,2680
2690,2682
2691,2682
2692,2684
2693,2686
2694,2684
2695,2685
2696,2687
2697,2689
2698,2689
2699,2689
2700,2692
2701,2692
2702,2693
2703,2695
2704,2695
2705,2696
2706,2699
2707,2698
2708,2699
2709,2699
2710,2702
2711,2703
2712,2703
2713,2704
2714,2706
2715,2708
2716,2708
2717,2708
2718,2711
2719,2708
2720,2710
2721,2712
2722,2711
2723,2716
2724,2716
2725,2716
2726,2718
2727,2721
2728,2722
2729,2720
2730,2720
2731,2723
2732,2724
2733,2725
2734,2725
2735,2727
2736,2727
2737,2730
2738,2729
2739,2730
2740,2730
2741,2735
2742,2733
2743,2736
2744,2737
2745,2737
2746,2739
2747,2739
2748,2738
2749,2741
2750,2741
2751,2743
2752,2744
2753,2744
2754,2744
2755,2752
2756,2749
2757,2750
2758,2749
2759,2752
2760,2751
2761,2754
2762,2755
2763,2755
2764,2756
2765,2758
2766,2759
2767,2761
2768,2758
2769,2762
2770,2762
2771,2763
2772,2764
2773,2765
2774,2765
2775,2766
2776,2769
2777,2769
2778,2770
2779,2770
2780,2770
2781,2772
2782,2773
2783,2775
2784,2777
2785,2778
2786,2779
2787,2779
2788,2780
2789,2781
2790,2781
2791,2783
2792,2784
2793,2784
2794,2786
2795,2788
2796,2793
2797,2789
2798,2791
2799,2791
2800,2791
2801,2791
2802,2794
2803,2794
2804,2796
2805,2797
2806,2797
2807,2799
2808,2800
2809,2802
2810,2802
2811,2804
2812,2803
2813,2807
2814,2806
2815,2807
2816,2809
2817,2810
2818,2810
2819,2811
2820,2809
2821,2814
2822,2816
2823,2816
2824,2816
2825,2815
2826,2819
2827,2818
2828,2820
2829,2821
2830,2821
2831,2822
2832,2823
2833,2824
2834,2826
2835,2828
2836,2829
2837,2828
2838,2831
2839,2832
2840,2831
2841,2832
2842,2833
2843,2834
2844,2835
2845,2837
2846,2839
2847,2837
2848,2840
2849,2841
2850,2843
2851,2842
2852,2842
2853,2843
2854,2846
2855,2847
2856,2848
2857,2849
2858,2850
2859,2850
2860,2853
2861,2852
2862,2854
2863,2856
2864,2857
2865,2858
2866,2858
2867,2859
2868,2859
2869,2860
2870,2861
2871,2862
2872,2865
2873,2866
2874,2867
2875,2867
2876,2867
2877,2870
2878,2870
2879,2871
2880,2871
2881,2873
2882,2871
2883,2875
2884,2875
2885,2876
2886,2878
2887,2879
2888,2879
2889,2881
2890,2883
2891,2883
2892,2883
2893,2884
2894,2886
2895,2887
2896,2889
2897,2888
2898,2890
2899,2890
2900,2892
2901,2894
2902,2894
2903,2894
2904,2895
2905,2898
2906,2898
2907,2899
2908,2898
2909,2900
2910,2902
2911,2904
2912,2905
2913,2904
2914,2906
2915,2906
2916,2908
2917,2907
2918,2911
2919,2911
2920,2911
2921,2913
2922,2912
2923,2915
2924,2916
2925,2917
2926,2917
2927,2918
2928,2922
2929,2921
2930,2922
2931,2922
2932,2925
2933,2925
2934,2926
2935,2927
2936,2926
2937,2929
2938,2931
2939,2931
2940,2933
2941,2934
2942,2932
2943,2933
2944,2935
2945,2937
2946,2937
2947,2939
2948,2939
2949,2939
2950,2942
2951,2941
2952,2944
2953,2945
2954,2944
2955,2946
2956,2946
2957,2948
2958,2950
2959,2951
2960,2953
2961,2953
2962,2953
2963,2956
2964,2956
2965,2956
2966,2956
2967,2958
2968,2960
2969,2959
2970,2962
2971,2962
2972,2963
2973,2965
2974,2967
2975,2967
2976,2967
2977,2968
2978,2969
2979,2970
2980,2973
2981,2974
2982,2974
2983,2975
2984,2977
2985,2977
2986,2978
2987,2979
2988,2979
2989,2980
2990,2980
2991,2982
2992,2986
2993,2985
2994,2984
2995,2986
2996,2989
2997,2987
2998,2989
2999,2991
3000,2995
3001,2994
3002,2994
3003,2995
3004,2995
3005,2998
3006,2996
3007,2998
3008,2997
3009,2999
3010,3001
3011,3003
3012,3004
3013,3003
3014,3004
3015,3005
3016,3007
3017,3007
3018,3008
3019,3011
3020,3012
3021,3012
3022,3013
3023,3014
3024,3016
3025,3014
3026,3017
3027,3019
3028,3019
3029,3019
3030,3024
3031,3022
3032,3021
3033,3026
3034,3025
3035,3026
3036,3027
3037,3028
3038,3028
3039,3031
3040,3032
3041,3032
3042,3033
3043,3035
3044,3035
3045,3035
3046,3038
3047,3040
3048,3037
3049,3040
3050,3040
3051,3043
3052,3042
3053,3042
3054,3044
3055,3045
3056,3048
3057,3047
3058,3048
3059,3050
3060,3050
3061,3053
3062,3052
3063,3054
3064,3056
3065,3056
3066,3059
3067,3058
3068,3059
3069,3061
3070,3061
3071,3062
3072,3063
3073,3064
3074,3065
3075,3065
3076,3066
3077,3067
3078,3070
3079,3068
3080,3071
3081,3072
3082,3073
3083,3073
3084,3076
3085,3076
3086,3076
3087,3077
3088,3080
3089,3080
3090,3082
3091,3081
3092,3083
3093,3085
3094,3085
3095,3086
3096,3088
3097,3088
3098,3090
3099,3090
3100,3091
3101,3091
3102,3093
3103,3095
3104,3096
3105,3097
3106,3097
3107,3098
3108,3099
3109,3102
3110,3102
3111,3103
3112,3101
3113,3102
3114,3105
3115,3107
3116,3107
3117,3108
3118,3111
3119,3110
3120,3111
3121,3112
3122,3113
3123,3115
3124,3115
3125,3115
3126,3117
3127,3118
3128,3118
3129,3118
3130,3120
3131,3123
3132,3124
3133,3125
3134,3125
3135,3125
3136,3128
3137,3128
3138,3130
3139,3131
3140,3131
3141,3134
3142,3133
3143,3136
3144,3134
3145,3135
3146,3137
3147,3138
3148,3138
3149,3139
3150,3141
3151,3142
3152,3144
3153,3144
3154,3144
3155,3146
3156,3147
3157,3148
3158,3149
3159,3150
3160,3151
3161,3152
3162,3151
3163,3155
3164,3155
3165,3156
3166,3157
3167,3157
3168,3159
3169,3158
3170,3161
3171,3161
3172,3160
3173,3162
3174,3164
3175,3164
3176,3167
3177,3167
3178,3168
3179,3167
3180,3174
3181,3172
3182,3173
3183,3174
3184,3174
3185,3176
3186,3176
3187,3177
3188,3178
3189,3179
3190,3181
3191,3183
3192,3182
3193,3183
3194,3185
3195,3184
3196,3187
3197,3189
3198,3189
3199,3190
3200,3192
3201,3190
3202,3193
3203,3194
3204,3194
3205,3195
3206,3196
3207,3198
3208,3197
3209,3200
3210,3200
3211,3202
3212,3203
3213,3204
3214,3203
3215,3206
3216,3207
3217,3207
3218,3208
3219,3210
3220,3211
3221,3211
3222,3212
3223,3214
3224,3214
3225,3217
3226,3217
3227,3217
3228,3218
3229,3220
3230,3220
3231,3222
3232,3220
3233,3223
3234,3225
3235,3225
3236,3227
3237,3227
3238,3227
3239,3228
3240,3231
3241,3230
3242,3233
3243,3233
3244,3234
3245,3236
3246,3235
3247,3238
3248,3238
3249,3239
3250,3240
3251,3242
3252,3242
3253,3242
3254,3244
3255,3246
3256,3246
3257,3249
3258,3248
3259,3250
3260,3250
3261,3250
3262,3253
3263,3255
3264,3256
3265,3257
3266,3256
3267,3259
3268,3260
3269,3259
3270,3260
3271,3263
3272,3263
3273,3265
3274,3266
3275,3266
3276,3266
3277,3269
3278,3267
3279,3270
3280,3268
3281,3272
3282,3272
3283,3273
3284,3275
3285,3275
3286,3276
3287,3279
3288,3280
3289,3280
3290,3281
3291,3283
3292,3283
3293,3284
3294,3285
3295,3285
3296,3286
3297,3288
3298,3290
3299,3290
3300,3290
3301,3290
3302,3292
3303,3294
3304,3295
3305,3295
3306,3297
3307,3297
3308,3299
3309,3300
3310,3301
3311,3301
3312,3304
3313,3304
3314,3304
3315,3306
3316,3306
3317,3308
3318,3310
3319,3309
3320,3310
3321,3312
3322,3314
3323,3314
3324,3314
3325,3317
3326,3314
3327,3318
3328,3319
3329,3319
3330,3321
3331,3321
3332,3323
3333,3326
3334,3324
3335,3326
3336,3326
3337,3327
3338,3328
3339,3328
3340,3329
3341,3335
3342,3333
3343,3335
3344,3335
3345,3334
3346,3337
3347,3338
3348,3338
3349,3340
3350,3341
3351,3343
3352,3344
3353,3345
3354,3345
3355,3345
3356,3347
3357,3346
3358,3349
3359,3351
3360,3350
3361,3351
3362,3351
3363,3354
3364,3355
3365,3354
3366,3357
3367,3356
3368,3358
3369,3361
3370,3360
3371,3362
3372,3361
3373,3363
3374,3366
3375,3365
3376,3366
3377,3368
3378,3368
3379,3370
3380,3370
3381,3374
3382,3372
3383,3372
3384,3375
3385,3373
3386,3375
3387,3377
3388,3380
3389,3381
3390,3379
3391,3382
3392,3382
3393,3384
3394,3386
3395,3386
3396,3388
3397,3387
3398,3388
3399,3389
3400,3390
3401,3392
3402,3392
3403,3393
3404,3395
3405,3396
3406,3397
3407,3397
3408,3398
3409,3399
3410,3400
3411,3401
3412,3404
3413,3404
3414,3406
3415,3405
3416,3406
3417,3408
3418,3409
3419,3412
3420,3411
3421,3411
3422,3412
3423,3413
3424,3414
3425,3416
3426,3418
3427,3418
3428,3418
3429,3420
3430,3420
3431,3422
3432,3422
3433,3423
3434,3425
3435,3426
3436,3427
3437,3427
3438,3428
3439,3429
3440,3435
3441,3431
3442,3433
3443,3434
3444,3433
3445,3437
3446,3436
3447,3438
3448,3439
3449,3438
3450,3440
3451,3443
3452,3442
3453,3444
3454,3445
3455,3445
3456,3446
3457,3448
3458,3448
3459,3449
3460,3450
3461,3453
3462,3451
3463,3452
3464,3454
3465,3456
3466,3457
3467,3456
3468,3458
3469,3460
3470,3461
3471,3462
3472,3461
3473,3464
3474,3464
3475,3464
3476,3466
3477,3468
3478,3469
3479,3468
3480,3469
3481,3472
3482,3472
3483,3471
3484,3473
3485,3476
3486,3476
3487,3476
3488,3477
3489,3478
3490,3479
3491,3481
3492,3481
3493,3484
3494,3486
3495,3485
3496,3486
3497,3487
3498,3488
3499,3489
3500,3490
3501,3491
3502,3491
3503,3491
3504,3498
3505,3495
3506,3497
3507,3497
3508,3500
3509,3500
3510,3500
3511,3501
3512,3502
3513,3505
3514,3506
3515,3505
3516,3506
3517,3509
3518,3510
3519,3507
3520,3510
3521,3512
3522,3514
3523,3514
3524,3514
3525,3517
3526,3517
3527,3518
3528,3517
3529,3521
3530,3520
3531,3520
3532,3524
3533,3524
3534,3524
3535,3526
3536,3527
3537,3528
3538,3528
3539,3530
3540,3532
3541,3532
3542,3536
3543,3536
3544,3534
3545,3536
3546,3536
3547,3538
3548,3538
3549,3540
3550,3542
3551,3542
3552,3542
3553,3544
3554,3545
3555,3545
3556,3547
3557,3548
3558,3548
3559,3550
3560,3550
3561,3552
3562,3552
3563,3554
3564,3557
3565,3556
3566,3558
3567,3556
3568,3558
3569,3559
3570,3560
3571,3561
3572,3563
3573,3563
3574,3564
3575,3565
3576,3564
3577,3566
3578,3567
3579,3569
3580,3570
3581,3571
3582,3573
3583,3575
3584,3575
3585,3575
3586,3577
3587,3578
3588,3579
3589,3581
3590,3579
3591,3582
3592,3584
3593,3581
3594,3585
3595,3586
3596,3588
3597,3587
3598,3587
3599,3588
3600,3591
3601,3591
3602,3592
3603,3592
3604,3594
3605,3596
3606,3597
3607,3597
3608,3599
3609,3599
3610,3601
3611,3602
3612,3603
3613,3602
3614,3603
3615,3605
3616,3606
3617,3608
3618,3607
3619,3609
3620,3610
3621,3612
3622,3612
3623,3612
3624,3614
3625,3616
3626,3618
3627,3617
3628,3618
3629,3619
3630,3623
3631,3622
3632,3622
3633,3623
3634,3624
3635,3626
3636,3627
3637,3627
3638,3626
3639,3630
3640,3631
3641,3631
3642,3633
3643,3634
3644,3635
3645,3635
3646,3636
3647,3636
3648,3638
3649,3639
3650,3639
3651,3640
3652,3641
3653,3647
3654,3643
3655,3645
3656,3645
3657,3647
3658,3647
3659,3649
3660,3651
3661,3650
3662,3651
3663,3651
3664,3653
3665,3655
3666,3658
3667,3656
3668,3656
3669,3659
3670,3661
3671,3661
3672,3662
3673,3662
3674,3663
3675,3664
3676,3666
3677,3667
3678,3668
3679,3668
3680,3670
3681,3670
3682,3672
3683,3674
3684,3673
3685,3676
3686,3676
3687,3676
3688,3680
3689,3678
3690,3680
3691,3682
3692,3683
3693,3685
3694,3685
3695,3685
3696,3684
3697,3686
3698,3688
3699,3691
3700,3691
3701,3691
3702,3690
3703,3693
3704,3693
3705,3693
3706,3696
3707,3698
3708,3697
3709,3700
3710,3699
3711,3700
3712,3703
3713,3704
3714,3703
3715,3704
3716,3706
3717,3707
3718,3709
3719,3710
3720,3710
3721,3711
3722,3712
3723,3711
3724,3713
3725,3714
3726,3716
3727,3716
3728,3719
3729,3719
3730,3718
3731,3721
3732,3721
3733,3723
3734,3724
3735,3724
3736,3725
3737,3727
3738,3728
3739,3728
3740,3728
3741,3732
3742,3732
3743,3732
3744,3735
3745,3734
3746,3735
3747,3736
3748,3738
3749,3739
3750,3739
3751,3740
3752,3741
3753,3740
3754,3743
3755,3746
3756,3745
3757,3747
3758,3747
3759,3747
3760,3750
3761,3750
3762,3751
3763,3752
3764,3753
3765,3755
3766,3757
3767,3757
3768,3757
3769,3760
3770,3759
3771,3761
3772,3762
3773,3763
3774,3763
3775,3764
3776,3767
3777,3767
3778,3767
3779,3768
3780,3769
3781,3770
3782,3772
3783,3774
3784,3773
3785,3773
3786,3775
3787,3777
3788,3777
3789,3776
3790,3779
3791,3779
3792,3781
3793,3782
3794,3783
3795,3787
3796,3784
3797,3787
3798,3787
3799,3788
3800,3790
3801,3795
3802,3791
3803,3793
3804,3793
3805,3794
3806,3796
3807,3798
3808,3797
3809,3800
3810,3799
3811,3800
3812,3802
3813,3803
3814,3804
3815,3804
3816,3806
3817,3805
3818,3806
3819,3807
3820,3809
3821,3812
3822,3811
3823,3812
3824,3813
3825,3814
3826,3813
3827,3814
3828,3816
3829,3816
3830,3818
3831,3820
3832,3822
3833,3821
3834,3823
3835,3824
3836,3823
3837,3826
3838,3826
3839,3827
3840,3829
3841,3830
3842,3832
3843,3832
3844,3832
3845,3835
3846,3837
3847,3836
3848,3836
3849,3839
3850,3840
3851,3840
3852,3843
3853,3841
3854,3844
3855,3845
3856,3844
3857,3847
3858,3848
3859,3849
3860,3848
3861,3849
3862,3852
3863,3852
3864,3853
3865,3856
3866,3855
3867,3855
3868,3857
3869,3858
3870,3860
3871,3860
3872,3862
3873,3862
3874,3864
3875,3864
3876,3867
3877,3867
3878,3865
3879,3868
3880,3869
3881,3871
3882,3870
3883,3871
3884,3871
3885,3872
3886,3875
3887,3877
3888,3876
3889,3878
3890,3878
3891,3884
3892,3881
3893,3881
3894,3882
3895,3885
3896,3885
3897,3885
3898,3887
3899,3887
3900,3890
3901,3889
3902,3891
3903,3893
3904,3892
3905,3892
3906,3894
3907,3896
3908,3899
3909,3898
3910,3899
3911,3899
3912,3902
3913,3902
3914,3905
3915,3904
3916,3905
3917,3905
3918,3904
3919,3908
3920,3909
3921,3911
3922,3910
3923,3913
3924,3909
3925,3916
3926,3915
3927,3917
3928,3916
3929,3921
3930,3919
3931,3921
3932,3921
3933,3923
3934,3921
3935,3924
3936,3926
3937,3926
3938,3927
3939,3926
3940,3929
3941,3930
3942,3930
3943,3932
3944,3934
3945,3936
3946,3935
3947,3937
3948,3937
3949,3937
3950,3939
3951,3940
3952,3940
3953,3941
3954,3941
3955,3943
3956,3945
3957,3944
3958,3945
3959,3947
3960,3949
3961,3949
3962,3950
3963,3952
3964,3951
3965,3953
3966,3954
3967,3955
3968,3957
3969,3957
3970,3960
3971,3960
3972,3960
3973,3963
3974,3963
3975,3963
3976,3967
3977,3965
3978,3967
3979,3968
3980,3967
3981,3970
3982,3971
3983,3973
3984,3969
3985,3974
3986,3974
3987,3975
3988,3976
3989,3977
3990,3979
3991,3980
3992,3980
3993,3982
3994,3983
3995,3981
3996,3985
3997,3986
3998,3988
3999,3988
4000,3989
4001,3988
4002,3991
4003,3992
4004,3993
4005,3993
4006,3995
4007,3996
4008,3997
4009,3997
4010,4000
4011,4000
4012,4001
4013,4000
4014,4005
4015,4004
4016,4005
4017,4005
4018,4008
4019,4009
4020,4010
4021,4010
4022,4013
4023,4012
4024,4014
4025,4015
4026,4013
4027,4016
4028,4018
4029,4018
4030,4020
4031,4020
4032,4020
4033,4022
4034,4022
4035,4025
4036,4026
4037,4028
4038,4027
4039,4029
4040,4030
4041,4031
4042,4032
4043,4032
4044,4034
4045,4035
4046,4036
4047,4035
4048,4037
4049,4039
4050,4039
4051,4040
4052,4042
4053,4042
4054,4045
4055,4046
4056,4045
4057,4046
4058,4049
4059,4049
4060,4048
4061,4050
4062,4052
4063,4052
4064,4053
4065,4053
4066,4056
4067,4057
4068,4057
4069,4059
4070,4059
4071,4060
4072,4063
4073,4063
4074,4064
4075,4067
4076,4064
4077,4065
4078,4065
4079,4067
4080,4068
4081,4069
4082,4069
4083,4075
4084,4075
4085,4073
4086,4075
4087,4077
4088,4076
4089,4079
4090,4077
4091,4077
4092,4082
4093,4076
4094,4080
4095,4076
