0,1
1,1
2,1
3,1
4,1
5,1
6,1
7,1
8,1
9,1
10,1
11,1
12,3
13,2
14,3
15,4
16,6
17,6
18,7
19,8
20,8
21,11
22,11
23,13
24,15
25,14
26,17
27,16
28,18
29,19
30,19
31,22
32,19
33,23
34,25
35,23
36,26
37,26
38,28
39,29
40,30
41,31
42,30
43,33
44,35
45,35
46,37
47,37
48,37
49,39
50,40
51,41
52,42
53,43
54,44
55,44
56,45
57,46
58,48
59,48
60,50
61,50
62,50
63,51
64,53
65,55
66,56
67,57
68,58
69,58
70,59
71,61
72,60
73,62
74,64
75,65
76,65
77,67
78,68
79,69
80,68
81,71
82,71
83,71
84,73
85,74
86,75
87,76
88,78
89,80
90,80
91,80
92,82
93,83
94,82
95,83
96,85
97,86
98,87
99,93
100,90
101,90
102,91
103,93
104,92
105,93
106,95
107,95
108,96
109,99
110,99
111,101
112,101
113,102
114,105
115,105
116,106
117,105
118,108
119,108
120,109
121,110
122,110
123,109
124,112
125,113
126,115
127,117
128,116
129,118
130,119
131,121
132,121
133,123
134,121
135,123
136,126
137,125
138,128
139,128
140,131
141,131
142,130
143,132
144,133
145,136
146,135
147,136
148,137
149,138
150,140
151,139
152,141
153,141
154,143
155,144
156,144
157,145
158,148
159,149
160,145
161,150
162,151
163,152
164,153
165,154
166,155
167,155
168,158
169,159
170,160
171,160
172,161
173,162
174,162
175,164
176,164
177,166
178,165
179,167
180,169
181,169
182,171
183,171
184,173
185,175
186,174
187,175
188,177
189,178
190,179
191,178
192,181
193,183
194,183
195,183
196,183
197,186
198,188
199,188
200,189
201,191
202,191
203,191
204,192
205,194
206,194
207,197
208,196
209,198
210,200
211,200
212,202
213,201
214,203
215,205
216,205
217,206
218,209
219,208
220,209
221,210
222,212
223,212
224,213
225,215
226,215
227,216
228,215
229,218
230,218
231,221
232,221
233,222
234,223
235,223
236,223
237,227
238,229
239,228
240,228
241,231
242,230
243,232
244,233
245,235
246,235
247,237
248,237
249,239
250,239
251,241
252,241
253,243
254,244
255,246
256,246
257,245
258,247
259,249
260,253
261,250
262,253
263,253
264,254
265,256
266,255
267,256
268,257
269,259
270,262
271,262
272,262
273,263
274,264
275,266
276,265
277,267
278,269
279,269
280,271
281,271
282,271
283,273
284,274
285,274
286,275
287,276
288,280
289,278
290,280
291,281
292,283
293,285
294,284
295,285
296,287
297,288
298,289
299,289
300,289
301,291
302,291
303,294
304,294
305,296
306,296
307,297
308,297
309,298
310,300
311,301
312,302
313,304
314,303
315,305
316,307
317,306
318,311
319,309
320,309
321,312
322,312
323,314
324,314
325,315
326,316
327,318
328,318
329,318
330,320
331,321
332,322
333,324
334,325
335,325
336,328
337,328
338,327
339,330
340,329
341,332
342,333
343,333
344,336
345,337
346,338
347,337
348,337
349,339
350,340
351,342
352,343
353,343
354,345
355,344
356,347
357,345
358,348
359,349
360,351
361,351
362,353
363,353
364,353
365,355
366,356
367,355
368,360
369,360
370,360
371,360
372,362
373,363
374,365
375,366
376,367
377,366
378,369
379,369
380,370
381,369
382,374
383,371
384,373
385,376
386,375
387,378
388,379
389,380
390,380
391,380
392,384
393,385
394,383
395,386
396,387
397,387
398,387
399,389
400,390
401,392
402,391
403,393
404,393
405,396
406,396
407,396
408,398
409,400
410,400
411,400
412,403
413,404
414,405
415,406
416,405
417,408
418,408
419,408
420,410
421,412
422,412
423,414
424,414
425,416
426,415
427,417
428,417
429,418
430,422
431,422
432,424
433,423
434,423
435,425
436,426
437,430
438,429
439,429
440,430
441,432
442,431
443,433
444,434
445,434
446,438
447,438
448,440
449,439
450,438
451,442
452,442
453,442
454,443
455,444
456,445
457,446
458,447
459,449
460,451
461,450
462,451
463,453
464,453
465,456
466,456
467,454
468,457
469,457
470,460
471,461
472,464
473,461
474,463
475,464
476,466
477,467
478,468
479,471
480,470
481,470
482,472
483,472
484,474
485,475
486,476
487,476
488,478
489,478
490,480
491,480
492,482
493,483
494,484
495,486
496,486
497,485
498,488
499,490
500,489
501,492
502,493
503,492
504,494
505,494
506,495
507,498
508,497
509,500
510,500
511,500
512,502
513,503
514,503
515,505
516,506
517,507
518,507
519,508
520,510
521,511
522,511
523,514
524,513
525,515
526,516
527,517
528,517
529,520
530,523
531,520
532,521
533,522
534,524
535,524
536,525
537,528
538,527
539,528
540,530
541,530
542,532
543,532
544,532
545,533
546,534
547,538
548,537
549,538
550,540
551,542
552,543
553,545
554,544
555,546
556,545
557,547
558,548
559,549
560,551
561,551
562,551
563,552
564,554
565,553
566,556
567,558
568,558
569,559
570,558
571,561
572,561
573,562
574,564
575,565
576,566
577,566
578,567
579,567
580,571
581,570
582,572
583,574
584,574
585,574
586,576
587,575
588,578
589,579
590,580
591,580
592,582
593,583
594,584
595,585
596,587
597,586
598,586
599,588
600,589
601,591
602,591
603,592
604,593
605,593
606,596
607,595
608,596
609,598
610,600
611,601
612,602
613,603
614,603
615,604
616,606
617,607
618,607
619,608
620,609
621,611
622,612
623,612
624,613
625,615
626,615
627,617
628,616
629,619
630,620
631,619
632,622
633,623
634,624
635,624
636,627
637,627
638,628
639,630
640,629
641,631
642,631
643,634
644,633
645,636
646,635
647,638
648,638
649,639
650,640
651,642
652,643
653,642
654,644
655,646
656,648
657,646
658,651
659,649
660,649
661,652
662,652
663,654
664,653
665,655
666,656
667,657
668,657
669,659
670,660
671,662
672,663
673,663
674,665
675,664
676,665
677,667
678,667
679,668
680,670
681,671
682,672
683,674
684,675
685,675
686,676
687,678
688,678
689,680
690,681
691,682
692,683
693,683
694,685
695,687
696,687
697,686
698,690
699,690
700,690
701,690
702,692
703,694
704,694
705,695
706,696
707,696
708,698
709,699
710,699
711,703
712,701
713,702
714,705
715,705
716,707
717,706
718,709
719,709
720,709
721,710
722,712
723,713
724,714
725,716
726,717
727,719
728,719
729,720
730,720
731,721
732,722
733,723
734,725
735,725
736,726
737,727
738,727
739,729
740,730
741,731
742,733
743,734
744,734
745,735
746,736
747,737
748,738
749,739
750,740
751,741
752,742
753,743
754,744
755,745
756,746
757,747
758,748
759,749
760,751
761,753
762,753
763,755
764,755
765,756
766,757
767,758
768,758
769,760
770,760
771,762
772,764
773,763
774,763
775,768
776,766
777,768
778,769
779,770
780,771
781,772
782,773
783,771
784,780
785,777
786,777
787,780
788,779
789,781
790,780
791,781
792,782
793,785
794,784
795,787
796,788
797,788
798,790
799,792
800,791
801,793
802,793
803,795
804,793
805,797
806,797
807,799
808,799
809,801
810,801
811,803
812,804
813,804
814,806
815,806
816,811
817,809
818,809
819,811
820,810
821,813
822,811
823,814
824,814
825,817
826,817
827,819
828,818
829,821
830,824
831,823
832,824
833,824
834,825
835,827
836,827
837,828
838,831
839,829
840,832
841,832
842,834
843,835
844,835
845,835
846,836
847,839
848,841
849,840
850,841
851,842
852,844
853,844
854,847
855,845
856,849
857,848
858,849
859,850
860,851
861,852
862,854
863,855
864,856
865,856
866,859
867,860
868,858
869,860
870,860
871,863
872,864
873,864
874,866
875,865
876,868
877,869
878,870
879,870
880,871
881,873
882,874
883,874
884,877
885,877
886,878
887,878
888,880
889,880
890,882
891,884
892,884
893,885
894,886
895,888
896,888
897,890
898,891
899,891
900,892
901,891
902,894
903,894
904,896
905,898
906,901
907,898
908,901
909,901
910,903
911,904
912,904
913,906
914,906
915,906
916,909
917,909
918,911
919,911
920,913
921,912
922,914
923,914
924,916
925,918
926,918
927,917
928,920
929,921
930,923
931,925
932,925
933,925
934,926
935,927
936,929
937,928
938,931
939,931
940,933
941,934
942,935
943,936
944,937
945,937
946,939
947,939
948,941
949,942
950,942
951,944
952,945
953,945
954,945
955,947
956,949
957,950
958,949
959,953
960,952
961,953
962,954
963,955
964,956
965,959
966,958
967,960
968,959
969,961
970,963
971,963
972,965
973,965
974,965
975,967
976,967
977,967
978,970
979,971
980,971
981,974
982,975
983,975
984,976
985,977
986,978
987,979
988,979
989,982
990,982
991,984
992,984
993,987
994,986
995,987
996,989
997,989
998,990
999,992
1000,993
1001,994
1002,995
1003,996
1004,996
1005,998
1006,998
1007,1001
1008,1001
1009,1002
1010,1004
1011,1005
1012,1005
1013,1006
1014,1007
1015,1007
1016,1008
1017,1011
1018,1012
1019,1011
1020,1014
1021,1013
1022,1015
1023,1017
1024,1017
1025,1019
1026,1023
1027,1020
1028,1022
1029,1021
1030,1023
1031,1023
1032,1025
1033,1027
1034,1028
1035,1028
1036,1029
1037,1031
1038,1032
1039,1033
1040,1033
1041,1035
1042,1036
1043,1036
1044,1037
1045,1038
1046,1040
1047,1040
1048,1041
1049,1042
1050,1043
1051,1044
1052,1048
1053,1046
1054,1047
1055,1049
1056,1049
1057,1051
1058,1050
1059,1052
1060,1053
1061,1054
1062,1055
1063,1056
1064,1058
1065,1059
1066,1059
1067,1061
1068,1059
1069,1063
1070,1064
1071,1064
1072,1067
1073,1067
1074,1068
1075,1068
1076,1069
1077,1070
1078,1070
1079,1073
1080,1072
1081,1075
1082,1074
1083,1077
1084,1078
1085,1078
1086,1080
1087,1079
1088,1082
1089,1083
1090,1083
1091,1085
1092,1084
1093,1085
1094,1087
1095,1089
1096,1089
1097,1091
1098,1091
1099,1093
1100,1094
1101,1093
1102,1094
1103,1097
1104,1097
1105,1099
1106,1100
1107,1100
1108,1102
1109,1102
1110,1104
1111,1105
1112,1106
1113,1107
1114,1108
1115,1107
1116,1109
1117,1111
1118,1112
1119,1114
1120,1113
1121,1116
1122,1117
1123,1117
1124,1118
1125,1117
1126,1121
1127,1121
1128,1122
1129,1126
1130,1122
1131,1124
1132,1126
1133,1127
1134,1129
1135,1129
1136,1129
1137,1131
1138,1130
1139,1132
1140,1135
1141,1134
1142,1135
1143,1137
1144,1137
1145,1139
1146,1140
1147,1139
1148,1141
1149,1143
1150,1143
1151,1144
1152,1146
1153,1150
1154,1148
1155,1148
1156,1150
1157,1151
1158,1151
1159,1152
1160,1153
1161,1153
1162,1155
1163,1158
1164,1158
1165,1159
1166,1159
1167,1161
1168,1161
1169,1163
1170,1163
1171,1164
1172,1168
1173,1165
1174,1166
1175,1169
1176,1170
1177,1171
1178,1171
1179,1173
1180,1174
1181,1175
1182,1177
1183,1175
1184,1178
1185,1178
1186,1180
1187,1181
1188,1182
1189,1182
1190,1184
1191,1184
1192,1185
1193,1186
1194,1188
1195,1188
1196,1189
1197,1191
1198,1190
1199,1192
1200,1193
1201,1195
1202,1194
1203,1195
1204,1197
1205,1199
1206,1199
1207,1202
1208,1201
1209,1202
1210,1203
1211,1205
1212,1205
1213,1206
1214,1207
1215,1208
1216,1209
1217,1210
1218,1211
1219,1212
1220,1212
1221,1215
1222,1215
1223,1217
1224,1216
1225,1219
1226,1218
1227,1220
1228,1220
1229,1221
1230,1223
1231,1225
1232,1226
1233,1227
1234,1227
1235,1229
1236,1229
1237,1229
1238,1230
1239,1232
1240,1233
1241,1234
1242,1236
1243,1237
1244,1238
1245,1238
1246,1241
1247,1243
1248,1242
1249,1243
1250,1243
1251,1245
1252,1245
1253,1247
1254,1246
1255,1249
1256,1248
1257,1250
1258,1251
1259,1252
1260,1252
1261,1254
1262,1255
1263,1256
1264,1256
1265,1258
1266,1258
1267,1260
1268,1261
1269,1261
1270,1263
1271,1264
1272,1264
1273,1267
1274,1267
1275,1268
1276,1271
1277,1269
1278,1272
1279,1272
1280,1273
1281,1274
1282,1275
1283,1276
1284,1278
1285,1277
1286,1279
1287,1280
1288,1280
1289,1281
1290,1283
1291,1284
1292,1285
1293,1287
1294,1287
1295,1288
1296,1288
1297,1289
1298,1292
1299,1295
1300,1295
1301,1295
1302,1295
1303,1296
1304,1297
1305,1298
1306,1299
1307,1300
1308,1302
1309,1304
1310,1302
1311,1305
1312,1305
1313,1307
1314,1306
1315,1308
1316,1309
1317,1311
1318,1311
1319,1312
1320,1313
1321,1314
1322,1315
1323,1316
1324,1320
1325,1318
1326,1319
1327,1320
1328,1322
1329,1321
1330,1323
1331,1324
1332,1327
1333,1326
1334,1327
1335,1329
1336,1329
1337,1329
1338,1331
1339,1333
1340,1332
1341,1334
1342,1336
1343,1335
1344,1338
1345,1338
1346,1338
1347,1340
1348,1341
1349,1342
1350,1343
1351,1344
1352,1344
1353,1346
1354,1346
1355,1348
1356,1350
1357,1350
1358,1351
1359,1353
1360,1352
1361,1354
1362,1354
1363,1355
1364,1355
1365,1359
1366,1359
1367,1360
1368,1360
1369,1362
1370,1362
1371,1364
1372,1367
1373,1365
1374,1369
1375,1367
1376,1369
1377,1370
1378,1371
1379,1372
1380,1373
1381,1374
1382,1375
1383,1376
1384,1375
1385,1376
1386,1379
1387,1380
1388,1380
1389,1382
1390,1382
1391,1384
1392,1384
1393,1386
1394,1387
1395,1388
1396,1388
1397,1391
1398,1390
1399,1392
1400,1394
1401,1393
1402,1394
1403,1395
1404,1399
1405,1398
1406,1398
1407,1399
1408,1402
1409,1402
1410,1403
1411,1406
1412,1404
1413,1407
1414,1407
1415,1407
1416,1408
1417,1410
1418,1412
1419,1412
1420,1413
1421,1414
1422,1415
1423,1416
1424,1416
1425,1419
1426,1419
1427,1420
1428,1421
1429,1422
1430,1423
1431,1423
1432,1424
1433,1427
1434,1427
1435,1427
1436,1428
1437,1429
1438,1430
1439,1432
1440,1431
1441,1434
1442,1434
1443,1436
1444,1436
1445,1436
1446,1438
1447,1440
1448,1441
1449,1442
1450,1444
1451,1443
1452,1446
1453,1445
1454,1446
1455,1449
1456,1448
1457,1451
1458,1451
1459,1453
1460,1454
1461,1454
1462,1454
1463,1456
1464,1455
1465,1457
1466,1458
1467,1460
1468,1461
1469,1462
1470,1462
1471,1465
1472,1466
1473,1467
1474,1467
1475,1466
1476,1469
1477,1471
1478,1470
1479,1470
1480,1473
1481,1473
1482,1475
1483,1476
1484,1476
1485,1479
1486,1478
1487,1480
1488,1481
1489,1482
1490,1484
1491,1483
1492,1485
1493,1485
1494,1486
1495,1488
1496,1487
1497,1490
1498,1491
1499,1492
1500,1493
1501,1495
1502,1493
1503,1495
1504,1495
1505,1499
1506,1497
1507,1502
1508,1502
1509,1503
1510,1505
1511,1505
1512,1505
1513,1506
1514,1507
1515,1508
1516,1508
1517,1509
1518,1512
1519,1512
1520,1513
1521,1514
1522,1515
1523,1514
1524,1517
1525,1519
1526,1517
1527,1520
1528,1521
1529,1526
1530,1523
1531,1523
1532,1525
1533,1526
1534,1526
1535,1528
1536,1529
1537,1530
1538,1532
1539,1533
1540,1533
1541,1532
1542,1536
1543,1536
1544,1537
1545,1538
1546,1540
1547,1540
1548,1542
1549,1543
1550,1544
1551,1544
1552,1545
1553,1546
1554,1547
1555,1548
1556,1549
1557,1551
1558,1553
1559,1550
1560,1554
1561,1556
1562,1554
1563,1556
1564,1558
1565,1557
1566,1560
1567,1561
1568,1561
1569,1563
1570,1564
1571,1565
1572,1566
1573,1567
1574,1566
1575,1568
1576,1569
1577,1570
1578,1571
1579,1572
1580,1575
1581,1575
1582,1575
1583,1576
1584,1577
1585,1578
1586,1578
1587,1579
1588,1581
1589,1583
1590,1583
1591,1583
1592,1585
1593,1585
1594,1587
1595,1589
1596,1589
1597,1590
1598,1591
1599,1593
1600,1593
1601,1593
1602,1595
1603,1598
1604,1598
1605,1598
1606,1598
1607,1599
1608,1601
1609,1601
1610,1605
1611,1604
1612,1605
1613,1605
1614,1608
1615,1608
1616,1609
1617,1609
1618,1615
1619,1613
1620,1613
1621,1613
1622,1614
1623,1615
1624,1616
1625,1618
1626,1618
1627,1620
1628,1622
1629,1621
1630,1623
1631,1624
1632,1626
1633,1625
1634,1628
1635,1626
1636,1630
1637,1630
1638,1632
1639,1631
1640,1632
1641,1633
1642,1634
1643,1635
1644,1636
1645,1637
1646,1639
1647,1640
1648,1640
1649,1641
1650,1642
1651,1646
1652,1646
1653,1645
1654,1646
1655,1648
1656,1649
1657,1650
1658,1651
1659,1655
1660,1654
1661,1654
1662,1656
1663,1657
1664,1657
1665,1659
1666,1658
1667,1660
1668,1661
1669,1662
1670,1663
1671,1664
1672,1664
1673,1665
1674,1666
1675,1668
1676,1668
1677,1668
1678,1671
1679,1671
1680,1672
1681,1675
1682,1674
1683,1676
1684,1677
1685,1676
1686,1680
1687,1680
1688,1682
1689,1682
1690,1684
1691,1684
1692,1685
1693,1686
1694,1687
1695,1689
1696,1689
1697,1689
1698,1690
1699,1692
1700,1692
1701,1693
1702,1697
1703,1696
1704,1695
1705,1698
1706,1698
1707,1699
1708,1701
1709,1702
1710,1702
1711,1702
1712,1704
1713,1706
1714,1707
1715,1708
1716,1711
1717,1710
1718,1709
1719,1711
1720,1714
1721,1713
1722,1714
1723,1716
1724,1717
1725,1718
1726,1718
1727,1720
1728,1721
1729,1721
1730,1726
1731,1723
1732,1723
1733,1725
1734,1726
1735,1728
1736,1729
1737,1729
1738,1728
1739,1730
1740,1733
1741,1732
1742,1734
1743,1735
1744,1737
1745,1738
1746,1738
1747,1741
1748,1740
1749,1742
1750,1744
1751,1743
1752,1745
1753,1745
1754,1746
1755,1749
1756,1750
1757,1749
1758,1751
1759,1752
1760,1752
1761,1753
1762,1756
1763,1756
1764,1758
1765,1760
1766,1760
1767,1760
1768,1761
1769,1763
1770,1764
1771,1764
1772,1765
1773,1766
1774,1769
1775,1768
1776,1768
1777,1771
1778,1772
1779,1773
1780,1774
1781,1775
1782,1776
1783,1775
1784,1778
1785,1778
1786,1780
1787,1782
1788,1781
1789,1782
1790,1784
1791,1784
1792,1784
1793,1787
1794,1787
1795,1787
1796,1790
1797,1790
1798,1791
1799,1793
1800,1793
1801,1794
1802,1796
1803,1796
1804,1797
1805,1799
1806,1800
1807,1800
1808,1801
1809,1801
1810,1803
1811,1805
1812,1803
1813,1807
1814,1808
1815,1809
1816,1808
1817,1811
1818,1810
1819,1812
1820,1814
1821,1814
1822,1815
1823,1815
1824,1818
1825,1819
1826,1822
1827,1820
1828,1821
1829,1822
1830,1823
1831,1824
1832,1825
1833,1826
1834,1827
1835,1830
1836,1829
1837,1832
1838,1832
1839,1831
1840,1832
1841,1834
1842,1835
1843,1838
1844,1836
1845,1838
1846,1840
1847,1841
1848,1843
1849,1842
1850,1844
1851,1845
1852,1847
1853,1846
1854,1847
1855,1848
1856,1850
1857,1850
1858,1852
1859,1853
1860,1853
1861,1853
1862,1856
1863,1855
1864,1857
1865,1857
1866,1859
1867,1859
1868,1860
1869,1863
1870,1862
1871,1864
1872,1866
1873,1866
1874,1867
1875,1868
1876,1870
1877,1870
1878,1871
1879,1872
1880,1872
1881,1873
1882,1876
1883,1877
1884,1878
1885,1878
1886,1880
1887,1880
1888,1881
1889,1882
1890,1887
1891,1884
1892,1885
1893,1887
1894,1888
1895,1891
1896,1889
1897,1892
1898,1892
1899,1892
1900,1894
1901,1894
1902,1896
1903,1896
1904,1897
1905,1897
1906,1899
1907,1900
1908,1901
1909,1902
1910,1903
1911,1905
1912,1905
1913,1907
1914,1908
1915,1907
1916,1908
1917,1911
1918,1912
1919,1912
1920,1913
1921,1914
1922,1915
1923,1918
1924,1915
1925,1919
1926,1918
1927,1921
1928,1922
1929,1922
1930,1925
1931,1922
1932,1925
1933,1927
1934,1926
1935,1928
1936,1929
1937,1930
1938,1932
1939,1932
1940,1932
1941,1937
1942,1937
1943,1935
1944,1937
1945,1938
1946,1939
1947,1939
1948,1941
1949,1943
1950,1944
1951,1944
1952,1948
1953,1946
1954,1947
1955,1948
1956,1951
1957,1950
1958,1951
1959,1952
1960,1952
1961,1954
1962,1955
1963,1956
1964,1959
1965,1957
1966,1961
1967,1960
1968,1963
1969,1961
1970,1961
1971,1964
1972,1965
1973,1967
1974,1967
1975,1968
1976,1969
1977,1971
1978,1972
1979,1972
1980,1973
1981,1974
1982,1974
1983,1976
1984,1975
1985,1977
1986,1979
1987,1979
1988,1980
1989,1983
1990,1984
1991,1982
1992,1986
1993,1985
1994,1987
1995,1990
1996,1989
1997,1990
1998,1991
1999,1995
2000,1992
2001,1995
2002,1996
2003,1998
2004,1997
2005,1999
2006,2000
2007,1999
2008,2000
2009,2002
2010,2004
2011,2005
2012,2004
2013,2005
2014,2006
2015,2008
2016,2008
2017,2009
2018,2011
2019,2011
2020,2014
2021,2015
2022,2014
2023,2016
2024,2018
2025,2018
2026,2023
2027,2021
2028,2023
2029,2022
2030,2021
2031,2025
2032,2026
2033,2028
2034,2027
2035,2028
2036,2031
2037,2030
2038,2032
2039,2032
2040,2033
2041,2034
2042,2036
2043,2039
2044,2036
2045,2037
2046,2042
2047,2039
2048,2042
2049,2041
2050,2044
2051,2044
2052,2045
2053,2045
2054,2047
2055,2050
2056,2050
2057,2050
2058,2051
2059,2051
2060,2054
2061,2054
2062,2054
2063,2055
2064,2057
2065,2058
2066,2060
2067,2060
2068,2061
2069,2062
2070,2063
2071,2062
2072,2065
2073,2065
2074,2068
2075,2068
2076,2069
2077,2069
2078,2071
2079,2073
2080,2071
2081,2075
2082,2075
2083,2076
2084,2077
2085,2077
2086,2079
2087,2080
2088,2081
2089,2084
2090,2083
2091,2086
2092,2085
2093,2085
2094,2087
2095,2088
2096,2089
2097,2090
2098,2090
2099,2092
2100,2096
2101,2094
2102,2095
2103,2096
2104,2096
2105,2097
2106,2100
2107,2099
2108,2100
2109,2102
2110,2103
2111,2104
2112,2106
2113,2105
2114,2106
2115,2106
2116,2107
2117,2110
2118,2111
2119,2111
2120,2113
2121,2114
2122,2115
2123,2117
2124,2119
2125,2116
2126,2120
2127,2120
2128,2121
2129,2120
2130,2123
2131,2124
2132,2125
2133,2127
2134,2127
2135,2129
2136,2130
2137,2131
2138,2131
2139,2132
2140,2133
2141,2134
2142,2136
2143,2136
2144,2136
2145,2137
2146,2140
2147,2138
2148,2141
2149,2142
2150,2143
2151,2143
2152,2145
2153,2147
2154,2147
2155,2146
2156,2149
2157,2150
2158,2150
2159,2150
2160,2152
2161,2154
2162,2152
2163,2156
2164,2156
2165,2158
2166,2158
2167,2162
2168,2160
2169,2161
2170,2163
2171,2165
2172,2164
2173,2166
2174,2167
2175,2168
2176,2169
2177,2171
2178,2172
2179,2173
2180,2173
2181,2173
2182,2175
2183,2176
2184,2178
2185,2176
2186,2179
2187,2180
2188,2181
2189,2181
2190,2182
2191,2184
2192,2186
2193,2187
2194,2186
2195,2188
2196,2188
2197,2189
2198,2190
2199,2193
2200,2192
2201,2195
2202,2198
2203,2196
2204,2196
2205,2197
2206,2199
2207,2201
2208,2203
2209,2201
2210,2203
2211,2205
2212,2205
2213,2206
2214,2207
2215,2208
2216,2208
2217,2209
2218,2210
2219,2212
2220,2212
2221,2213
2222,2215
2223,2216
2224,2217
2225,2216
2226,2219
2227,2220
2228,2220
2229,2221
2230,2223
2231,2224
2232,2225
2233,2225
2234,2226
2235,2226
2236,2229
2237,2231
2238,2230
2239,2232
2240,2233
2241,2234
2242,2234
2243,2234
2244,2236
2245,2239
2246,2240
2247,2240
2248,2240
2249,2241
2250,2242
2251,2245
2252,2243
2253,2245
2254,2248
2255,2249
2256,2249
2257,2251
2258,2253
2259,2252
2260,2254
2261,2254
2262,2255
2263,2259
2264,2257
2265,2259
2266,2258
2267,2259
2268,2261
2269,2262
2270,2266
2271,2265
2272,2263
2273,2267
2274,2266
2275,2270
2276,2269
2277,2268
2278,2273
2279,2273
2280,2273
2281,2275
2282,2275
2283,2277
2284,2277
2285,2278
2286,2280
2287,2279
2288,2281
2289,2282
2290,2283
2291,2284
2292,2287
2293,2287
2294,2288
2295,2289
2296,2290
2297,2290
2298,2292
2299,2292
2300,2294
2301,2295
2302,2295
2303,2297
2304,2298
2305,2297
2306,2299
2307,2301
2308,2300
2309,2302
2310,2304
2311,2304
2312,2306
2313,2309
2314,2308
2315,2310
2316,2310
2317,2311
2318,2312
2319,2313
2320,2313
2321,2315
2322,2315
2323,2316
2324,2318
2325,2316
2326,2320
2327,2319
2328,2322
2329,2322
2330,2324
2331,2324
2332,2324
2333,2328
2334,2328
2335,2329
2336,2329
2337,2332
2338,2331
2339,2333
2340,2333
2341,2333
2342,2336
2343,2337
2344,2336
2345,2339
2346,2338
2347,2341
2348,2341
2349,2342
2350,2343
2351,2344
2352,2346
2353,2346
2354,2347
2355,2348
2356,2349
2357,2351
2358,2350
2359,2353
2360,2353
2361,2354
2362,2354
2363,2357
2364,2357
2365,2356
2366,2360
2367,2360
2368,2360
2369,2361
2370,2364
2371,2365
2372,2365
2373,2368
2374,2367
2375,2368
2376,2369
2377,2370
2378,2373
2379,2373
2380,2373
2381,2377
2382,2376
2383,2376
2384,2377
2385,2378
2386,2381
2387,2382
2388,2380
2389,2381
2390,2384
2391,2385
2392,2385
2393,2384
2394,2387
2395,2389
2396,2386
2397,2391
2398,2391
2399,2394
2400,2392
2401,2395
2402,2394
2403,2397
2404,2397
2405,2401
2406,2398
2407,2401
2408,2402
2409,2403
2410,2403
2411,2402
2412,2404
2413,2406
2414,2407
2415,2408
2416,2407
2417,2411
2418,2411
2419,2412
2420,2413
2421,2413
2422,2416
2423,2416
2424,2416
2425,2418
2426,2418
2427,2420
2428,2421
2429,2422
2430,2424
2431,2424
2432,2424
2433,2429
2434,2426
2435,2428
2436,2428
2437,2429
2438,2432
2439,2432
2440,2432
2441,2433
2442,2436
2443,2437
2444,2436
2445,2438
2446,2438
2447,2440
2448,2440
2449,2442
2450,2444
2451,2443
2452,2445
2453,2444
2454,2447
2455,2445
2456,2449
2457,2449
2458,2450
2459,2452
2460,2452
2461,2454
2462,2454
2463,2455
2464,2457
2465,2458
2466,2456
2467,2461
2468,2460
2469,2462
2470,2464
2471,2462
2472,2465
2473,2465
2474,2466
2475,2469
2476,2467
2477,2469
2478,2471
2479,2470
2480,2472
2481,2475
2482,2475
2483,2476
2484,2475
2485,2478
2486,2479
2487,2480
2488,2482
2489,2483
2490,2484
2491,2486
2492,2483
2493,2485
2494,2486
2495,2487
2496,2490
2497,2490
2498,2491
2499,2491
2500,2494
2501,2494
2502,2494
2503,2496
2504,2498
2505,2496
2506,2500
2507,2501
2508,2502
2509,2501
2510,2503
2511,2503
2512,2506
2513,2508
2514,2508
2515,2509
2516,2509
2517,2510
2518,2511
2519,2512
2520,2513
2521,2514
2522,2515
2523,2516
2524,2518
2525,2517
2526,2519
2527,2521
2528,2522
2529,2522
2530,2524
2531,2525
2532,2523
2533,2524
2534,2527
2535,2528
2536,2529
2537,2529
2538,2531
2539,2532
2540,2534
2541,2533
2542,2535
2543,2536
2544,2539
2545,2537
2546,2538
2547,2540
2548,2541
2549,2542
2550,2544
2551,2545
2552,2544
2553,2546
2554,2548
2555,2548
2556,2549
2557,2549
2558,2551
2559,2551
2560,2553
2561,2554
2562,2555
2563,2558
2564,2557
2565,2559
2566,2558
2567,2560
2568,2564
2569,2561
2570,2563
2571,2563
2572,2567
2573,2566
2574,2567
2575,2567
2576,2570
2577,2570
2578,2570
2579,2572
2580,2573
2581,2573
2582,2575
2583,2575
2584,2577
2585,2577
2586,2580
2587,2580
2588,2583
2589,2581
2590,2582
2591,2583
2592,2586
2593,2586
2594,2587
2595,2587
2596,2590
2597,2590
2598,2591
2599,2592
2600,2595
2601,2594
2602,2594
2603,2596
2604,2597
2605,2598
2606,2599
2607,2600
2608,2599
2609,2603
2610,2602
2611,2603
2612,2606
2613,2605
2614,2606
2615,2608
2616,2608
2617,2609
2618,2611
2619,2611
2620,2614
2621,2614
2622,2616
2623,2616
2624,2618
2625,2620
2626,2620
2627,2618
2628,2623
2629,2621
2630,2623
2631,2622
2632,2624
2633,2626
2634,2625
2635,2628
2636,2630
2637,2629
2638,2629
2639,2632
2640,2633
2641,2634
2642,2635
2643,2637
2644,2637
2645,2637
2646,2639
2647,2638
2648,2642
2649,2643
2650,2644
2651,2644
2652,2644
2653,2646
2654,2646
2655,2647
2656,2648
2657,2651
2658,2651
2659,2650
2660,2654
2661,2653
2662,2655
2663,2656
2664,2654
2665,2659
2666,2656
2667,2661
2668,2661
2669,2661
2670,2662
2671,2665
2672,2665
2673,2665
2674,2667
2675,2669
2676,2672
2677,2670
2678,2670
2679,2670
2680,2672
2681,2673
2682,2673
2683,2675
2684,2677
2685,2678
2686,2679
2687,2679
2688,2680
2689,2683
2690,2683
2691,2683
2692,2685
2693,2685
2694,2687
2695,2689
2696,2690
2697,2689
2698,2690
2699,2691
2700,2693
2701,2695
2702,2696
2703,2696
2704,2698
2705,2695
2706,2699
2707,2697
2708,2699
2709,2701
2710,2703
2711,2705
2712,2704
2713,2705
2714,2707
2715,2707
2716,2708
2717,2711
2718,2710
2719,2712
2720,2714
2721,2712
2722,2715
2723,2718
2724,2717
2725,2719
2726,2720
2727,2721
2728,2719
2729,2721
2730,2722
2731,2727
2732,2725
2733,2725
2734,2725
2735,2727
2736,2729
2737,2730
2738,2730
2739,2731
2740,2733
2741,2733
2742,2734
2743,2732
2744,2737
2745,2738
2746,2738
2747,2738
2748,2741
2749,2742
2750,2743
2751,2743
2752,2744
2753,2743
2754,2747
2755,2746
2756,2747
2757,2748
2758,2751
2759,2751
2760,2753
2761,2752
2762,2752
2763,2756
2764,2756
2765,2757
2766,2758
2767,2759
2768,2757
2769,2763
2770,2762
2771,2765
2772,2766
2773,2765
2774,2764
2775,2767
2776,2767
2777,2769
2778,2771
2779,2772
2780,2773
2781,2772
2782,2775
2783,2774
2784,2775
2785,2777
2786,2776
2787,2777
2788,2781
2789,2781
2790,2783
2791,2783
2792,2784
2793,2784
2794,2785
2795,2786
2796,2788
2797,2789
2798,2792
2799,2791
2800,2792
2801,2794
2802,2795
2803,2795
2804,2795
2805,2798
2806,2799
2807,2799
2808,2799
2809,2802
2810,2801
2811,2803
2812,2803
2813,2804
2814,2806
2815,2805
2816,2809
2817,2809
2818,2811
2819,2810
2820,2812
2821,2813
2822,2814
2823,2815
2824,2816
2825,2817
2826,2817
2827,2821
2828,2820
2829,2820
2830,2823
2831,2823
2832,2826
2833,2824
2834,2827
2835,2827
2836,2827
2837,2830
2838,2831
2839,2829
2840,2832
2841,2834
2842,2835
2843,2835
2844,2835
2845,2835
2846,2837
2847,2839
2848,2840
2849,2841
2850,2840
2851,2843
2852,2844
2853,2846
2854,2845
2855,2848
2856,2848
2857,2848
2858,2851
2859,2851
2860,2852
2861,2855
2862,2854
2863,2855
2864,2856
2865,2857
2866,2857
2867,2859
2868,2860
2869,2862
2870,2862
2871,2863
2872,2862
2873,2863
2874,2865
2875,2868
2876,2867
2877,2867
2878,2870
2879,2871
2880,2873
2881,2873
2882,2875
2883,2875
2884,2875
2885,2877
2886,2878
2887,2879
2888,2880
2889,2881
2890,2881
2891,2883
2892,2883
2893,2885
2894,2885
2895,2886
2896,2888
2897,2889
2898,2891
2899,2893
2900,2892
2901,2893
2902,2893
2903,2896
2904,2897
2905,2897
2906,2900
2907,2898
2908,2902
2909,2900
2910,2902
2911,2903
2912,2905
2913,2903
2914,2904
2915,2903
2916,2908
2917,2908
2918,2909
2919,2912
2920,2911
2921,2914
2922,2914
2923,2914
2924,2917
2925,2916
2926,2917
2927,2920
2928,2921
2929,2922
2930,2922
2931,2923
2932,2928
2933,2926
2934,2925
2935,2927
2936,2928
2937,2930
2938,2929
2939,2932
2940,2932
2941,2931
2942,2934
2943,2936
2944,2937
2945,2936
2946,2938
2947,2939
2948,2939
2949,2942
2950,2942
2951,2944
2952,2946
2953,2945
2954,2947
2955,2945
2956,2947
2957,2949
2958,2953
2959,2950
2960,2953
2961,2956
2962,2955
2963,2959
2964,2955
2965,2956
2966,2958
2967,2957
2968,2960
2969,2962
2970,2960
2971,2961
2972,2963
2973,2965
2974,2966
2975,2966
2976,2968
2977,2969
2978,2967
2979,2970
2980,2970
2981,2973
2982,2972
2983,2974
2984,2975
2985,2978
2986,2976
2987,2978
2988,2979
2989,2980
2990,2981
2991,2982
2992,2982
2993,2984
2994,2986
2995,2986
2996,2987
2997,2989
2998,2993
2999,2993
3000,2991
3001,2992
3002,2995
3003,2996
3004,2995
3005,2998
3006,3000
3007,2997
3008,3003
3009,3003
3010,3002
3011,3002
3012,3003
3013,3006
3014,3007
3015,3007
3016,3007
3017,3009
3018,3009
3019,3011
3020,3013
3021,3013
3022,3014
3023,3015
3024,3016
3025,3018
3026,3019
3027,3020
3028,3020
3029,3023
3030,3023
3031,3024
3032,3024
3033,3025
3034,3024
3035,3026
3036,3028
3037,3030
3038,3031
3039,3031
3040,3033
3041,3035
3042,3034
3043,3036
3044,3036
3045,3036
3046,3037
3047,3039
3048,3040
3049,3040
3050,3042
3051,3044
3052,3044
3053,3045
3054,3045
3055,3047
3056,3048
3057,3047
3058,3048
3059,3050
3060,3052
3061,3053
3062,3054
3063,3055
3064,3056
3065,3057
3066,3058
3067,3060
3068,3060
3069,3061
3070,3063
3071,3061
3072,3066
3073,3065
3074,3065
3075,3067
3076,3067
3077,3069
3078,3071
3079,3070
3080,3072
3081,3071
3082,3075
3083,3076
3084,3076
3085,3077
3086,3079
3087,3079
3088,3080
3089,3080
3090,3083
3091,3082
3092,3084
3093,3083
3094,3085
3095,3088
3096,3088
3097,3087
3098,3090
3099,3093
3100,3092
3101,3092
3102,3093
3103,3094
3104,3095
3105,3097
3106,3097
3107,3098
3108,3099
3109,3101
3110,3099
3111,3103
3112,3104
3113,3106
3114,3105
3115,3107
3116,3106
3117,3110
3118,3109
3119,3110
3120,3113
3121,3112
3122,3113
3123,3116
3124,3117
3125,3117
3126,3119
3127,3119
3128,3119
3129,3120
3130,3121
3131,3122
3132,3127
3133,3126
3134,3127
3135,3127
3136,3125
3137,3131
3138,3131
3139,3130
3140,3131
3141,3133
3142,3134
3143,3136
3144,3137
3145,3137
3146,3139
3147,3141
3148,3140
3149,3141
3150,3142
3151,3143
3152,3141
3153,3146
3154,3146
3155,3146
3156,3149
3157,3148
3158,3151
3159,3150
3160,3153
3161,3153
3162,3155
3163,3155
3164,3155
3165,3156
3166,3155
3167,3158
3168,3160
3169,3157
3170,3163
3171,3163
3172,3164
3173,3165
3174,3167
3175,3166
3176,3169
3177,3169
3178,3169
3179,3170
3180,3171
3181,3173
3182,3174
3183,3175
3184,3173
3185,3176
3186,3178
3187,3178
3188,3180
3189,3180
3190,3181
3191,3184
3192,3183
3193,3186
3194,3186
3195,3188
3196,3187
3197,3189
3198,3189
3199,3191
3200,3190
3201,3192
3202,3192
3203,3195
3204,3195
3205,3196
3206,3199
3207,3196
3208,3200
3209,3201
3210,3201
3211,3202
3212,3203
3213,3205
3214,3205
3215,3206
3216,3207
3217,3207
3218,3208
3219,3212
3220,3212
3221,3212
3222,3213
3223,3216
3224,3216
3225,3217
3226,3217
3227,3218
3228,3219
3229,3220
3230,3222
3231,3225
3232,3223
3233,3224
3234,3225
3235,3224
3236,3227
3237,3229
3238,3229
3239,3230
3240,3230
3241,3232
3242,3232
3243,3235
3244,3235
3245,3237
3246,3238
3247,3240
3248,3240
3249,3240
3250,3242
3251,3243
3252,3243
3253,3245
3254,3245
3255,3245
3256,3248
3257,3250
3258,3251
3259,3251
3260,3251
3261,3254
3262,3255
3263,3256
3264,3256
3265,3255
3266,3258
3267,3259
3268,3260
3269,3261
3270,3262
3271,3263
3272,3262
3273,3265
3274,3265
3275,3267
3276,3268
3277,3270
3278,3269
3279,3270
3280,3272
3281,3273
3282,3275
3283,3274
3284,3275
3285,3277
3286,3278
3287,3279
3288,3279
3289,3279
3290,3280
3291,3279
3292,3286
3293,3285
3294,3286
3295,3287
3296,3287
3297,3287
3298,3291
3299,3290
3300,3293
3301,3293
3302,3294
3303,3295
3304,3296
3305,3295
3306,3299
3307,3300
3308,3301
3309,3303
3310,3302
3311,3304
3312,3302
3313,3306
3314,3306
3315,3306
3316,3309
3317,3309
3318,3310
3319,3310
3320,3312
3321,3312
3322,3315
3323,3315
3324,3314
3325,3317
3326,3318
3327,3318
3328,3319
3329,3321
3330,3322
3331,3324
3332,3324
3333,3324
3334,3325
3335,3327
3336,3327
3337,3328
3338,3330
3339,3330
3340,3331
3341,3333
3342,3335
3343,3334
3344,3334
3345,3335
3346,3337
3347,3339
3348,3340
3349,3341
3350,3342
3351,3340
3352,3343
3353,3345
3354,3347
3355,3347
3356,3348
3357,3347
3358,3348
3359,3351
3360,3352
3361,3352
3362,3355
3363,3353
3364,3355
3365,3358
3366,3359
3367,3358
3368,3359
3369,3360
3370,3360
3371,3362
3372,3362
3373,3363
3374,3365
3375,3367
3376,3367
3377,3369
3378,3370
3379,3368
3380,3370
3381,3373
3382,3375
3383,3377
3384,3376
3385,3375
3386,3380
3387,3379
3388,3379
3389,3381
3390,3382
3391,3382
3392,3384
3393,3384
3394,3387
3395,3386
3396,3388
3397,3388
3398,3391
3399,3392
3400,3392
3401,3392
3402,3394
3403,3395
3404,3396
3405,3397
3406,3397
3407,3398
3408,3400
3409,3399
3410,3402
3411,3403
3412,3404
3413,3404
3414,3405
3415,3407
3416,3406
3417,3409
3418,3410
3419,3413
3420,3411
3421,3414
3422,3412
3423,3414
3424,3415
3425,3416
3426,3414
3427,3417
3428,3421
3429,3420
3430,3423
3431,3422
3432,3423
3433,3424
3434,3425
3435,3428
3436,3427
3437,3428
3438,3428
3439,3430
3440,3431
3441,3431
3442,3434
3443,3433
3444,3434
3445,3436
3446,3439
3447,3437
3448,3439
3449,3440
3450,3439
3451,3442
3452,3443
3453,3444
3454,3447
3455,3445
3456,3447
3457,3448
3458,3450
3459,3449
3460,3451
3461,3451
3462,3454
3463,3455
3464,3455
3465,3457
3466,3458
3467,3457
3468,3459
3469,3461
3470,3462
3471,3464
3472,3463
3473,3463
3474,3466
3475,3467
3476,3467
3477,3467
3478,3469
3479,3470
3480,3471
3481,3471
3482,3472
3483,3474
3484,3474
3485,3477
3486,3477
3487,3477
3488,3478
3489,3479
3490,3480
3491,3482
3492,3483
3493,3484
3494,3485
3495,3487
3496,3487
3497,3488
3498,3489
3499,3491
3500,3490
3501,3493
3502,3492
3503,3493
3504,3495
3505,3497
3506,3498
3507,3497
3508,3499
3509,3499
3510,3501
3511,3501
3512,3502
3513,3504
3514,3503
3515,3505
3516,3506
3517,3507
3518,3509
3519,3508
3520,3510
3521,3513
3522,3512
3523,3513
3524,3514
3525,3515
3526,3516
3527,3518
3528,3518
3529,3519
3530,3519
3531,3521
3532,3523
3533,3525
3534,3525
3535,3525
3536,3525
3537,3527
3538,3531
3539,3529
3540,3531
3541,3532
3542,3532
3543,3534
3544,3533
3545,3535
3546,3537
3547,3538
3548,3538
3549,3539
3550,3541
3551,3540
3552,3542
3553,3543
3554,3544
3555,3544
3556,3544
3557,3547
3558,3548
3559,3550
3560,3549
3561,3552
3562,3552
3563,3554
3564,3554
3565,3555
3566,3553
3567,3557
3568,3558
3569,3560
3570,3560
3571,3560
3572,3562
3573,3559
3574,3563
3575,3563
3576,3567
3577,3568
3578,3566
3579,3571
3580,3567
3581,3569
3582,3571
3583,3572
3584,3574
3585,3574
3586,3575
3587,3577
3588,3579
3589,3579
3590,3580
3591,3581
3592,3583
3593,3584
3594,3584
3595,3583
3596,3587
3597,3588
3598,3589
3599,3588
3600,3589
3601,3592
3602,3593
3603,3592
3604,3594
3605,3596
3606,3597
3607,3596
3608,3596
3609,3598
3610,3599
3611,3599
3612,3603
3613,3605
3614,3606
3615,3606
3616,3608
3617,3607
3618,3608
3619,3610
3620,3609
3621,3611
3622,3611
3623,3613
3624,3614
3625,3616
3626,3616
3627,3619
3628,3618
3629,3618
3630,3621
3631,3621
3632,3623
3633,3623
3634,3624
3635,3625
3636,3625
3637,3627
3638,3627
3639,3628
3640,3630
3641,3630
3642,3631
3643,3634
3644,3634
3645,3635
3646,3636
3647,3636
3648,3639
3649,3639
3650,3639
3651,3641
3652,3643
3653,3642
3654,3644
3655,3644
3656,3646
3657,3646
3658,3647
3659,3647
3660,3648
3661,3653
3662,3652
3663,3653
3664,3653
3665,3653
3666,3657
3667,3659
3668,3658
3669,3656
3670,3659
3671,3660
3672,3661
3673,3663
3674,3665
3675,3667
3676,3665
3677,3666
3678,3668
3679,3669
3680,3669
3681,3670
3682,3672
3683,3673
3684,3673
3685,3675
3686,3676
3687,3678
3688,3678
3689,3678
3690,3680
3691,3680
3692,3681
3693,3683
3694,3683
3695,3686
3696,3684
3697,3688
3698,3688
3699,3689
3700,3691
3701,3690
3702,3691
3703,3694
3704,3693
3705,3695
3706,3695
3707,3698
3708,3696
3709,3699
3710,3699
3711,3700
3712,3703
3713,3702
3714,3703
3715,3705
3716,3705
3717,3706
3718,3708
3719,3709
3720,3710
3721,3710
3722,3711
3723,3713
3724,3714
3725,3715
3726,3716
3727,3716
3728,3717
3729,3717
3730,3719
3731,3720
3732,3721
3733,3724
3734,3723
3735,3726
3736,3726
3737,3727
3738,3727
3739,3728
3740,3730
3741,3731
3742,3732
3743,3733
3744,3733
3745,3734
3746,3736
3747,3735
3748,3737
3749,3738
3750,3740
3751,3740
3752,3740
3753,3742
3754,3744
3755,3744
3756,3745
3757,3746
3758,3748
3759,3747
3760,3750
3761,3750
3762,3752
3763,3753
3764,3754
3765,3756
3766,3755
3767,3758
3768,3758
3769,3760
3770,3760
3771,3762
3772,3762
3773,3763
3774,3766
3775,3767
3776,3767
3777,3767
3778,3769
3779,3770
3780,3770
3781,3770
3782,3772
3783,3773
3784,3775
3785,3775
3786,3774
3787,3781
3788,3778
3789,3781
3790,3783
3791,3781
3792,3783
3793,3784
3794,3783
3795,3787
3796,3786
3797,3786
3798,3788
3799,3790
3800,3790
3801,3792
3802,3792
3803,3792
3804,3795
3805,3795
3806,3797
3807,3798
3808,3797
3809,3800
3810,3800
3811,3802
3812,3801
3813,3800
3814,3805
3815,3805
3816,3807
3817,3808
3818,3809
3819,3810
3820,3810
3821,3811
3822,3808
3823,3813
3824,3814
3825,3815
3826,3814
3827,3816
3828,3819
3829,3818
3830,3819
3831,3821
3832,3822
3833,3823
3834,3823
3835,3824
3836,3825
3837,3828
3838,3829
3839,3829
3840,3832
3841,3832
3842,3831
3843,3832
3844,3834
3845,3833
3846,3836
3847,3836
3848,3838
3849,3839
3850,3839
3851,3842
3852,3842
3853,3843
3854,3844
3855,3845
3856,3845
3857,3846
3858,3847
3859,3851
3860,3849
3861,3850
3862,3852
3863,3852
3864,3854
3865,3854
3866,3857
3867,3856
3868,3858
3869,3858
3870,3860
3871,3860
3872,3864
3873,3862
3874,3864
3875,3865
3876,3866
3877,3867
3878,3867
3879,3869
3880,3870
3881,3870
3882,3873
3883,3874
3884,3873
3885,3875
3886,3877
3887,3879
3888,3882
3889,3878
3890,3879
3891,3880
3892,3882
3893,3883
3894,3885
3895,3885
3896,3885
3897,3887
3898,3888
3899,3891
3900,3889
3901,3890
3902,3893
3903,3893
3904,3893
3905,3896
3906,3896
3907,3898
3908,3897
3909,3897
3910,3900
3911,3898
3912,3902
3913,3903
3914,3904
3915,3904
3916,3906
3917,3907
3918,3908
3919,3909
3920,3910
3921,3910
3922,3910
3923,3913
3924,3913
3925,3916
3926,3915
3927,3916
3928,3918
3929,3918
3930,3919
3931,3921
3932,3922
3933,3922
3934,3928
3935,3922
3936,3926
3937,3926
3938,3929
3939,3929
3940,3928
3941,3930
3942,3932
3943,3934
3944,3935
3945,3936
3946,3937
3947,3937
3948,3937
3949,3939
3950,3941
3951,3940
3952,3943
3953,3942
3954,3942
3955,3944
3956,3946
3957,3947
3958,3948
3959,3949
3960,3949
3961,3950
3962,3952
3963,3952
3964,3952
3965,3955
3966,3956
3967,3958
3968,3956
3969,3958
3970,3960
3971,3958
3972,3962
3973,3962
3974,3964
3975,3963
3976,3967
3977,3966
3978,3965
3979,3969
3980,3970
3981,3970
3982,3971
3983,3972
3984,3973
3985,3974
3986,3976
3987,3977
3988,3977
3989,3977
3990,3980
3991,3979
3992,3981
3993,3983
3994,3984
3995,3983
3996,3986
3997,3987
3998,3989
3999,3987
4000,3987
4001,3990
4002,3990
4003,3994
4004,3995
4005,3994
4006,3996
4007,3996
4008,3996
4009,3998
4010,4002
4011,4002
4012,4003
4013,4002
4014,4004
4015,4005
4016,4006
4017,4009
4018,4009
4019,4011
4020,4009
4021,4012
4022,4011
4023,4013
4024,4013
4025,4014
4026,4017
4027,4017
4028,4018
4029,4019
4030,4018
4031,4020
4032,4021
4033,4023
4034,4024
4035,4025
4036,4027
4037,4027
4038,4027
4039,4028
4040,4031
4041,4030
4042,4032
4043,4034
4044,4036
4045,4035
4046,4036
4047,4037
4048,4040
4049,4040
4050,4041
4051,4042
4052,4044
4053,4043
4054,4046
4055,4045
4056,4046
4057,4047
4058,4046
4059,4050
4060,4051
4061,4053
4062,4051
4063,4053
4064,4054
4065,4053
4066,4057
4067,4057
4068,4060
4069,4061
4070,4061
4071,4063
4072,4062
4073,4064
4074,4065
4075,4067
4076,4065
4077,4067
4078,4066
4079,4069
4080,4071
4081,4070
4082,4070
4083,4073
4084,4075
4085,4074
4086,4078
4087,4078
4088,4075
4089,4082
4090,4081
4091,4078
4092,4076
4093,4078
4094,4077
4095,4081
