0,1
1,1
2,1
3,1
4,1
5,1
6,1
7,1
8,1
9,1
10,1
11,1
12,2
13,2
14,4
15,5
16,5
17,7
18,9
19,8
20,9
21,10
22,12
23,13
24,14
25,15
26,17
27,16
28,19
29,19
30,22
31,21
32,22
33,23
34,23
35,25
36,27
37,28
38,27
39,30
40,30
41,31
42,32
43,33
44,36
45,35
46,35
47,36
48,38
49,39
50,40
51,41
52,41
53,43
54,45
55,45
56,46
57,48
58,47
59,49
60,50
61,51
62,52
63,53
64,54
65,55
66,55
67,56
68,57
69,60
70,59
71,60
72,61
73,63
74,63
75,65
76,65
77,68
78,67
79,69
80,71
81,70
82,70
83,74
84,74
85,75
86,77
87,78
88,78
89,78
90,81
91,80
92,81
93,81
94,84
95,85
96,87
97,87
98,87
99,88
100,90
101,90
102,92
103,93
104,93
105,93
106,96
107,94
108,98
109,97
110,100
111,100
112,103
113,102
114,103
115,104
116,105
117,107
118,106
119,109
120,110
121,110
122,111
123,112
124,113
125,115
126,116
127,116
128,118
129,119
130,120
131,121
132,121
133,122
134,124
135,126
136,126
137,127
138,129
139,127
140,130
141,130
142,131
143,132
144,133
145,135
146,133
147,138
148,137
149,141
150,138
151,141
152,143
153,143
154,144
155,145
156,146
157,148
158,147
159,150
160,151
161,151
162,150
163,153
164,154
165,155
166,156
167,154
168,158
169,160
170,159
171,161
172,164
173,163
174,164
175,166
176,165
177,167
178,168
179,168
180,168
181,171
182,172
183,171
184,175
185,174
186,175
187,176
188,178
189,178
190,179
191,181
192,178
193,183
194,184
195,185
196,185
197,186
198,187
199,189
200,189
201,193
202,192
203,193
204,194
205,194
206,195
207,196
208,198
209,199
210,200
211,202
212,202
213,201
214,203
215,206
216,205
217,207
218,209
219,209
220,211
221,210
222,213
223,211
224,214
225,214
226,216
227,217
228,215
229,220
230,219
231,220
232,222
233,223
234,223
235,225
236,225
237,227
238,228
239,230
240,229
241,232
242,231
243,232
244,233
245,235
246,237
247,237
248,239
249,239
250,239
251,240
252,242
253,242
254,243
255,245
256,247
257,244
258,250
259,250
260,251
261,251
262,253
263,254
264,254
265,255
266,256
267,260
268,258
269,260
270,261
271,263
272,263
273,264
274,264
275,266
276,267
277,267
278,271
279,270
280,271
281,271
282,272
283,274
284,275
285,277
286,278
287,278
288,279
289,279
290,281
291,281
292,282
293,283
294,286
295,285
296,287
297,286
298,289
299,290
300,291
301,290
302,293
303,294
304,295
305,295
306,297
307,298
308,299
309,299
310,300
311,302
312,303
313,309
314,305
315,306
316,308
317,307
318,309
319,310
320,310
321,312
322,313
323,313
324,315
325,316
326,317
327,319
328,319
329,320
330,322
331,322
332,323
333,324
334,325
335,325
336,326
337,329
338,329
339,329
340,330
341,333
342,333
343,334
344,334
345,336
346,338
347,337
348,339
349,340
350,340
351,343
352,342
353,344
354,345
355,346
356,347
357,349
358,349
359,350
360,351
361,352
362,353
363,355
364,354
365,355
366,357
367,358
368,358
369,360
370,362
371,363
372,363
373,364
374,365
375,367
376,367
377,369
378,369
379,369
380,370
381,372
382,373
383,373
384,375
385,375
386,377
387,377
388,379
389,379
390,380
391,382
392,383
393,383
394,385
395,385
396,386
397,388
398,391
399,389
400,391
401,392
402,392
403,393
404,395
405,396
406,396
407,398
408,398
409,400
410,401
411,403
412,403
413,404
414,405
415,406
416,407
417,408
418,409
419,410
420,411
421,413
422,413
423,411
424,415
425,416
426,416
427,417
428,418
429,420
430,422
431,422
432,422
433,424
434,425
435,425
436,426
437,427
438,429
439,431
440,430
441,431
442,432
443,433
444,434
445,435
446,437
447,437
448,439
449,439
450,440
451,441
452,443
453,443
454,444
455,446
456,446
457,448
458,450
459,449
460,452
461,451
462,451
463,455
464,454
465,456
466,457
467,457
468,458
469,460
470,460
471,461
472,463
473,465
474,466
475,465
476,467
477,467
478,468
479,469
480,470
481,472
482,474
483,474
484,473
485,475
486,477
487,478
488,478
489,482
490,481
491,481
492,483
493,484
494,485
495,485
496,486
497,487
498,488
499,489
500,490
501,492
502,491
503,493
504,497
505,496
506,497
507,499
508,499
509,500
510,501
511,501
512,500
513,503
514,505
515,506
516,506
517,507
518,508
519,510
520,511
521,513
522,512
523,514
524,513
525,516
526,517
527,516
528,519
529,520
530,520
531,522
532,522
533,523
534,525
535,526
536,526
537,529
538,529
539,529
540,530
541,532
542,534
543,533
544,534
545,535
546,537
547,536
548,538
549,540
550,541
551,542
552,542
553,542
554,544
555,545
556,546
557,548
558,548
559,550
560,549
561,552
562,553
563,553
564,555
565,556
566,557
567,557
568,558
569,558
570,561
571,562
572,564
573,564
574,564
575,566
576,568
577,568
578,568
579,569
580,571
581,573
582,572
583,572
584,574
585,575
586,576
587,579
588,578
589,579
590,581
591,581
592,582
593,584
594,585
595,586
596,587
597,587
598,589
599,590
600,590
601,592
602,592
603,595
604,594
605,595
606,597
607,598
608,598
609,604
610,601
611,602
612,601
613,605
614,604
615,605
616,606
617,609
618,610
619,609
620,610
621,611
622,614
623,614
624,615
625,615
626,616
627,618
628,618
629,621
630,620
631,622
632,625
633,624
634,624
635,627
636,627
637,627
638,629
639,629
640,631
641,632
642,633
643,634
644,635
645,636
646,637
647,638
648,637
649,639
650,641
651,642
652,644
653,644
654,645
655,646
656,647
657,649
658,649
659,650
660,651
661,650
662,653
663,654
664,655
665,657
666,658
667,657
668,659
669,659
670,661
671,663
672,661
673,665
674,665
675,665
676,667
677,668
678,668
679,669
680,671
681,672
682,673
683,673
684,675
685,676
686,676
687,679
688,680
689,680
690,679
691,682
692,684
693,684
694,685
695,685
696,686
697,688
698,689
699,690
700,691
701,692
702,693
703,694
704,695
705,695
706,696
707,698
708,699
709,699
710,701
711,702
712,704
713,703
714,705
715,705
716,707
717,708
718,708
719,710
720,710
721,712
722,713
723,714
724,714
725,720
726,718
727,718
728,718
729,721
730,721
731,722
732,723
733,724
734,725
735,724
736,727
737,727
738,729
739,729
740,731
741,732
742,733
743,735
744,734
745,736
746,736
747,738
748,738
749,741
750,741
751,742
752,744
753,745
754,744
755,746
756,747
757,747
758,750
759,749
760,751
761,753
762,755
763,754
764,754
765,757
766,759
767,759
768,761
769,761
770,762
771,762
772,764
773,764
774,766
775,767
776,768
777,769
778,770
779,771
780,772
781,772
782,774
783,776
784,776
785,777
786,778
787,780
788,779
789,781
790,782
791,784
792,785
793,786
794,786
795,785
796,788
797,788
798,790
799,792
800,792
801,793
802,794
803,794
804,795
805,797
806,798
807,799
808,800
809,801
810,801
811,803
812,804
813,804
814,805
815,807
816,809
817,809
818,810
819,810
820,813
821,810
822,814
823,816
824,814
825,818
826,818
827,818
828,820
829,821
830,822
831,823
832,823
833,825
834,826
835,829
836,829
837,831
838,830
839,832
840,832
841,834
842,833
843,836
844,836
845,838
846,837
847,839
848,840
849,841
850,842
851,843
852,844
853,844
854,847
855,848
856,848
857,850
858,852
859,850
860,852
861,854
862,854
863,854
864,858
865,858
866,858
867,860
868,861
869,860
870,862
871,865
872,865
873,866
874,867
875,868
876,869
877,871
878,869
879,870
880,872
881,872
882,875
883,876
884,877
885,877
886,880
887,880
888,881
889,882
890,882
891,884
892,886
893,885
894,887
895,885
896,889
897,891
898,891
899,892
900,894
901,893
902,898
903,895
904,897
905,899
906,898
907,900
908,902
909,903
910,903
911,903
912,905
913,906
914,907
915,908
916,910
917,911
918,912
919,912
920,913
921,913
922,915
923,915
924,917
925,917
926,919
927,921
928,921
929,922
930,923
931,924
932,924
933,926
934,927
935,928
936,929
937,929
938,932
939,932
940,933
941,935
942,936
943,936
944,937
945,937
946,939
947,939
948,940
949,942
950,943
951,944
952,945
953,946
954,947
955,948
956,949
957,952
958,951
959,954
960,953
961,955
962,956
963,955
964,957
965,957
966,958
967,962
968,961
969,962
970,963
971,965
972,965
973,966
974,967
975,968
976,969
977,970
978,971
979,973
980,972
981,974
982,975
983,975
984,980
985,979
986,979
987,980
988,981
989,982
990,984
991,983
992,984
993,987
994,986
995,988
996,989
997,990
998,991
999,992
1000,993
1001,994
1002,995
1003,997
1004,998
1005,1000
1006,1000
1007,1001
1008,1001
1009,1002
1010,1004
1011,1006
1012,1007
1013,1006
1014,1008
1015,1008
1016,1010
1017,1011
1018,1012
1019,1012
1020,1014
1021,1015
1022,1016
1023,1016
1024,1018
1025,1023
1026,1019
1027,1021
1028,1021
1029,1022
1030,1024
1031,1025
1032,1027
1033,1026
1034,1028
1035,1029
1036,1030
1037,1031
1038,1031
1039,1033
1040,1034
1041,1035
1042,1035
1043,1038
1044,1038
1045,1041
1046,1038
1047,1041
1048,1042
1049,1044
1050,1044
1051,1045
1052,1046
1053,1048
1054,1051
1055,1050
1056,1050
1057,1052
1058,1053
1059,1052
1060,1054
1061,1054
1062,1056
1063,1057
1064,1059
1065,1060
1066,1060
1067,1062
1068,1063
1069,1062
1070,1063
1071,1064
1072,1067
1073,1067
1074,1068
1075,1069
1076,1069
1077,1070
1078,1071
1079,1073
1080,1074
1081,1074
1082,1075
1083,1078
1084,1078
1085,1079
1086,1079
1087,1081
1088,1081
1089,1084
1090,1085
1091,1085
1092,1085
1093,1089
1094,1090
1095,1089
1096,1089
1097,1090
1098,1093
1099,1093
1100,1094
1101,1096
1102,1095
1103,1098
1104,1097
1105,1099
1106,1100
1107,1101
1108,1102
1109,1104
1110,1104
1111,1105
1112,1107
1113,1107
1114,1108
1115,1110
1116,1110
1117,1111
1118,1113
1119,1114
1120,1113
1121,1115
1122,1116
1123,1118
1124,1119
1125,1117
1126,1119
1127,1123
1128,1122
1129,1123
1130,1125
1131,1124
1132,1126
1133,1127
1134,1128
1135,1129
1136,1129
1137,1132
1138,1131
1139,1134
1140,1135
1141,1135
1142,1135
1143,1137
1144,1138
1145,1140
1146,1141
1147,1141
1148,1141
1149,1143
1150,1143
1151,1146
1152,1146
1153,1148
1154,1148
1155,1150
1156,1150
1157,1148
1158,1153
1159,1153
1160,1154
1161,1155
1162,1157
1163,1158
1164,1160
1165,1159
1166,1161
1167,1161
1168,1159
1169,1162
1170,1164
1171,1167
1172,1166
1173,1167
1174,1168
1175,1169
1176,1170
1177,1171
1178,1169
1179,1173
1180,1174
1181,1175
1182,1177
1183,1179
1184,1179
1185,1179
1186,1180
1187,1181
1188,1183
1189,1183
1190,1185
1191,1184
1192,1185
1193,1187
1194,1189
1195,1190
1196,1191
1197,1191
1198,1193
1199,1194
1200,1196
1201,1195
1202,1197
1203,1197
1204,1198
1205,1198
1206,1202
1207,1201
1208,1203
1209,1202
1210,1205
1211,1206
1212,1205
1213,1207
1214,1209
1215,1210
1216,1211
1217,1211
1218,1212
1219,1214
1220,1214
1221,1215
1222,1217
1223,1218
1224,1218
1225,1218
1226,1220
1227,1222
1228,1222
1229,1221
1230,1225
1231,1226
1232,1224
1233,1227
1234,1228
1235,1230
1236,1230
1237,1232
1238,1230
1239,1233
1240,1234
1241,1235
1242,1236
1243,1237
1244,1236
1245,1238
1246,1240
1247,1241
1248,1242
1249,1242
1250,1244
1251,1244
1252,1246
1253,1248
1254,1248
1255,1249
1256,1248
1257,1250
1258,1252
1259,1254
1260,1254
1261,1255
1262,1256
1263,1258
1264,1258
1265,1260
1266,1260
1267,1261
1268,1261
1269,1263
1270,1263
1271,1266
1272,1266
1273,1268
1274,1268
1275,1269
1276,1270
1277,1271
1278,1272
1279,1273
1280,1277
1281,1274
1282,1277
1283,1275
1284,1280
1285,1279
1286,1280
1287,1281
1288,1281
1289,1283
1290,1284
1291,1285
1292,1287
1293,1288
1294,1287
1295,1289
1296,1289
1297,1289
1298,1291
1299,1293
1300,1294
1301,1295
1302,1296
1303,1295
1304,1297
1305,1299
1306,1299
1307,1303
1308,1302
1309,1301
1310,1304
1311,1307
1312,1305
1313,1308
1314,1308
1315,1309
1316,1312
1317,1311
1318,1312
1319,1311
1320,1313
1321,1313
1322,1316
1323,1316
1324,1317
1325,1319
1326,1319
1327,1321
1328,1322
1329,1323
1330,1324
1331,1325
1332,1325
1333,1327
1334,1327
1335,1329
1336,1331
1337,1331
1338,1331
1339,1330
1340,1333
1341,1334
1342,1334
1343,1336
1344,1338
1345,1340
1346,1340
1347,1340
1348,1341
1349,1342
1350,1343
1351,1344
1352,1345
1353,1347
1354,1349
1355,1349
1356,1349
1357,1351
1358,1351
1359,1353
1360,1352
1361,1355
1362,1356
1363,1358
1364,1358
1365,1358
1366,1359
1367,1361
1368,1364
1369,1363
1370,1364
1371,1364
1372,1365
1373,1367
1374,1369
1375,1369
1376,1371
1377,1371
1378,1371
1379,1373
1380,1374
1381,1374
1382,1376
1383,1376
1384,1377
1385,1378
1386,1378
1387,1380
1388,1382
1389,1382
1390,1385
1391,1383
1392,1385
1393,1386
1394,1387
1395,1390
1396,1389
1397,1391
1398,1391
1399,1393
1400,1393
1401,1394
1402,1393
1403,1396
1404,1399
1405,1398
1406,1400
1407,1400
1408,1402
1409,1403
1410,1403
1411,1406
1412,1405
1413,1406
1414,1408
1415,1409
1416,1410
1417,1411
1418,1412
1419,1415
1420,1414
1421,1414
1422,1417
1423,1418
1424,1418
1425,1420
1426,1419
1427,1420
1428,1420
1429,1422
1430,1424
1431,1424
1432,1426
1433,1426
1434,1428
1435,1429
1436,1429
1437,1430
1438,1432
1439,1432
1440,1434
1441,1435
1442,1434
1443,1437
1444,1437
1445,1439
1446,1439
1447,1440
1448,1441
1449,1441
1450,1444
1451,1443
1452,1447
1453,1447
1454,1447
1455,1449
1456,1450
1457,1450
1458,1451
1459,1451
1460,1454
1461,1455
1462,1455
1463,1458
1464,1458
1465,1460
1466,1461
1467,1460
1468,1461
1469,1462
1470,1464
1471,1465
1472,1466
1473,1467
1474,1467
1475,1470
1476,1469
1477,1469
1478,1471
1479,1471
1480,1472
1481,1475
1482,1475
1483,1477
1484,1478
1485,1478
1486,1480
1487,1481
1488,1481
1489,1482
1490,1480
1491,1484
1492,1485
1493,1486
1494,1487
1495,1488
1496,1488
1497,1489
1498,1490
1499,1492
1500,1493
1501,1495
1502,1496
1503,1496
1504,1498
1505,1499
1506,1500
1507,1501
1508,1504
1509,1503
1510,1504
1511,1505
1512,1507
1513,1507
1514,1506
1515,1509
1516,1510
1517,1511
1518,1512
1519,1513
1520,1514
1521,1516
1522,1512
1523,1517
1524,1517
1525,1519
1526,1520
1527,1520
1528,1521
1529,1522
1530,1524
1531,1525
1532,1526
1533,1528
1534,1529
1535,1528
1536,1530
1537,1532
1538,1533
1539,1532
1540,1533
1541,1535
1542,1536
1543,1538
1544,1538
1545,1540
1546,1542
1547,1540
1548,1542
1549,1543
1550,1545
1551,1545
1552,1545
1553,1548
1554,1549
1555,1550
1556,1550
1557,1551
1558,1552
1559,1553
1560,1554
1561,1556
1562,1555
1563,1557
1564,1559
1565,1558
1566,1563
1567,1562
1568,1562
1569,1563
1570,1563
1571,1563
1572,1565
1573,1568
1574,1567
1575,1570
1576,1569
1577,1570
1578,1572
1579,1575
1580,1573
1581,1575
1582,1574
1583,1578
1584,1576
1585,1577
1586,1580
1587,1580
1588,1582
1589,1582
1590,1584
1591,1585
1592,1585
1593,1588
1594,1588
1595,1588
1596,1590
1597,1591
1598,1593
1599,1593
1600,1592
1601,1596
1602,1594
1603,1598
1604,1596
1605,1599
1606,1599
1607,1600
1608,1602
1609,1601
1610,1604
1611,1606
1612,1606
1613,1606
1614,1607
1615,1609
1616,1609
1617,1610
1618,1611
1619,1613
1620,1614
1621,1615
1622,1615
1623,1617
1624,1617
1625,1618
1626,1621
1627,1620
1628,1622
1629,1623
1630,1624
1631,1625
1632,1626
1633,1626
1634,1628
1635,1628
1636,1628
1637,1630
1638,1631
1639,1634
1640,1633
1641,1631
1642,1635
1643,1636
1644,1638
1645,1639
1646,1638
1647,1642
1648,1642
1649,1642
1650,1642
1651,1645
1652,1645
1653,1646
1654,1646
1655,1649
1656,1649
1657,1651
1658,1651
1659,1651
1660,1654
1661,1654
1662,1656
1663,1656
1664,1658
1665,1659
1666,1660
1667,1661
1668,1661
1669,1661
1670,1665
1671,1665
1672,1665
1673,1665
1674,1667
1675,1669
1676,1668
1677,1670
1678,1671
1679,1672
1680,1674
1681,1675
1682,1677
1683,1676
1684,1676
1685,1680
1686,1680
1687,1682
1688,1682
1689,1682
1690,1684
1691,1685
1692,1685
1693,1686
1694,1687
1695,1689
1696,1689
1697,1690
1698,1691
1699,1692
1700,1694
1701,1694
1702,1696
1703,1696
1704,1697
1705,1699
1706,1698
1707,1699
1708,1702
1709,1701
1710,1704
1711,1703
1712,1705
1713,1706
1714,1707
1715,1708
1716,1711
1717,1710
1718,1711
1719,1712
1720,1714
1721,1714
1722,1715
1723,1716
1724,1718
1725,1718
1726,1720
1727,1720
1728,1721
1729,1723
1730,1723
1731,1724
1732,1725
1733,1727
1734,1728
1735,1729
1736,1729
1737,1730
1738,1730
1739,1732
1740,1733
1741,1736
1742,1734
1743,1736
1744,1739
1745,1737
1746,1739
1747,1738
1748,1741
1749,1742
1750,1744
1751,1744
1752,1745
1753,1747
1754,1747
1755,1749
1756,1749
1757,1752
1758,1752
1759,1752
1760,1754
1761,1755
1762,1755
1763,1757
1764,1758
1765,1757
1766,1760
1767,1762
1768,1762
1769,1763
1770,1761
1771,1766
1772,1767
1773,1769
1774,1768
1775,1768
1776,1770
1777,1771
1778,1771
1779,1772
1780,1773
1781,1775
1782,1777
1783,1777
1784,1777
1785,1780
1786,1780
1787,1781
1788,1782
1789,1782
1790,1784
1791,1786
1792,1787
1793,1787
1794,1788
1795,1789
1796,1790
1797,1791
1798,1792
1799,1795
1800,1793
1801,1795
1802,1795
1803,1797
1804,1799
1805,1799
1806,1800
1807,1800
1808,1802
1809,1804
1810,1804
1811,1803
1812,1804
1813,1807
1814,1809
1815,1810
1816,1812
1817,1810
1818,1812
1819,1814
1820,1814
1821,1814
1822,1817
1823,1818
1824,1818
1825,1818
1826,1820
1827,1821
1828,1823
1829,1825
1830,1823
1831,1825
1832,1826
1833,1826
1834,1827
1835,1830
1836,1829
1837,1831
1838,1832
1839,1833
1840,1834
1841,1836
1842,1834
1843,1837
1844,1836
1845,1839
1846,1840
1847,1841
1848,1843
1849,1842
1850,1844
1851,1845
1852,1846
1853,1847
1854,1847
1855,1848
1856,1854
1857,1853
1858,1854
1859,1853
1860,1853
1861,1856
1862,1855
1863,1858
1864,1858
1865,1858
1866,1860
1867,1861
1868,1864
1869,1863
1870,1865
1871,1864
1872,1864
1873,1867
1874,1867
1875,1868
1876,1871
1877,1871
1878,1872
1879,1872
1880,1873
1881,1876
1882,1876
1883,1877
1884,1878
1885,1880
1886,1881
1887,1880
1888,1882
1889,1883
1890,1884
1891,1886
1892,1886
1893,1888
1894,1889
1895,1888
1896,1890
1897,1891
1898,1890
1899,1894
1900,1895
1901,1894
1902,1896
1903,1898
1904,1898
1905,1900
1906,1901
1907,1900
1908,1901
1909,1904
1910,1904
1911,1904
1912,1907
1913,1907
1914,1908
1915,1910
1916,1910
1917,1912
1918,1912
1919,1913
1920,1915
1921,1916
1922,1915
1923,1917
1924,1920
1925,1921
1926,1920
1927,1921
1928,1921
1929,1923
1930,1924
1931,1925
1932,1926
1933,1928
1934,1929
1935,1929
1936,1931
1937,1931
1938,1932
1939,1933
1940,1934
1941,1936
1942,1935
1943,1936
1944,1937
1945,1938
1946,1940
1947,1941
1948,1941
1949,1943
1950,1943
1951,1945
1952,1946
1953,1947
1954,1948
1955,1950
1956,1951
1957,1950
1958,1952
1959,1953
1960,1953
1961,1954
1962,1956
1963,1956
1964,1957
1965,1957
1966,1961
1967,1961
1968,1960
1969,1962
1970,1963
1971,1964
1972,1966
1973,1967
1974,1967
1975,1969
1976,1970
1977,1970
1978,1971
1979,1973
1980,1973
1981,1975
1982,1976
1983,1980
1984,1976
1985,1979
1986,1979
1987,1982
1988,1982
1989,1984
1990,1984
1991,1984
1992,1986
1993,1987
1994,1990
1995,1988
1996,1990
1997,1990
1998,1992
1999,1989
2000,1994
2001,1995
2002,1996
2003,1996
2004,1999
2005,1998
2006,1999
2007,2001
2008,2003
2009,2003
2010,2004
2011,2005
2012,2009
2013,2006
2014,2008
2015,2009
2016,2010
2017,2011
2018,2011
2019,2013
2020,2013
2021,2015
2022,2015
2023,2017
2024,2020
2025,2017
2026,2021
2027,2020
2028,2021
2029,2023
2030,2024
2031,2025
2032,2026
2033,2027
2034,2029
2035,2029
2036,2030
2037,2030
2038,2032
2039,2036
2040,2032
2041,2035
2042,2037
2043,2036
2044,2037
2045,2038
2046,2040
2047,2042
2048,2043
2049,2042
2050,2043
2051,2045
2052,2046
2053,2048
2054,2047
2055,2049
2056,2050
2057,2051
2058,2051
2059,2051
2060,2052
2061,2053
2062,2056
2063,2057
2064,2056
2065,2059
2066,2060
2067,2060
2068,2061
2069,2063
2070,2064
2071,2065
2072,2066
2073,2068
2074,2067
2075,2068
2076,2070
2077,2072
2078,2072
2079,2072
2080,2074
2081,2074
2082,2080
2083,2077
2084,2078
2085,2079
2086,2079
2087,2082
2088,2082
2089,2083
2090,2084
2091,2085
2092,2085
2093,2088
2094,2088
2095,2087
2096,2091
2097,2091
2098,2091
2099,2093
2100,2094
2101,2095
2102,2095
2103,2097
2104,2098
2105,2098
2106,2100
2107,2101
2108,2103
2109,2102
2110,2104
2111,2105
2112,2106
2113,2108
2114,2107
2115,2108
2116,2111
2117,2110
2118,2110
2119,2114
2120,2114
2121,2115
2122,2114
2123,2117
2124,2118
2125,2120
2126,2119
2127,2119
2128,2123
2129,2122
2130,2125
2131,2124
2132,2126
2133,2126
2134,2128
2135,2129
2136,2130
2137,2132
2138,2132
2139,2132
2140,2133
2141,2134
2142,2136
2143,2136
2144,2138
2145,2138
2146,2140
2147,2140
2148,2141
2149,2144
2150,2145
2151,2145
2152,2145
2153,2146
2154,2148
2155,2149
2156,2152
2157,2152
2158,2151
2159,2152
2160,2154
2161,2155
2162,2154
2163,2157
2164,2157
2165,2159
2166,2161
2167,2161
2168,2161
2169,2162
2170,2164
2171,2165
2172,2164
2173,2167
2174,2168
2175,2166
2176,2169
2177,2171
2178,2171
2179,2172
2180,2172
2181,2173
2182,2176
2183,2175
2184,2178
2185,2179
2186,2179
2187,2181
2188,2182
2189,2182
2190,2184
2191,2185
2192,2186
2193,2187
2194,2188
2195,2188
2196,2190
2197,2191
2198,2191
2199,2192
2200,2192
2201,2195
2202,2195
2203,2197
2204,2199
2205,2198
2206,2200
2207,2200
2208,2202
2209,2204
2210,2203
2211,2205
2212,2203
2213,2205
2214,2206
2215,2209
2216,2210
2217,2210
2218,2211
2219,2212
2220,2213
2221,2212
2222,2215
2223,2216
2224,2217
2225,2219
2226,2220
2227,2221
2228,2221
2229,2225
2230,2222
2231,2225
2232,2226
2233,2228
2234,2228
2235,2228
2236,2230
2237,2230
2238,2231
2239,2234
2240,2234
2241,2234
2242,2236
2243,2235
2244,2238
2245,2239
2246,2238
2247,2240
2248,2240
2249,2242
2250,2243
2251,2244
2252,2245
2253,2246
2254,2249
2255,2249
2256,2251
2257,2251
2258,2253
2259,2254
2260,2255
2261,2255
2262,2256
2263,2257
2264,2257
2265,2260
2266,2261
2267,2262
2268,2260
2269,2262
2270,2264
2271,2265
2272,2265
2273,2268
2274,2269
2275,2269
2276,2270
2277,2271
2278,2274
2279,2276
2280,2273
2281,2274
2282,2275
2283,2277
2284,2279
2285,2280
2286,2281
2287,2282
2288,2279
2289,2284
2290,2284
2291,2285
2292,2285
2293,2288
2294,2287
2295,2291
2296,2290
2297,2291
2298,2292
2299,2293
2300,2294
2301,2296
2302,2298
2303,2297
2304,2298
2305,2298
2306,2298
2307,2302
2308,2303
2309,2303
2310,2304
2311,2307
2312,2306
2313,2306
2314,2306
2315,2310
2316,2309
2317,2312
2318,2312
2319,2313
2320,2314
2321,2315
2322,2316
2323,2318
2324,2319
2325,2319
2326,2320
2327,2321
2328,2321
2329,2322
2330,2324
2331,2324
2332,2326
2333,2327
2334,2328
2335,2329
2336,2330
2337,2330
2338,2332
2339,2334
2340,2334
2341,2335
2342,2335
2343,2337
2344,2339
2345,2340
2346,2340
2347,2342
2348,2342
2349,2345
2350,2343
2351,2345
2352,2347
2353,2347
2354,2348
2355,2348
2356,2350
2357,2350
2358,2351
2359,2353
2360,2354
2361,2354
2362,2358
2363,2357
2364,2356
2365,2359
2366,2359
2367,2360
2368,2362
2369,2362
2370,2364
2371,2366
2372,2368
2373,2368
2374,2368
2375,2370
2376,2371
2377,2369
2378,2372
2379,2372
2380,2373
2381,2375
2382,2376
2383,2377
2384,2378
2385,2379
2386,2380
2387,2381
2388,2382
2389,2382
2390,2382
2391,2384
2392,2386
2393,2387
2394,2387
2395,2390
2396,2392
2397,2389
2398,2391
2399,2392
2400,2394
2401,2395
2402,2396
2403,2397
2404,2399
2405,2397
2406,2399
2407,2400
2408,2401
2409,2401
2410,2403
2411,2405
2412,2406
2413,2407
2414,2408
2415,2410
2416,2410
2417,2411
2418,2413
2419,2412
2420,2414
2421,2415
2422,2416
2423,2418
2424,2416
2425,2420
2426,2419
2427,2420
2428,2423
2429,2422
2430,2422
2431,2425
2432,2425
2433,2425
2434,2429
2435,2428
2436,2429
2437,2429
2438,2432
2439,2432
2440,2435
2441,2435
2442,2436
2443,2438
2444,2436
2445,2438
2446,2442
2447,2441
2448,2445
2449,2441
2450,2442
2451,2445
2452,2445
2453,2448
2454,2448
2455,2447
2456,2449
2457,2448
2458,2452
2459,2452
2460,2454
2461,2455
2462,2455
2463,2458
2464,2458
2465,2458
2466,2459
2467,2460
2468,2462
2469,2460
2470,2464
2471,2464
2472,2466
2473,2467
2474,2465
2475,2468
2476,2469
2477,2470
2478,2472
2479,2473
2480,2474
2481,2473
2482,2476
2483,2477
2484,2478
2485,2477
2486,2481
2487,2479
2488,2482
2489,2481
2490,2482
2491,2485
2492,2486
2493,2487
2494,2486
2495,2489
2496,2490
2497,2490
2498,2492
2499,2493
2500,2493
2501,2495
2502,2496
2503,2496
2504,2499
2505,2501
2506,2500
2507,2500
2508,2502
2509,2504
2510,2503
2511,2504
2512,2506
2513,2507
2514,2506
2515,2508
2516,2511
2517,2511
2518,2512
2519,2512
2520,2515
2521,2515
2522,2517
2523,2515
2524,2518
2525,2519
2526,2522
2527,2519
2528,2521
2529,2523
2530,2523
2531,2525
2532,2525
2533,2526
2534,2526
2535,2529
2536,2530
2537,2532
2538,2532
2539,2534
2540,2535
2541,2535
2542,2535
2543,2536
2544,2541
2545,2540
2546,2539
2547,2542
2548,2542
2549,2542
2550,2545
2551,2545
2552,2546
2553,2547
2554,2548
2555,2548
2556,2551
2557,2550
2558,2552
2559,2552
2560,2552
2561,2555
2562,2556
2563,2556
2564,2557
2565,2558
2566,2559
2567,2561
2568,2562
2569,2564
2570,2565
2571,2566
2572,2565
2573,2567
2574,2567
2575,2565
2576,2570
2577,2570
2578,2571
2579,2573
2580,2574
2581,2574
2582,2579
2583,2577
2584,2579
2585,2579
2586,2580
2587,2581
2588,2583
2589,2582
2590,2585
2591,2586
2592,2584
2593,2586
2594,2587
2595,2590
2596,2590
2597,2591
2598,2592
2599,2593
2600,2592
2601,2596
2602,2597
2603,2596
2604,2599
2605,2599
2606,2599
2607,2602
2608,2601
2609,2603
2610,2604
2611,2605
2612,2607
2613,2606
2614,2607
2615,2609
2616,2611
2617,2611
2618,2613
2619,2611
2620,2614
2621,2616
2622,2617
2623,2615
2624,2618
2625,2620
2626,2620
2627,2620
2628,2621
2629,2624
2630,2625
2631,2625
2632,2626
2633,2626
2634,2628
2635,2629
2636,2629
2637,2632
2638,2632
2639,2633
2640,2633
2641,2634
2642,2637
2643,2638
2644,2639
2645,2640
2646,2639
2647,2639
2648,2641
2649,2643
2650,2643
2651,2646
2652,2646
2653,2647
2654,2648
2655,2647
2656,2650
2657,2650
2658,2652
2659,2654
2660,2654
2661,2655
2662,2655
2663,2657
2664,2658
2665,2660
2666,2660
2667,2660
2668,2661
2669,2667
2670,2664
2671,2664
2672,2665
2673,2667
2674,2668
2675,2669
2676,2670
2677,2670
2678,2671
2679,2672
2680,2673
2681,2676
2682,2675
2683,2677
2684,2677
2685,2679
2686,2680
2687,2680
2688,2680
2689,2682
2690,2683
2691,2685
2692,2686
2693,2687
2694,2689
2695,2689
2696,2690
2697,2689
2698,2693
2699,2692
2700,2693
2701,2696
2702,2695
2703,2697
2704,2698
2705,2697
2706,2699
2707,2700
2708,2702
2709,2702
2710,2704
2711,2705
2712,2705
2713,2707
2714,2709
2715,2708
2716,2709
2717,2710
2718,2712
2719,2711
2720,2713
2721,2714
2722,2715
2723,2716
2724,2719
2725,2718
2726,2718
2727,2719
2728,2722
2729,2723
2730,2725
2731,2724
2732,2725
2733,2726
2734,2726
2735,2728
2736,2729
2737,2730
2738,2733
2739,2732
2740,2733
2741,2735
2742,2736
2743,2735
2744,2738
2745,2738
2746,2741
2747,2742
2748,2742
2749,2741
2750,2745
2751,2746
2752,2747
2753,2746
2754,2747
2755,2748
2756,2750
2757,2749
2758,2752
2759,2753
2760,2752
2761,2752
2762,2754
2763,2756
2764,2756
2765,2758
2766,2758
2767,2759
2768,2762
2769,2762
2770,2763
2771,2764
2772,2763
2773,2766
2774,2767
2775,2768
2776,2769
2777,2770
2778,2771
2779,2772
2780,2773
2781,2774
2782,2774
2783,2777
2784,2776
2785,2778
2786,2778
2787,2780
2788,2779
2789,2782
2790,2783
2791,2783
2792,2785
2793,2787
2794,2785
2795,2787
2796,2789
2797,2787
2798,2790
2799,2792
2800,2793
2801,2795
2802,2794
2803,2797
2804,2797
2805,2798
2806,2798
2807,2798
2808,2801
2809,2802
2810,2803
2811,2804
2812,2806
2813,2805
2814,2807
2815,2809
2816,2808
2817,2810
2818,2811
2819,2811
2820,2812
2821,2815
2822,2814
2823,2814
2824,2815
2825,2816
2826,2819
2827,2818
2828,2819
2829,2822
2830,2824
2831,2824
2832,2825
2833,2825
2834,2827
2835,2829
2836,2827
2837,2830
2838,2831
2839,2832
2840,2832
2841,2835
2842,2834
2843,2834
2844,2835
2845,2838
2846,2837
2847,2838
2848,2841
2849,2842
2850,2842
2851,2843
2852,2847
2853,2844
2854,2846
2855,2848
2856,2847
2857,2851
2858,2850
2859,2852
2860,2852
2861,2853
2862,2855
2863,2856
2864,2856
2865,2857
2866,2858
2867,2859
2868,2862
2869,2863
2870,2862
2871,2865
2872,2868
2873,2866
2874,2867
2875,2867
2876,2869
2877,2869
2878,2871
2879,2871
2880,2872
2881,2873
2882,2874
2883,2875
2884,2877
2885,2877
2886,2880
2887,2879
2888,2879
2889,2881
2890,2883
2891,2884
2892,2884
2893,2886
2894,2886
2895,2888
2896,2888
2897,2891
2898,2889
2899,2893
2900,2890
2901,2894
2902,2895
2903,2895
2904,2897
2905,2896
2906,2898
2907,2897
2908,2901
2909,2901
2910,2903
2911,2903
2912,2904
2913,2906
2914,2906
2915,2907
2916,2910
2917,2909
2918,2911
2919,2912
2920,2912
2921,2914
2922,2915
2923,2917
2924,2916
2925,2918
2926,2919
2927,2919
2928,2919
2929,2922
2930,2922
2931,2925
2932,2923
2933,2925
2934,2926
2935,2928
2936,2929
2937,2930
2938,2930
2939,2933
2940,2932
2941,2933
2942,2935
2943,2937
2944,2935
2945,2938
2946,2942
2947,2939
2948,2941
2949,2941
2950,2942
2951,2945
2952,2945
2953,2946
2954,2946
2955,2948
2956,2948
2957,2948
2958,2949
2959,2953
2960,2952
2961,2954
2962,2953
2963,2957
2964,2956
2965,2959
2966,2960
2967,2959
2968,2961
2969,2962
2970,2962
2971,2964
2972,2965
2973,2966
2974,2966
2975,2965
2976,2969
2977,2969
2978,2969
2979,2972
2980,2972
2981,2974
2982,2974
2983,2975
2984,2978
2985,2979
2986,2979
2987,2981
2988,2982
2989,2982
2990,2983
2991,2983
2992,2985
2993,2988
2994,2985
2995,2987
2996,2989
2997,2989
2998,2989
2999,2992
3000,2991
3001,2994
3002,2995
3003,2995
3004,2996
3005,2998
3006,2999
3007,3000
3008,3001
3009,3001
3010,3004
3011,3005
3012,3004
3013,3005
3014,3008
3015,3008
3016,3008
3017,3010
3018,3012
3019,3012
3020,3012
3021,3014
3022,3014
3023,3016
3024,3016
3025,3019
3026,3018
3027,3020
3028,3019
3029,3024
3030,3023
3031,3023
3032,3025
3033,3024
3034,3027
3035,3027
3036,3029
3037,3030
3038,3028
3039,3033
3040,3031
3041,3034
3042,3034
3043,3036
3044,3036
3045,3037
3046,3039
3047,3040
3048,3040
3049,3041
3050,3043
3051,3044
3052,3045
3053,3044
3054,3046
3055,3048
3056,3049
3057,3049
3058,3051
3059,3052
3060,3054
3061,3053
3062,3055
3063,3057
3064,3055
3065,3060
3066,3059
3067,3060
3068,3060
3069,3061
3070,3063
3071,3064
3072,3065
3073,3067
3074,3066
3075,3067
3076,3069
3077,3070
3078,3070
3079,3071
3080,3072
3081,3073
3082,3074
3083,3074
3084,3077
3085,3078
3086,3079
3087,3077
3088,3080
3089,3081
3090,3084
3091,3084
3092,3084
3093,3085
3094,3086
3095,3086
3096,3089
3097,3089
3098,3091
3099,3091
3100,3094
3101,3095
3102,3093
3103,3096
3104,3096
3105,3097
3106,3097
3107,3099
3108,3101
3109,3103
3110,3101
3111,3104
3112,3106
3113,3104
3114,3106
3115,3107
3116,3109
3117,3110
3118,3112
3119,3111
3120,3112
3121,3113
3122,3114
3123,3114
3124,3117
3125,3118
3126,3119
3127,3121
3128,3123
3129,3122
3130,3123
3131,3125
3132,3123
3133,3127
3134,3127
3135,3128
3136,3128
3137,3130
3138,3129
3139,3133
3140,3132
3141,3133
3142,3134
3143,3137
3144,3137
3145,3137
3146,3140
3147,3137
3148,3142
3149,3140
3150,3142
3151,3142
3152,3144
3153,3145
3154,3146
3155,3146
3156,3149
3157,3150
3158,3150
3159,3152
3160,3152
3161,3152
3162,3156
3163,3155
3164,3156
3165,3158
3166,3159
3167,3159
3168,3161
3169,3162
3170,3162
3171,3163
3172,3165
3173,3165
3174,3167
3175,3168
3176,3168
3177,3169
3178,3171
3179,3171
3180,3172
3181,3173
3182,3175
3183,3175
3184,3177
3185,3177
3186,3181
3187,3180
3188,3181
3189,3181
3190,3181
3191,3183
3192,3186
3193,3186
3194,3187
3195,3188
3196,3188
3197,3189
3198,3188
3199,3191
3200,3194
3201,3194
3202,3194
3203,3195
3204,3196
3205,3196
3206,3197
3207,3200
3208,3200
3209,3201
3210,3203
3211,3202
3212,3201
3213,3205
3214,3205
3215,3208
3216,3206
3217,3211
3218,3210
3219,3210
3220,3211
3221,3214
3222,3212
3223,3215
3224,3217
3225,3216
3226,3221
3227,3218
3228,3220
3229,3220
3230,3221
3231,3223
3232,3224
3233,3224
3234,3224
3235,3227
3236,3227
3237,3232
3238,3229
3239,3228
3240,3232
3241,3233
3242,3235
3243,3237
3244,3234
3245,3236
3246,3237
3247,3239
3248,3240
3249,3240
3250,3242
3251,3245
3252,3244
3253,3245
3254,3247
3255,3248
3256,3251
3257,3249
3258,3251
3259,3252
3260,3253
3261,3253
3262,3255
3263,3256
3264,3253
3265,3257
3266,3259
3267,3259
3268,3260
3269,3263
3270,3262
3271,3263
3272,3264
3273,3267
3274,3265
3275,3267
3276,3268
3277,3270
3278,3270
3279,3271
3280,3272
3281,3273
3282,3276
3283,3276
3284,3277
3285,3280
3286,3279
3287,3280
3288,3281
3289,3280
3290,3283
3291,3282
3292,3285
3293,3285
3294,3286
3295,3286
3296,3288
3297,3288
3298,3291
3299,3291
3300,3293
3301,3293
3302,3294
3303,3294
3304,3295
3305,3298
3306,3298
3307,3300
3308,3301
3309,3300
3310,3304
3311,3304
3312,3305
3313,3306
3314,3307
3315,3309
3316,3310
3317,3310
3318,3311
3319,3310
3320,3313
3321,3312
3322,3314
3323,3316
3324,3318
3325,3318
3326,3321
3327,3321
3328,3320
3329,3322
3330,3321
3331,3323
3332,3324
3333,3325
3334,3326
3335,3326
3336,3329
3337,3329
3338,3332
3339,3331
3340,3333
3341,3335
3342,3334
3343,3335
3344,3337
3345,3336
3346,3338
3347,3340
3348,3341
3349,3342
3350,3343
3351,3344
3352,3343
3353,3345
3354,3347
3355,3347
3356,3347
3357,3347
3358,3349
3359,3351
3360,3353
3361,3353
3362,3355
3363,3355
3364,3357
3365,3357
3366,3361
3367,3360
3368,3359
3369,3360
3370,3362
3371,3364
3372,3365
3373,3368
3374,3367
3375,3367
3376,3369
3377,3369
3378,3369
3379,3371
3380,3373
3381,3374
3382,3374
3383,3374
3384,3376
3385,3378
3386,3378
3387,3379
3388,3380
3389,3380
3390,3382
3391,3383
3392,3385
3393,3387
3394,3387
3395,3388
3396,3389
3397,3390
3398,3389
3399,3391
3400,3394
3401,3392
3402,3396
3403,3396
3404,3396
3405,3397
3406,3399
3407,3401
3408,3401
3409,3402
3410,3402
3411,3405
3412,3404
3413,3406
3414,3406
3415,3407
3416,3409
3417,3408
3418,3411
3419,3412
3420,3413
3421,3414
3422,3414
3423,3415
3424,3415
3425,3418
3426,3418
3427,3419
3428,3421
3429,3422
3430,3422
3431,3423
3432,3425
3433,3426
3434,3427
3435,3428
3436,3428
3437,3429
3438,3431
3439,3433
3440,3434
3441,3432
3442,3433
3443,3432
3444,3434
3445,3436
3446,3437
3447,3440
3448,3441
3449,3441
3450,3442
3451,3443
3452,3444
3453,3445
3454,3447
3455,3446
3456,3448
3457,3448
3458,3450
3459,3450
3460,3451
3461,3453
3462,3454
3463,3454
3464,3455
3465,3456
3466,3459
3467,3459
3468,3460
3469,3462
3470,3460
3471,3464
3472,3462
3473,3465
3474,3467
3475,3465
3476,3467
3477,3469
3478,3472
3479,3471
3480,3474
3481,3473
3482,3474
3483,3475
3484,3476
3485,3477
3486,3478
3487,3477
3488,3479
3489,3480
3490,3482
3491,3483
3492,3484
3493,3485
3494,3485
3495,3486
3496,3489
3497,3489
3498,3490
3499,3492
3500,3491
3501,3493
3502,3494
3503,3495
3504,3496
3505,3497
3506,3497
3507,3499
3508,3499
3509,3502
3510,3500
3511,3502
3512,3502
3513,3507
3514,3504
3515,3508
3516,3507
3517,3508
3518,3508
3519,3510
3520,3511
3521,3513
3522,3513
3523,3514
3524,3515
3525,3517
3526,3518
3527,3519
3528,3519
3529,3519
3530,3521
3531,3523
3532,3523
3533,3525
3534,3524
3535,3526
3536,3527
3537,3528
3538,3528
3539,3530
3540,3531
3541,3534
3542,3534
3543,3534
3544,3536
3545,3537
3546,3538
3547,3538
3548,3540
3549,3539
3550,3538
3551,3542
3552,3543
3553,3544
3554,3545
3555,3546
3556,3547
3557,3546
3558,3551
3559,3551
3560,3550
3561,3552
3562,3554
3563,3553
3564,3554
3565,3557
3566,3556
3567,3558
3568,3559
3569,3560
3570,3560
3571,3561
3572,3562
3573,3564
3574,3566
3575,3566
3576,3565
3577,3567
3578,3567
3579,3569
3580,3571
3581,3573
3582,3571
3583,3574
3584,3574
3585,3578
3586,3578
3587,3576
3588,3579
3589,3580
3590,3580
3591,3580
3592,3582
3593,3583
3594,3585
3595,3587
3596,3587
3597,3588
3598,3590
3599,3589
3600,3591
3601,3590
3602,3593
3603,3594
3604,3596
3605,3597
3606,3596
3607,3597
3608,3597
3609,3599
3610,3601
3611,3603
3612,3602
3613,3605
3614,3604
3615,3606
3616,3608
3617,3608
3618,3610
3619,3610
3620,3611
3621,3612
3622,3612
3623,3612
3624,3614
3625,3617
3626,3617
3627,3618
3628,3618
3629,3620
3630,3621
3631,3623
3632,3621
3633,3624
3634,3624
3635,3626
3636,3627
3637,3628
3638,3628
3639,3628
3640,3632
3641,3631
3642,3633
3643,3634
3644,3634
3645,3635
3646,3636
3647,3637
3648,3638
3649,3641
3650,3642
3651,3642
3652,3643
3653,3644
3654,3644
3655,3646
3656,3646
3657,3647
3658,3649
3659,3651
3660,3648
3661,3651
3662,3652
3663,3653
3664,3655
3665,3657
3666,3656
3667,3660
3668,3659
3669,3662
3670,3660
3671,3661
3672,3664
3673,3662
3674,3665
3675,3666
3676,3665
3677,3668
3678,3668
3679,3668
3680,3672
3681,3671
3682,3672
3683,3675
3684,3675
3685,3675
3686,3676
3687,3678
3688,3678
3689,3680
3690,3684
3691,3681
3692,3683
3693,3684
3694,3685
3695,3686
3696,3686
3697,3687
3698,3687
3699,3688
3700,3690
3701,3692
3702,3693
3703,3695
3704,3695
3705,3695
3706,3696
3707,3698
3708,3698
3709,3699
3710,3702
3711,3701
3712,3705
3713,3704
3714,3704
3715,3705
3716,3706
3717,3707
3718,3708
3719,3710
3720,3711
3721,3712
3722,3712
3723,3716
3724,3716
3725,3715
3726,3716
3727,3718
3728,3718
3729,3720
3730,3720
3731,3720
3732,3721
3733,3723
3734,3724
3735,3726
3736,3726
3737,3728
3738,3728
3739,3729
3740,3731
3741,3730
3742,3732
3743,3733
3744,3735
3745,3735
3746,3736
3747,3738
3748,3740
3749,3739
3750,3740
3751,3742
3752,3741
3753,3742
3754,3744
3755,3745
3756,3745
3757,3749
3758,3747
3759,3749
3760,3751
3761,3752
3762,3754
3763,3756
3764,3754
3765,3757
3766,3758
3767,3759
3768,3758
3769,3759
3770,3760
3771,3762
3772,3763
3773,3765
3774,3765
3775,3767
3776,3769
3777,3768
3778,3769
3779,3770
3780,3771
3781,3773
3782,3771
3783,3773
3784,3775
3785,3775
3786,3778
3787,3777
3788,3779
3789,3781
3790,3780
3791,3783
3792,3784
3793,3784
3794,3786
3795,3786
3796,3788
3797,3788
3798,3789
3799,3790
3800,3790
3801,3792
3802,3794
3803,3792
3804,3795
3805,3796
3806,3798
3807,3799
3808,3798
3809,3800
3810,3799
3811,3800
3812,3804
3813,3802
3814,3804
3815,3806
3816,3806
3817,3808
3818,3806
3819,3810
3820,3810
3821,3811
3822,3812
3823,3814
3824,3815
3825,3815
3826,3816
3827,3817
3828,3819
3829,3820
3830,3819
3831,3823
3832,3822
3833,3824
3834,3826
3835,3825
3836,3826
3837,3829
3838,3829
3839,3829
3840,3831
3841,3832
3842,3832
3843,3833
3844,3835
3845,3837
3846,3835
3847,3837
3848,3840
3849,3842
3850,3841
3851,3840
3852,3842
3853,3844
3854,3841
3855,3846
3856,3846
3857,3847
3858,3848
3859,3850
3860,3849
3861,3853
3862,3853
3863,3853
3864,3854
3865,3856
3866,3856
3867,3858
3868,3860
3869,3858
3870,3861
3871,3861
3872,3862
3873,3862
3874,3865
3875,3867
3876,3866
3877,3867
3878,3870
3879,3870
3880,3874
3881,3873
3882,3873
3883,3873
3884,3874
3885,3874
3886,3877
3887,3876
3888,3877
3889,3879
3890,3880
3891,3882
3892,3882
3893,3883
3894,3884
3895,3884
3896,3884
3897,3889
3898,3887
3899,3887
3900,3890
3901,3891
3902,3892
3903,3894
3904,3894
3905,3896
3906,3896
3907,3898
3908,3899
3909,3898
3910,3899
3911,3902
3912,3901
3913,3902
3914,3906
3915,3906
3916,3907
3917,3907
3918,3906
3919,3910
3920,3906
3921,3911
3922,3911
3923,3913
3924,3914
3925,3916
3926,3918
3927,3918
3928,3918
3929,3919
3930,3922
3931,3922
3932,3919
3933,3923
3934,3924
3935,3925
3936,3926
3937,3928
3938,3929
3939,3928
3940,3931
3941,3931
3942,3932
3943,3933
3944,3936
3945,3935
3946,3936
3947,3937
3948,3940
3949,3940
3950,3940
3951,3942
3952,3944
3953,3944
3954,3944
3955,3946
3956,3945
3957,3948
3958,3949
3959,3949
3960,3951
3961,3952
3962,3954
3963,3954
3964,3956
3965,3954
3966,3956
3967,3958
3968,3961
3969,3958
3970,3962
3971,3962
3972,3962
3973,3962
3974,3965
3975,3966
3976,3965
3977,3967
3978,3968
3979,3970
3980,3971
3981,3971
3982,3972
3983,3974
3984,3975
3985,3976
3986,3976
3987,3977
3988,3977
3989,3981
3990,3981
3991,3982
3992,3980
3993,3983
3994,3984
3995,3988
3996,3986
3997,3988
3998,3989
3999,3989
4000,3990
4001,3992
4002,3992
4003,3995
4004,3994
4005,3998
4006,3997
4007,3997
4008,4001
4009,3999
4010,4002
4011,4002
4012,4003
4013,4001
4014,4004
4015,4007
4016,4006
4017,4008
4018,4009
4019,4010
4020,4011
4021,4012
4022,4013
4023,4014
4024,4016
4025,4014
4026,4017
4027,4018
4028,4020
4029,4019
4030,4021
4031,4022
4032,4024
4033,4026
4034,4025
4035,4026
4036,4026
4037,4027
4038,4029
4039,4030
4040,4032
4041,4031
4042,4034
4043,4034
4044,4034
4045,4035
4046,4037
4047,4038
4048,4038
4049,4038
4050,4041
4051,4041
4052,4043
4053,4044
4054,4045
4055,4046
4056,4046
4057,4048
4058,4050
4059,4050
4060,4051
4061,4052
4062,4054
4063,4053
4064,4054
4065,4057
4066,4059
4067,4058
4068,4059
4069,4059
4070,4061
4071,4062
4072,4062
4073,4063
4074,4065
4075,4067
4076,4068
4077,4067
4078,4069
4079,4066
4080,4070
4081,4074
4082,4074
4083,4073
4084,4076
4085,4077
4086,4074
4087,4078
4088,4080
4089,4080
4090,4082
4091,4081
4092,4080
4093,4082
4094,4082
4095,4080
