0,1
1,1
2,1
3,1
4,1
5,1
6,1
7,1
8,1
9,1
10,1
11,1
12,1
13,2
14,2
15,5
16,5
17,6
18,7
19,8
20,9
21,10
22,10
23,11
24,13
25,13
26,15
27,17
28,22
29,18
30,19
31,20
32,22
33,24
34,22
35,23
36,24
37,24
38,29
39,26
40,28
41,30
42,29
43,32
44,33
45,34
46,34
47,36
48,38
49,40
50,38
51,39
52,45
53,40
54,42
55,44
56,45
57,44
58,46
59,50
60,51
61,48
62,51
63,51
64,52
65,55
66,55
67,56
68,56
69,59
70,60
71,60
72,62
73,62
74,64
75,63
76,63
77,65
78,66
79,67
80,70
81,70
82,69
83,73
84,71
85,74
86,74
87,75
88,76
89,79
90,79
91,81
92,80
93,82
94,83
95,85
96,86
97,86
98,87
99,88
100,90
101,91
102,91
103,92
104,94
105,95
106,95
107,95
108,98
109,97
110,99
111,100
112,99
113,102
114,102
115,105
116,105
117,105
118,105
119,106
120,109
121,110
122,112
123,111
124,112
125,115
126,113
127,116
128,117
129,118
130,119
131,120
132,121
133,121
134,122
135,125
136,125
137,126
138,127
139,123
140,129
141,129
142,131
143,131
144,132
145,134
146,135
147,136
148,136
149,139
150,140
151,139
152,142
153,144
154,144
155,142
156,142
157,148
158,147
159,148
160,148
161,150
162,151
163,152
164,153
165,154
166,157
167,155
168,158
169,158
170,158
171,159
172,161
173,162
174,163
175,164
176,165
177,166
178,165
179,168
180,169
181,170
182,171
183,173
184,172
185,173
186,175
187,175
188,179
189,179
190,180
191,179
192,181
193,183
194,183
195,185
196,184
197,186
198,187
199,188
200,188
201,189
202,190
203,189
204,192
205,193
206,195
207,195
208,198
209,198
210,200
211,200
212,200
213,202
214,203
215,204
216,204
217,205
218,207
219,209
220,210
221,210
222,210
223,213
224,213
225,213
226,215
227,216
228,217
229,216
230,220
231,220
232,221
233,221
234,223
235,225
236,225
237,226
238,227
239,228
240,228
241,230
242,232
243,232
244,233
245,232
246,234
247,237
248,236
249,239
250,240
251,240
252,241
253,242
254,243
255,244
256,244
257,245
258,248
259,248
260,248
261,252
262,251
263,253
264,254
265,255
266,254
267,257
268,258
269,258
270,260
271,260
272,262
273,263
274,262
275,265
276,266
277,267
278,268
279,268
280,269
281,271
282,272
283,273
284,274
285,275
286,278
287,278
288,277
289,276
290,279
291,280
292,282
293,283
294,283
295,284
296,289
297,287
298,288
299,289
300,290
301,291
302,292
303,291
304,294
305,294
306,296
307,298
308,297
309,298
310,301
311,299
312,302
313,304
314,304
315,303
316,306
317,308
318,308
319,310
320,310
321,312
322,311
323,314
324,314
325,315
326,315
327,319
328,317
329,319
330,320
331,320
332,322
333,324
334,325
335,324
336,327
337,326
338,328
339,330
340,330
341,330
342,332
343,331
344,333
345,336
346,335
347,336
348,338
349,340
350,340
351,341
352,343
353,344
354,343
355,345
356,346
357,348
358,350
359,351
360,350
361,351
362,351
363,353
364,354
365,356
366,355
367,357
368,359
369,355
370,360
371,362
372,362
373,363
374,365
375,366
376,366
377,366
378,367
379,369
380,371
381,372
382,373
383,372
384,373
385,374
386,376
387,378
388,377
389,379
390,381
391,381
392,381
393,383
394,384
395,385
396,386
397,386
398,387
399,390
400,391
401,391
402,392
403,395
404,394
405,395
406,396
407,396
408,398
409,399
410,399
411,401
412,401
413,403
414,404
415,404
416,407
417,408
418,408
419,409
420,409
421,410
422,412
423,413
424,414
425,414
426,416
427,417
428,417
429,418
430,420
431,421
432,422
433,425
434,424
435,425
436,425
437,427
438,428
439,429
440,431
441,431
442,433
443,431
444,433
445,435
446,436
447,436
448,438
449,438
450,441
451,439
452,442
453,443
454,445
455,446
456,446
457,446
458,447
459,449
460,448
461,451
462,451
463,451
464,453
465,455
466,457
467,457
468,457
469,459
470,459
471,460
472,463
473,463
474,464
475,464
476,466
477,467
478,467
479,468
480,469
481,471
482,472
483,472
484,473
485,476
486,475
487,477
488,477
489,478
490,479
491,479
492,482
493,483
494,484
495,485
496,487
497,485
498,487
499,490
500,490
501,492
502,491
503,493
504,493
505,495
506,496
507,497
508,495
509,499
510,499
511,502
512,501
513,503
514,506
515,506
516,506
517,509
518,508
519,509
520,511
521,511
522,512
523,513
524,515
525,516
526,517
527,517
528,518
529,518
530,522
531,521
532,521
533,523
534,525
535,526
536,527
537,525
538,528
539,528
540,532
541,532
542,532
543,536
544,536
545,537
546,537
547,538
548,539
549,539
550,541
551,543
552,543
553,541
554,544
555,546
556,545
557,547
558,549
559,548
560,552
561,551
562,554
563,554
564,555
565,553
566,555
567,558
568,559
569,559
570,560
571,561
572,563
573,566
574,564
575,565
576,567
577,569
578,566
579,569
580,572
581,572
582,573
583,574
584,573
585,575
586,575
587,578
588,579
589,580
590,582
591,579
592,583
593,583
594,583
595,586
596,588
597,588
598,590
599,588
600,589
601,592
602,594
603,594
604,594
605,596
606,596
607,597
608,597
609,599
610,601
611,603
612,600
613,603
614,604
615,604
616,607
617,608
618,610
619,610
620,611
621,611
622,613
623,614
624,614
625,614
626,617
627,618
628,619
629,619
630,620
631,622
632,622
633,623
634,625
635,625
636,627
637,628
638,628
639,629
640,631
641,632
642,633
643,633
644,635
645,635
646,636
647,638
648,638
649,640
650,641
651,642
652,642
653,642
654,644
655,646
656,646
657,648
658,648
659,648
660,651
661,651
662,654
663,655
664,655
665,655
666,654
667,657
668,659
669,659
670,661
671,663
672,664
673,664
674,664
675,665
676,666
677,667
678,668
679,671
680,671
681,672
682,672
683,673
684,676
685,676
686,677
687,679
688,680
689,681
690,682
691,681
692,684
693,684
694,686
695,686
696,688
697,688
698,688
699,689
700,691
701,691
702,692
703,693
704,693
705,696
706,698
707,697
708,699
709,701
710,701
711,702
712,702
713,704
714,705
715,705
716,707
717,707
718,713
719,709
720,710
721,711
722,713
723,713
724,715
725,714
726,717
727,718
728,718
729,719
730,722
731,723
732,723
733,724
734,724
735,726
736,727
737,728
738,728
739,731
740,731
741,732
742,733
743,735
744,736
745,735
746,737
747,738
748,737
749,739
750,740
751,744
752,744
753,744
754,743
755,748
756,746
757,750
758,749
759,750
760,750
761,754
762,753
763,754
764,755
765,755
766,757
767,760
768,760
769,759
770,761
771,763
772,763
773,764
774,763
775,769
776,767
777,767
778,770
779,774
780,771
781,772
782,772
783,774
784,776
785,775
786,778
787,779
788,780
789,779
790,781
791,782
792,783
793,783
794,784
795,786
796,788
797,787
798,788
799,790
800,791
801,792
802,793
803,793
804,793
805,795
806,797
807,800
808,799
809,801
810,802
811,802
812,803
813,802
814,803
815,806
816,805
817,810
818,808
819,810
820,810
821,812
822,813
823,819
824,815
825,818
826,817
827,818
828,820
829,820
830,821
831,822
832,823
833,824
834,824
835,826
836,826
837,829
838,828
839,829
840,832
841,832
842,833
843,834
844,835
845,836
846,838
847,839
848,839
849,840
850,841
851,842
852,842
853,843
854,847
855,846
856,847
857,848
858,850
859,849
860,850
861,851
862,853
863,855
864,855
865,854
866,856
867,858
868,859
869,861
870,861
871,862
872,865
873,866
874,864
875,866
876,869
877,867
878,869
879,871
880,871
881,872
882,873
883,875
884,874
885,878
886,879
887,877
888,880
889,880
890,882
891,884
892,883
893,884
894,887
895,886
896,889
897,887
898,891
899,891
900,892
901,893
902,896
903,894
904,895
905,898
906,899
907,899
908,900
909,901
910,906
911,903
912,904
913,905
914,904
915,906
916,907
917,908
918,909
919,911
920,911
921,915
922,914
923,916
924,915
925,917
926,918
927,919
928,919
929,921
930,922
931,923
932,925
933,925
934,926
935,926
936,927
937,928
938,928
939,932
940,932
941,931
942,933
943,936
944,935
945,938
946,938
947,938
948,941
949,941
950,941
951,943
952,943
953,945
954,946
955,946
956,949
957,951
958,949
959,951
960,953
961,953
962,954
963,956
964,956
965,956
966,958
967,959
968,961
969,961
970,962
971,963
972,963
973,965
974,967
975,969
976,968
977,969
978,973
979,972
980,973
981,972
982,974
983,976
984,975
985,978
986,978
987,979
988,979
989,979
990,981
991,983
992,984
993,986
994,984
995,988
996,987
997,989
998,989
999,992
1000,992
1001,994
1002,994
1003,994
1004,998
1005,998
1006,1000
1007,998
1008,1003
1009,1001
1010,1003
1011,1005
1012,1004
1013,1005
1014,1008
1015,1007
1016,1009
1017,1010
1018,1009
1019,1012
1020,1012
1021,1013
1022,1016
1023,1015
1024,1016
1025,1018
1026,1019
1027,1020
1028,1020
1029,1022
1030,1023
1031,1024
1032,1025
1033,1026
1034,1026
1035,1027
1036,1028
1037,1029
1038,1032
1039,1032
1040,1033
1041,1035
1042,1035
1043,1036
1044,1035
1045,1037
1046,1037
1047,1039
1048,1042
1049,1043
1050,1042
1051,1044
1052,1043
1053,1045
1054,1047
1055,1048
1056,1049
1057,1049
1058,1051
1059,1051
1060,1052
1061,1055
1062,1055
1063,1058
1064,1058
1065,1057
1066,1060
1067,1060
1068,1062
1069,1061
1070,1062
1071,1065
1072,1064
1073,1065
1074,1066
1075,1068
1076,1070
1077,1070
1078,1070
1079,1072
1080,1073
1081,1073
1082,1074
1083,1077
1084,1076
1085,1076
1086,1079
1087,1079
1088,1080
1089,1082
1090,1083
1091,1084
1092,1085
1093,1086
1094,1086
1095,1089
1096,1090
1097,1089
1098,1091
1099,1091
1100,1093
1101,1093
1102,1094
1103,1097
1104,1097
1105,1098
1106,1098
1107,1100
1108,1101
1109,1101
1110,1103
1111,1103
1112,1104
1113,1106
1114,1108
1115,1108
1116,1109
1117,1112
1118,1111
1119,1112
1120,1113
1121,1114
1122,1116
1123,1116
1124,1116
1125,1117
1126,1119
1127,1119
1128,1119
1129,1122
1130,1123
1131,1124
1132,1126
1133,1124
1134,1128
1135,1127
1136,1128
1137,1131
1138,1128
1139,1132
1140,1133
1141,1134
1142,1135
1143,1136
1144,1137
1145,1138
1146,1137
1147,1139
1148,1140
1149,1142
1150,1142
1151,1144
1152,1144
1153,1146
1154,1145
1155,1147
1156,1148
1157,1151
1158,1151
1159,1152
1160,1152
1161,1156
1162,1153
1163,1155
1164,1158
1165,1157
1166,1159
1167,1159
1168,1161
1169,1160
1170,1162
1171,1162
1172,1165
1173,1165
1174,1167
1175,1165
1176,1168
1177,1169
1178,1171
1179,1173
1180,1173
1181,1173
1182,1174
1183,1176
1184,1176
1185,1178
1186,1179
1187,1178
1188,1181
1189,1182
1190,1183
1191,1186
1192,1186
1193,1186
1194,1188
1195,1189
1196,1190
1197,1190
1198,1190
1199,1191
1200,1193
1201,1193
1202,1195
1203,1195
1204,1195
1205,1198
1206,1199
1207,1200
1208,1200
1209,1200
1210,1202
1211,1204
1212,1206
1213,1204
1214,1207
1215,1208
1216,1209
1217,1211
1218,1210
1219,1211
1220,1213
1221,1213
1222,1215
1223,1217
1224,1216
1225,1217
1226,1218
1227,1219
1228,1222
1229,1220
1230,1224
1231,1224
1232,1226
1233,1227
1234,1225
1235,1227
1236,1229
1237,1229
1238,1229
1239,1231
1240,1233
1241,1235
1242,1236
1243,1235
1244,1238
1245,1237
1246,1238
1247,1239
1248,1242
1249,1242
1250,1242
1251,1244
1252,1245
1253,1246
1254,1247
1255,1247
1256,1247
1257,1251
1258,1252
1259,1252
1260,1254
1261,1254
1262,1256
1263,1255
1264,1258
1265,1258
1266,1259
1267,1261
1268,1263
1269,1262
1270,1264
1271,1265
1272,1267
1273,1267
1274,1269
1275,1271
1276,1269
1277,1272
1278,1273
1279,1272
1280,1275
1281,1275
1282,1275
1283,1276
1284,1277
1285,1278
1286,1280
1287,1281
1288,1282
1289,1281
1290,1284
1291,1285
1292,1285
1293,1287
1294,1287
1295,1289
1296,1290
1297,1290
1298,1292
1299,1292
1300,1294
1301,1295
1302,1296
1303,1295
1304,1298
1305,1297
1306,1300
1307,1299
1308,1301
1309,1303
1310,1303
1311,1303
1312,1306
1313,1307
1314,1308
1315,1309
1316,1309
1317,1311
1318,1312
1319,1313
1320,1312
1321,1317
1322,1316
1323,1318
1324,1316
1325,1319
1326,1319
1327,1319
1328,1321
1329,1323
1330,1323
1331,1325
1332,1325
1333,1327
1334,1329
1335,1330
1336,1330
1337,1330
1338,1332
1339,1333
1340,1334
1341,1334
1342,1337
1343,1336
1344,1338
1345,1337
1346,1338
1347,1341
1348,1341
1349,1341
1350,1344
1351,1345
1352,1346
1353,1346
1354,1346
1355,1348
1356,1349
1357,1349
1358,1351
1359,1353
1360,1353
1361,1355
1362,1356
1363,1356
1364,1358
1365,1359
1366,1363
1367,1360
1368,1362
1369,1363
1370,1364
1371,1364
1372,1366
1373,1367
1374,1367
1375,1368
1376,1369
1377,1370
1378,1371
1379,1372
1380,1373
1381,1376
1382,1375
1383,1377
1384,1381
1385,1378
1386,1380
1387,1381
1388,1381
1389,1383
1390,1382
1391,1385
1392,1386
1393,1386
1394,1385
1395,1387
1396,1388
1397,1390
1398,1391
1399,1391
1400,1394
1401,1394
1402,1394
1403,1397
1404,1396
1405,1398
1406,1399
1407,1400
1408,1403
1409,1402
1410,1404
1411,1404
1412,1404
1413,1407
1414,1406
1415,1408
1416,1408
1417,1409
1418,1412
1419,1412
1420,1412
1421,1415
1422,1416
1423,1418
1424,1416
1425,1418
1426,1419
1427,1421
1428,1421
1429,1422
1430,1423
1431,1423
1432,1424
1433,1427
1434,1426
1435,1431
1436,1428
1437,1429
1438,1430
1439,1432
1440,1433
1441,1435
1442,1435
1443,1434
1444,1438
1445,1437
1446,1438
1447,1440
1448,1441
1449,1440
1450,1441
1451,1443
1452,1444
1453,1446
1454,1447
1455,1448
1456,1450
1457,1450
1458,1451
1459,1452
1460,1452
1461,1453
1462,1454
1463,1456
1464,1458
1465,1459
1466,1459
1467,1460
1468,1461
1469,1461
1470,1463
1471,1462
1472,1465
1473,1466
1474,1467
1475,1467
1476,1469
1477,1470
1478,1471
1479,1473
1480,1471
1481,1475
1482,1476
1483,1476
1484,1476
1485,1477
1486,1479
1487,1480
1488,1480
1489,1481
1490,1483
1491,1485
1492,1484
1493,1486
1494,1486
1495,1486
1496,1487
1497,1492
1498,1491
1499,1490
1500,1493
1501,1493
1502,1496
1503,1496
1504,1496
1505,1498
1506,1498
1507,1501
1508,1501
1509,1503
1510,1505
1511,1506
1512,1505
1513,1506
1514,1507
1515,1508
1516,1509
1517,1512
1518,1510
1519,1513
1520,1512
1521,1515
1522,1516
1523,1516
1524,1517
1525,1516
1526,1521
1527,1520
1528,1522
1529,1522
1530,1524
1531,1526
1532,1525
1533,1527
1534,1527
1535,1528
1536,1529
1537,1531
1538,1531
1539,1533
1540,1533
1541,1535
1542,1536
1543,1538
1544,1538
1545,1538
1546,1541
1547,1540
1548,1541
1549,1543
1550,1544
1551,1545
1552,1546
1553,1547
1554,1548
1555,1548
1556,1547
1557,1551
1558,1551
1559,1552
1560,1552
1561,1554
1562,1556
1563,1556
1564,1558
1565,1558
1566,1558
1567,1560
1568,1563
1569,1561
1570,1564
1571,1565
1572,1565
1573,1564
1574,1567
1575,1568
1576,1571
1577,1571
1578,1572
1579,1572
1580,1573
1581,1573
1582,1575
1583,1576
1584,1577
1585,1577
1586,1580
1587,1579
1588,1579
1589,1584
1590,1583
1591,1585
1592,1586
1593,1587
1594,1586
1595,1588
1596,1588
1597,1590
1598,1591
1599,1593
1600,1593
1601,1594
1602,1594
1603,1597
1604,1596
1605,1599
1606,1600
1607,1599
1608,1602
1609,1603
1610,1604
1611,1604
1612,1606
1613,1604
1614,1606
1615,1608
1616,1608
1617,1609
1618,1609
1619,1613
1620,1613
1621,1614
1622,1615
1623,1617
1624,1616
1625,1619
1626,1618
1627,1620
1628,1622
1629,1623
1630,1622
1631,1623
1632,1624
1633,1626
1634,1627
1635,1629
1636,1628
1637,1631
1638,1630
1639,1632
1640,1634
1641,1633
1642,1634
1643,1636
1644,1637
1645,1637
1646,1640
1647,1640
1648,1641
1649,1642
1650,1642
1651,1645
1652,1644
1653,1647
1654,1648
1655,1647
1656,1650
1657,1651
1658,1649
1659,1653
1660,1654
1661,1655
1662,1658
1663,1655
1664,1658
1665,1657
1666,1660
1667,1660
1668,1662
1669,1661
1670,1663
1671,1664
1672,1664
1673,1664
1674,1668
1675,1668
1676,1668
1677,1670
1678,1671
1679,1672
1680,1673
1681,1673
1682,1675
1683,1677
1684,1677
1685,1677
1686,1677
1687,1680
1688,1681
1689,1683
1690,1683
1691,1683
1692,1685
1693,1686
1694,1687
1695,1688
1696,1689
1697,1690
1698,1689
1699,1693
1700,1694
1701,1693
1702,1695
1703,1696
1704,1694
1705,1698
1706,1698
1707,1699
1708,1700
1709,1703
1710,1703
1711,1704
1712,1705
1713,1707
1714,1708
1715,1707
1716,1709
1717,1710
1718,1711
1719,1713
1720,1712
1721,1713
1722,1716
1723,1716
1724,1717
1725,1717
1726,1718
1727,1721
1728,1721
1729,1723
1730,1722
1731,1723
1732,1724
1733,1725
1734,1727
1735,1727
1736,1728
1737,1730
1738,1732
1739,1731
1740,1733
1741,1735
1742,1736
1743,1737
1744,1737
1745,1737
1746,1739
1747,1740
1748,1740
1749,1743
1750,1743
1751,1745
1752,1745
1753,1747
1754,1746
1755,1747
1756,1748
1757,1751
1758,1753
1759,1752
1760,1753
1761,1755
1762,1755
1763,1754
1764,1756
1765,1757
1766,1761
1767,1761
1768,1761
1769,1762
1770,1765
1771,1766
1772,1765
1773,1766
1774,1770
1775,1767
1776,1769
1777,1770
1778,1772
1779,1772
1780,1774
1781,1774
1782,1775
1783,1777
1784,1777
1785,1778
1786,1781
1787,1777
1788,1782
1789,1785
1790,1783
1791,1784
1792,1785
1793,1786
1794,1792
1795,1792
1796,1789
1797,1791
1798,1789
1799,1792
1800,1793
1801,1794
1802,1794
1803,1796
1804,1798
1805,1800
1806,1798
1807,1801
1808,1802
1809,1803
1810,1802
1811,1804
1812,1805
1813,1807
1814,1808
1815,1808
1816,1809
1817,1811
1818,1811
1819,1813
1820,1815
1821,1815
1822,1814
1823,1816
1824,1818
1825,1818
1826,1819
1827,1820
1828,1822
1829,1823
1830,1822
1831,1825
1832,1826
1833,1826
1834,1827
1835,1828
1836,1829
1837,1831
1838,1833
1839,1832
1840,1833
1841,1836
1842,1834
1843,1836
1844,1838
1845,1838
1846,1838
1847,1842
1848,1843
1849,1841
1850,1844
1851,1843
1852,1845
1853,1847
1854,1847
1855,1848
1856,1849
1857,1849
1858,1851
1859,1853
1860,1853
1861,1856
1862,1854
1863,1856
1864,1858
1865,1858
1866,1858
1867,1860
1868,1858
1869,1861
1870,1863
1871,1864
1872,1865
1873,1868
1874,1867
1875,1867
1876,1870
1877,1871
1878,1872
1879,1872
1880,1872
1881,1873
1882,1876
1883,1878
1884,1877
1885,1879
1886,1880
1887,1881
1888,1884
1889,1882
1890,1883
1891,1883
1892,1886
1893,1888
1894,1885
1895,1888
1896,1889
1897,1891
1898,1890
1899,1892
1900,1894
1901,1895
1902,1896
1903,1893
1904,1898
1905,1899
1906,1899
1907,1900
1908,1902
1909,1902
1910,1903
1911,1906
1912,1904
1913,1906
1914,1908
1915,1908
1916,1909
1917,1910
1918,1910
1919,1913
1920,1912
1921,1914
1922,1915
1923,1914
1924,1916
1925,1919
1926,1919
1927,1921
1928,1920
1929,1923
1930,1922
1931,1924
1932,1926
1933,1926
1934,1927
1935,1928
1936,1927
1937,1931
1938,1931
1939,1932
1940,1934
1941,1933
1942,1935
1943,1936
1944,1938
1945,1938
1946,1940
1947,1940
1948,1941
1949,1942
1950,1943
1951,1943
1952,1945
1953,1946
1954,1947
1955,1947
1956,1950
1957,1951
1958,1952
1959,1952
1960,1953
1961,1953
1962,1955
1963,1956
1964,1958
1965,1958
1966,1958
1967,1959
1968,1961
1969,1963
1970,1964
1971,1964
1972,1965
1973,1966
1974,1967
1975,1970
1976,1970
1977,1971
1978,1971
1979,1973
1980,1973
1981,1976
1982,1975
1983,1977
1984,1977
1985,1978
1986,1979
1987,1980
1988,1981
1989,1984
1990,1983
1991,1984
1992,1985
1993,1986
1994,1988
1995,1988
1996,1989
1997,1991
1998,1992
1999,1991
2000,1993
2001,1995
2002,1995
2003,1997
2004,1997
2005,1999
2006,1998
2007,1999
2008,2003
2009,2003
2010,2002
2011,2004
2012,2005
2013,2005
2014,2007
2015,2006
2016,2010
2017,2010
2018,2011
2019,2011
2020,2013
2021,2014
2022,2014
2023,2014
2024,2016
2025,2017
2026,2020
2027,2021
2028,2022
2029,2023
2030,2023
2031,2025
2032,2025
2033,2026
2034,2025
2035,2028
2036,2029
2037,2030
2038,2031
2039,2033
2040,2032
2041,2034
2042,2036
2043,2035
2044,2037
2045,2037
2046,2040
2047,2041
2048,2042
2049,2041
2050,2045
2051,2043
2052,2047
2053,2046
2054,2047
2055,2049
2056,2049
2057,2050
2058,2049
2059,2053
2060,2053
2061,2055
2062,2058
2063,2055
2064,2057
2065,2058
2066,2061
2067,2060
2068,2061
2069,2062
2070,2063
2071,2064
2072,2065
2073,2066
2074,2066
2075,2067
2076,2069
2077,2071
2078,2071
2079,2072
2080,2074
2081,2074
2082,2077
2083,2074
2084,2076
2085,2077
2086,2079
2087,2079
2088,2081
2089,2083
2090,2082
2091,2085
2092,2085
2093,2087
2094,2086
2095,2089
2096,2088
2097,2088
2098,2090
2099,2092
2100,2092
2101,2093
2102,2095
2103,2095
2104,2096
2105,2096
2106,2099
2107,2098
2108,2100
2109,2102
2110,2101
2111,2105
2112,2105
2113,2106
2114,2108
2115,2109
2116,2107
2117,2109
2118,2113
2119,2113
2120,2112
2121,2116
2122,2115
2123,2115
2124,2117
2125,2115
2126,2119
2127,2119
2128,2121
2129,2122
2130,2121
2131,2122
2132,2124
2133,2125
2134,2127
2135,2128
2136,2130
2137,2130
2138,2131
2139,2131
2140,2133
2141,2133
2142,2133
2143,2134
2144,2138
2145,2138
2146,2139
2147,2141
2148,2141
2149,2141
2150,2142
2151,2142
2152,2145
2153,2145
2154,2146
2155,2148
2156,2148
2157,2151
2158,2151
2159,2152
2160,2150
2161,2154
2162,2154
2163,2155
2164,2157
2165,2159
2166,2162
2167,2160
2168,2162
2169,2162
2170,2163
2171,2163
2172,2165
2173,2166
2174,2166
2175,2167
2176,2169
2177,2170
2178,2172
2179,2171
2180,2175
2181,2174
2182,2175
2183,2176
2184,2176
2185,2179
2186,2180
2187,2180
2188,2180
2189,2181
2190,2183
2191,2185
2192,2185
2193,2186
2194,2186
2195,2188
2196,2189
2197,2191
2198,2193
2199,2191
2200,2192
2201,2193
2202,2195
2203,2194
2204,2202
2205,2199
2206,2198
2207,2199
2208,2199
2209,2201
2210,2203
2211,2202
2212,2205
2213,2205
2214,2206
2215,2210
2216,2210
2217,2211
2218,2210
2219,2212
2220,2213
2221,2215
2222,2215
2223,2215
2224,2218
2225,2218
2226,2219
2227,2220
2228,2221
2229,2222
2230,2222
2231,2224
2232,2225
2233,2225
2234,2228
2235,2228
2236,2227
2237,2230
2238,2231
2239,2232
2240,2233
2241,2235
2242,2236
2243,2236
2244,2236
2245,2235
2246,2239
2247,2240
2248,2241
2249,2241
2250,2242
2251,2244
2252,2244
2253,2246
2254,2247
2255,2248
2256,2253
2257,2250
2258,2251
2259,2251
2260,2253
2261,2253
2262,2255
2263,2257
2264,2258
2265,2259
2266,2260
2267,2262
2268,2261
2269,2261
2270,2264
2271,2264
2272,2268
2273,2266
2274,2267
2275,2269
2276,2270
2277,2271
2278,2271
2279,2273
2280,2274
2281,2273
2282,2274
2283,2276
2284,2278
2285,2279
2286,2279
2287,2280
2288,2282
2289,2282
2290,2280
2291,2284
2292,2285
2293,2287
2294,2287
2295,2287
2296,2288
2297,2291
2298,2292
2299,2294
2300,2294
2301,2294
2302,2296
2303,2299
2304,2296
2305,2299
2306,2297
2307,2302
2308,2301
2309,2301
2310,2303
2311,2303
2312,2306
2313,2307
2314,2307
2315,2309
2316,2310
2317,2312
2318,2311
2319,2312
2320,2315
2321,2314
2322,2317
2323,2316
2324,2318
2325,2319
2326,2319
2327,2321
2328,2321
2329,2321
2330,2323
2331,2323
2332,2327
2333,2325
2334,2327
2335,2328
2336,2329
2337,2332
2338,2332
2339,2333
2340,2333
2341,2335
2342,2336
2343,2336
2344,2336
2345,2339
2346,2336
2347,2341
2348,2341
2349,2340
2350,2343
2351,2345
2352,2344
2353,2346
2354,2347
2355,2348
2356,2349
2357,2347
2358,2351
2359,2353
2360,2351
2361,2352
2362,2354
2363,2355
2364,2357
2365,2358
2366,2358
2367,2360
2368,2361
2369,2363
2370,2363
2371,2362
2372,2366
2373,2368
2374,2368
2375,2366
2376,2368
2377,2371
2378,2370
2379,2372
2380,2373
2381,2374
2382,2376
2383,2376
2384,2377
2385,2378
2386,2378
2387,2382
2388,2381
2389,2382
2390,2382
2391,2384
2392,2386
2393,2386
2394,2388
2395,2388
2396,2389
2397,2389
2398,2390
2399,2392
2400,2392
2401,2393
2402,2396
2403,2395
2404,2398
2405,2398
2406,2400
2407,2401
2408,2400
2409,2403
2410,2403
2411,2405
2412,2402
2413,2406
2414,2411
2415,2408
2416,2409
2417,2409
2418,2410
2419,2412
2420,2411
2421,2413
2422,2415
2423,2416
2424,2416
2425,2418
2426,2417
2427,2420
2428,2420
2429,2421
2430,2423
2431,2423
2432,2422
2433,2426
2434,2426
2435,2430
2436,2430
2437,2431
2438,2430
2439,2432
2440,2432
2441,2434
2442,2436
2443,2435
2444,2439
2445,2438
2446,2438
2447,2440
2448,2441
2449,2442
2450,2443
2451,2444
2452,2444
2453,2443
2454,2447
2455,2447
2456,2448
2457,2449
2458,2450
2459,2452
2460,2452
2461,2454
2462,2456
2463,2454
2464,2458
2465,2459
2466,2460
2467,2459
2468,2459
2469,2462
2470,2463
2471,2461
2472,2465
2473,2467
2474,2467
2475,2467
2476,2468
2477,2471
2478,2470
2479,2473
2480,2472
2481,2474
2482,2474
2483,2476
2484,2476
2485,2475
2486,2478
2487,2480
2488,2480
2489,2481
2490,2482
2491,2484
2492,2485
2493,2488
2494,2488
2495,2487
2496,2487
2497,2488
2498,2490
2499,2491
2500,2493
2501,2495
2502,2495
2503,2497
2504,2497
2505,2496
2506,2499
2507,2504
2508,2500
2509,2502
2510,2504
2511,2505
2512,2505
2513,2507
2514,2508
2515,2508
2516,2509
2517,2511
2518,2511
2519,2511
2520,2511
2521,2515
2522,2514
2523,2517
2524,2518
2525,2518
2526,2520
2527,2520
2528,2521
2529,2523
2530,2525
2531,2525
2532,2525
2533,2525
2534,2526
2535,2530
2536,2529
2537,2530
2538,2529
2539,2534
2540,2534
2541,2533
2542,2535
2543,2537
2544,2536
2545,2537
2546,2540
2547,2541
2548,2541
2549,2543
2550,2542
2551,2544
2552,2545
2553,2546
2554,2546
2555,2549
2556,2549
2557,2551
2558,2549
2559,2552
2560,2552
2561,2554
2562,2555
2563,2556
2564,2558
2565,2560
2566,2559
2567,2562
2568,2561
2569,2561
2570,2563
2571,2564
2572,2565
2573,2563
2574,2565
2575,2569
2576,2568
2577,2568
2578,2571
2579,2572
2580,2573
2581,2576
2582,2574
2583,2574
2584,2578
2585,2580
2586,2580
2587,2581
2588,2580
2589,2582
2590,2583
2591,2584
2592,2583
2593,2586
2594,2586
2595,2587
2596,2590
2597,2590
2598,2591
2599,2592
2600,2594
2601,2593
2602,2595
2603,2597
2604,2597
2605,2599
2606,2597
2607,2601
2608,2602
2609,2602
2610,2603
2611,2605
2612,2605
2613,2606
2614,2607
2615,2607
2616,2607
2617,2610
2618,2611
2619,2612
2620,2613
2621,2615
2622,2614
2623,2615
2624,2615
2625,2617
2626,2620
2627,2621
2628,2620
2629,2623
2630,2621
2631,2625
2632,2626
2633,2626
2634,2628
2635,2630
2636,2626
2637,2630
2638,2631
2639,2631
2640,2634
2641,2633
2642,2634
2643,2637
2644,2635
2645,2639
2646,2638
2647,2640
2648,2642
2649,2643
2650,2643
2651,2643
2652,2645
2653,2646
2654,2646
2655,2647
2656,2649
2657,2650
2658,2651
2659,2651
2660,2654
2661,2651
2662,2655
2663,2655
2664,2656
2665,2657
2666,2659
2667,2660
2668,2661
2669,2662
2670,2663
2671,2663
2672,2664
2673,2664
2674,2666
2675,2668
2676,2668
2677,2672
2678,2671
2679,2674
2680,2672
2681,2673
2682,2675
2683,2675
2684,2676
2685,2679
2686,2678
2687,2680
2688,2681
2689,2681
2690,2682
2691,2683
2692,2687
2693,2686
2694,2685
2695,2687
2696,2687
2697,2689
2698,2691
2699,2688
2700,2693
2701,2693
2702,2696
2703,2696
2704,2695
2705,2698
2706,2698
2707,2699
2708,2701
2709,2701
2710,2702
2711,2703
2712,2704
2713,2704
2714,2705
2715,2709
2716,2708
2717,2709
2718,2709
2719,2711
2720,2711
2721,2713
2722,2713
2723,2714
2724,2715
2725,2718
2726,2718
2727,2720
2728,2722
2729,2721
2730,2722
2731,2721
2732,2724
2733,2727
2734,2728
2735,2728
2736,2728
2737,2729
2738,2731
2739,2733
2740,2731
2741,2734
2742,2734
2743,2736
2744,2735
2745,2738
2746,2740
2747,2739
2748,2740
2749,2742
2750,2745
2751,2744
2752,2744
2753,2746
2754,2747
2755,2748
2756,2749
2757,2749
2758,2749
2759,2751
2760,2752
2761,2753
2762,2755
2763,2755
2764,2757
2765,2759
2766,2759
2767,2759
2768,2760
2769,2761
2770,2762
2771,2762
2772,2764
2773,2766
2774,2765
2775,2767
2776,2767
2777,2769
2778,2774
2779,2770
2780,2771
2781,2774
2782,2774
2783,2776
2784,2777
2785,2774
2786,2779
2787,2779
2788,2777
2789,2781
2790,2782
2791,2781
2792,2786
2793,2786
2794,2785
2795,2788
2796,2787
2797,2789
2798,2789
2799,2791
2800,2791
2801,2792
2802,2796
2803,2794
2804,2796
2805,2798
2806,2799
2807,2800
2808,2799
2809,2799
2810,2802
2811,2804
2812,2802
2813,2807
2814,2807
2815,2804
2816,2811
2817,2808
2818,2811
2819,2811
2820,2814
2821,2812
2822,2813
2823,2815
2824,2815
2825,2817
2826,2817
2827,2820
2828,2820
2829,2820
2830,2823
2831,2824
2832,2826
2833,2827
2834,2825
2835,2828
2836,2827
2837,2828
2838,2826
2839,2830
2840,2832
2841,2829
2842,2833
2843,2835
2844,2836
2845,2835
2846,2837
2847,2839
2848,2840
2849,2841
2850,2843
2851,2843
2852,2845
2853,2843
2854,2848
2855,2847
2856,2846
2857,2847
2858,2850
2859,2851
2860,2852
2861,2855
2862,2855
2863,2856
2864,2857
2865,2856
2866,2857
2867,2859
2868,2859
2869,2860
2870,2861
2871,2862
2872,2864
2873,2866
2874,2865
2875,2866
2876,2866
2877,2870
2878,2867
2879,2871
2880,2872
2881,2872
2882,2873
2883,2874
2884,2875
2885,2877
2886,2876
2887,2879
2888,2880
2889,2882
2890,2882
2891,2883
2892,2884
2893,2884
2894,2887
2895,2886
2896,2886
2897,2887
2898,2889
2899,2891
2900,2890
2901,2892
2902,2892
2903,2895
2904,2896
2905,2898
2906,2896
2907,2899
2908,2901
2909,2900
2910,2901
2911,2903
2912,2904
2913,2904
2914,2906
2915,2908
2916,2908
2917,2910
2918,2910
2919,2913
2920,2911
2921,2912
2922,2914
2923,2914
2924,2914
2925,2918
2926,2917
2927,2919
2928,2922
2929,2922
2930,2922
2931,2923
2932,2923
2933,2924
2934,2927
2935,2928
2936,2927
2937,2928
2938,2931
2939,2930
2940,2932
2941,2933
2942,2934
2943,2935
2944,2936
2945,2937
2946,2939
2947,2938
2948,2938
2949,2941
2950,2942
2951,2942
2952,2942
2953,2945
2954,2947
2955,2947
2956,2949
2957,2949
2958,2951
2959,2950
2960,2951
2961,2954
2962,2953
2963,2954
2964,2957
2965,2956
2966,2957
2967,2959
2968,2959
2969,2960
2970,2963
2971,2963
2972,2963
2973,2962
2974,2966
2975,2966
2976,2968
2977,2968
2978,2969
2979,2972
2980,2970
2981,2974
2982,2974
2983,2975
2984,2976
2985,2976
2986,2977
2987,2978
2988,2978
2989,2981
2990,2982
2991,2981
2992,2981
2993,2984
2994,2986
2995,2986
2996,2988
2997,2988
2998,2987
2999,2990
3000,2991
3001,2993
3002,2993
3003,2994
3004,2995
3005,2994
3006,2996
3007,3001
3008,2998
3009,3003
3010,3003
3011,3005
3012,3005
3013,3005
3014,3006
3015,3006
3016,3010
3017,3010
3018,3011
3019,3012
3020,3011
3021,3015
3022,3015
3023,3017
3024,3016
3025,3017
3026,3019
3027,3021
3028,3020
3029,3020
3030,3022
3031,3024
3032,3025
3033,3026
3034,3028
3035,3027
3036,3030
3037,3032
3038,3031
3039,3033
3040,3032
3041,3034
3042,3035
3043,3035
3044,3036
3045,3041
3046,3038
3047,3038
3048,3042
3049,3041
3050,3044
3051,3043
3052,3046
3053,3046
3054,3048
3055,3048
3056,3049
3057,3051
3058,3053
3059,3051
3060,3053
3061,3052
3062,3053
3063,3056
3064,3055
3065,3059
3066,3058
3067,3059
3068,3059
3069,3062
3070,3061
3071,3063
3072,3065
3073,3065
3074,3068
3075,3068
3076,3070
3077,3069
3078,3070
3079,3071
3080,3072
3081,3073
3082,3075
3083,3075
3084,3077
3085,3079
3086,3080
3087,3079
3088,3082
3089,3081
3090,3085
3091,3084
3092,3083
3093,3086
3094,3088
3095,3086
3096,3088
3097,3090
3098,3091
3099,3092
3100,3094
3101,3092
3102,3093
3103,3095
3104,3097
3105,3098
3106,3098
3107,3099
3108,3100
3109,3101
3110,3102
3111,3106
3112,3104
3113,3106
3114,3105
3115,3108
3116,3108
3117,3109
3118,3111
3119,3112
3120,3115
3121,3113
3122,3115
3123,3115
3124,3116
3125,3117
3126,3119
3127,3119
3128,3120
3129,3121
3130,3123
3131,3124
3132,3124
3133,3126
3134,3127
3135,3128
3136,3127
3137,3130
3138,3131
3139,3135
3140,3132
3141,3132
3142,3131
3143,3135
3144,3137
3145,3139
3146,3138
3147,3140
3148,3142
3149,3141
3150,3141
3151,3143
3152,3145
3153,3145
3154,3146
3155,3148
3156,3148
3157,3149
3158,3151
3159,3153
3160,3153
3161,3152
3162,3154
3163,3155
3164,3158
3165,3157
3166,3157
3167,3160
3168,3158
3169,3162
3170,3163
3171,3165
3172,3165
3173,3162
3174,3167
3175,3168
3176,3169
3177,3168
3178,3170
3179,3171
3180,3171
3181,3173
3182,3173
3183,3174
3184,3177
3185,3177
3186,3177
3187,3180
3188,3181
3189,3180
3190,3182
3191,3182
3192,3183
3193,3186
3194,3186
3195,3186
3196,3188
3197,3189
3198,3192
3199,3191
3200,3193
3201,3194
3202,3195
3203,3194
3204,3196
3205,3197
3206,3198
3207,3199
3208,3198
3209,3202
3210,3202
3211,3204
3212,3205
3213,3206
3214,3207
3215,3206
3216,3207
3217,3211
3218,3210
3219,3211
3220,3213
3221,3215
3222,3215
3223,3215
3224,3216
3225,3216
3226,3218
3227,3220
3228,3221
3229,3221
3230,3223
3231,3222
3232,3223
3233,3224
3234,3225
3235,3227
3236,3228
3237,3230
3238,3231
3239,3231
3240,3230
3241,3234
3242,3235
3243,3232
3244,3237
3245,3236
3246,3238
3247,3239
3248,3239
3249,3240
3250,3243
3251,3243
3252,3243
3253,3246
3254,3243
3255,3247
3256,3247
3257,3248
3258,3249
3259,3249
3260,3251
3261,3254
3262,3255
3263,3254
3264,3255
3265,3258
3266,3259
3267,3260
3268,3261
3269,3260
3270,3259
3271,3263
3272,3263
3273,3264
3274,3265
3275,3267
3276,3268
3277,3268
3278,3270
3279,3270
3280,3270
3281,3272
3282,3271
3283,3273
3284,3276
3285,3275
3286,3281
3287,3278
3288,3280
3289,3279
3290,3281
3291,3280
3292,3284
3293,3285
3294,3284
3295,3286
3296,3287
3297,3287
3298,3288
3299,3291
3300,3290
3301,3291
3302,3294
3303,3295
3304,3296
3305,3299
3306,3297
3307,3298
3308,3300
3309,3302
3310,3302
3311,3302
3312,3303
3313,3304
3314,3305
3315,3306
3316,3307
3317,3309
3318,3309
3319,3311
3320,3312
3321,3312
3322,3312
3323,3319
3324,3315
3325,3316
3326,3317
3327,3317
3328,3319
3329,3320
3330,3321
3331,3322
3332,3326
3333,3325
3334,3325
3335,3325
3336,3329
3337,3328
3338,3328
3339,3331
3340,3331
3341,3330
3342,3332
3343,3335
3344,3334
3345,3337
3346,3338
3347,3337
3348,3339
3349,3340
3350,3341
3351,3343
3352,3344
3353,3343
3354,3344
3355,3347
3356,3346
3357,3347
3358,3348
3359,3351
3360,3354
3361,3353
3362,3355
3363,3354
3364,3355
3365,3358
3366,3358
3367,3360
3368,3359
3369,3362
3370,3361
3371,3362
3372,3364
3373,3367
3374,3366
3375,3365
3376,3366
3377,3369
3378,3367
3379,3371
3380,3372
3381,3373
3382,3372
3383,3373
3384,3374
3385,3376
3386,3377
3387,3378
3388,3379
3389,3379
3390,3379
3391,3382
3392,3387
3393,3383
3394,3385
3395,3385
3396,3387
3397,3388
3398,3390
3399,3389
3400,3392
3401,3390
3402,3393
3403,3394
3404,3396
3405,3396
3406,3398
3407,3398
3408,3398
3409,3401
3410,3401
3411,3403
3412,3402
3413,3404
3414,3405
3415,3406
3416,3408
3417,3407
3418,3409
3419,3410
3420,3412
3421,3409
3422,3414
3423,3413
3424,3415
3425,3417
3426,3417
3427,3416
3428,3419
3429,3419
3430,3422
3431,3422
3432,3423
3433,3423
3434,3426
3435,3427
3436,3428
3437,3429
3438,3428
3439,3430
3440,3430
3441,3431
3442,3433
3443,3434
3444,3435
3445,3435
3446,3438
3447,3440
3448,3439
3449,3438
3450,3440
3451,3443
3452,3442
3453,3443
3454,3446
3455,3445
3456,3448
3457,3448
3458,3449
3459,3448
3460,3452
3461,3452
3462,3454
3463,3452
3464,3456
3465,3456
3466,3457
3467,3458
3468,3459
3469,3459
3470,3462
3471,3462
3472,3464
3473,3463
3474,3464
3475,3465
3476,3467
3477,3468
3478,3469
3479,3470
3480,3471
3481,3472
3482,3472
3483,3474
3484,3473
3485,3476
3486,3478
3487,3477
3488,3478
3489,3479
3490,3481
3491,3481
3492,3484
3493,3484
3494,3483
3495,3485
3496,3486
3497,3486
3498,3488
3499,3490
3500,3490
3501,3489
3502,3491
3503,3494
3504,3494
3505,3495
3506,3498
3507,3498
3508,3500
3509,3500
3510,3502
3511,3502
3512,3504
3513,3505
3514,3504
3515,3508
3516,3508
3517,3507
3518,3509
3519,3510
3520,3510
3521,3513
3522,3513
3523,3514
3524,3515
3525,3516
3526,3518
3527,3518
3528,3520
3529,3520
3530,3522
3531,3521
3532,3524
3533,3523
3534,3526
3535,3525
3536,3527
3537,3529
3538,3529
3539,3530
3540,3531
3541,3530
3542,3532
3543,3534
3544,3534
3545,3538
3546,3537
3547,3538
3548,3539
3549,3540
3550,3542
3551,3541
3552,3543
3553,3545
3554,3548
3555,3545
3556,3548
3557,3548
3558,3549
3559,3550
3560,3549
3561,3552
3562,3554
3563,3554
3564,3556
3565,3555
3566,3559
3567,3557
3568,3559
3569,3560
3570,3561
3571,3563
3572,3564
3573,3563
3574,3563
3575,3565
3576,3566
3577,3567
3578,3568
3579,3571
3580,3571
3581,3571
3582,3573
3583,3572
3584,3574
3585,3575
3586,3576
3587,3577
3588,3578
3589,3580
3590,3580
3591,3581
3592,3583
3593,3585
3594,3584
3595,3584
3596,3587
3597,3588
3598,3587
3599,3591
3600,3590
3601,3592
3602,3592
3603,3594
3604,3593
3605,3595
3606,3598
3607,3598
3608,3598
3609,3600
3610,3602
3611,3601
3612,3602
3613,3605
3614,3604
3615,3605
3616,3606
3617,3607
3618,3607
3619,3610
3620,3611
3621,3611
3622,3611
3623,3613
3624,3615
3625,3616
3626,3617
3627,3619
3628,3620
3629,3619
3630,3621
3631,3620
3632,3624
3633,3624
3634,3623
3635,3624
3636,3626
3637,3626
3638,3629
3639,3630
3640,3630
3641,3630
3642,3637
3643,3634
3644,3636
3645,3637
3646,3637
3647,3637
3648,3639
3649,3639
3650,3640
3651,3642
3652,3641
3653,3641
3654,3643
3655,3645
3656,3646
3657,3648
3658,3647
3659,3649
3660,3650
3661,3651
3662,3652
3663,3655
3664,3652
3665,3655
3666,3655
3667,3658
3668,3657
3669,3657
3670,3661
3671,3661
3672,3663
3673,3663
3674,3664
3675,3664
3676,3664
3677,3668
3678,3669
3679,3670
3680,3672
3681,3672
3682,3674
3683,3673
3684,3675
3685,3677
3686,3676
3687,3677
3688,3677
3689,3679
3690,3678
3691,3681
3692,3684
3693,3684
3694,3684
3695,3685
3696,3686
3697,3685
3698,3689
3699,3690
3700,3690
3701,3692
3702,3692
3703,3694
3704,3695
3705,3695
3706,3697
3707,3699
3708,3697
3709,3698
3710,3700
3711,3701
3712,3703
3713,3703
3714,3704
3715,3706
3716,3705
3717,3709
3718,3706
3719,3709
3720,3710
3721,3711
3722,3714
3723,3712
3724,3715
3725,3714
3726,3717
3727,3719
3728,3717
3729,3718
3730,3719
3731,3719
3732,3721
3733,3724
3734,3726
3735,3725
3736,3726
3737,3727
3738,3726
3739,3730
3740,3730
3741,3732
3742,3731
3743,3733
3744,3734
3745,3736
3746,3737
3747,3736
3748,3736
3749,3738
3750,3739
3751,3742
3752,3740
3753,3743
3754,3746
3755,3744
3756,3748
3757,3746
3758,3748
3759,3751
3760,3750
3761,3754
3762,3754
3763,3754
3764,3755
3765,3755
3766,3757
3767,3757
3768,3760
3769,3759
3770,3759
3771,3761
3772,3763
3773,3764
3774,3763
3775,3766
3776,3766
3777,3767
3778,3768
3779,3769
3780,3770
3781,3774
3782,3773
3783,3774
3784,3775
3785,3775
3786,3776
3787,3778
3788,3780
3789,3778
3790,3781
3791,3783
3792,3787
3793,3785
3794,3784
3795,3785
3796,3785
3797,3787
3798,3789
3799,3790
3800,3792
3801,3791
3802,3792
3803,3794
3804,3795
3805,3795
3806,3795
3807,3797
3808,3798
3809,3801
3810,3801
3811,3801
3812,3803
3813,3804
3814,3805
3815,3807
3816,3806
3817,3808
3818,3810
3819,3810
3820,3810
3821,3811
3822,3812
3823,3812
3824,3815
3825,3814
3826,3817
3827,3816
3828,3819
3829,3819
3830,3820
3831,3820
3832,3820
3833,3823
3834,3824
3835,3826
3836,3825
3837,3826
3838,3828
3839,3828
3840,3830
3841,3831
3842,3833
3843,3832
3844,3835
3845,3835
3846,3836
3847,3837
3848,3839
3849,3840
3850,3840
3851,3840
3852,3844
3853,3844
3854,3843
3855,3845
3856,3846
3857,3848
3858,3849
3859,3851
3860,3850
3861,3851
3862,3852
3863,3854
3864,3854
3865,3854
3866,3857
3867,3858
3868,3858
3869,3861
3870,3859
3871,3861
3872,3862
3873,3863
3874,3864
3875,3866
3876,3866
3877,3867
3878,3868
3879,3871
3880,3870
3881,3871
3882,3871
3883,3872
3884,3875
3885,3876
3886,3876
3887,3876
3888,3876
3889,3879
3890,3880
3891,3881
3892,3884
3893,3882
3894,3886
3895,3885
3896,3885
3897,3888
3898,3889
3899,3889
3900,3895
3901,3889
3902,3889
3903,3893
3904,3895
3905,3896
3906,3897
3907,3896
3908,3899
3909,3899
3910,3901
3911,3900
3912,3903
3913,3903
3914,3904
3915,3904
3916,3906
3917,3907
3918,3908
3919,3909
3920,3909
3921,3912
3922,3913
3923,3913
3924,3913
3925,3913
3926,3915
3927,3918
3928,3917
3929,3919
3930,3921
3931,3922
3932,3921
3933,3925
3934,3924
3935,3924
3936,3923
3937,3927
3938,3928
3939,3931
3940,3931
3941,3930
3942,3930
3943,3933
3944,3934
3945,3936
3946,3935
3947,3937
3948,3937
3949,3937
3950,3941
3951,3941
3952,3943
3953,3943
3954,3943
3955,3945
3956,3945
3957,3948
3958,3948
3959,3950
3960,3950
3961,3952
3962,3952
3963,3952
3964,3955
3965,3953
3966,3956
3967,3956
3968,3957
3969,3960
3970,3962
3971,3961
3972,3962
3973,3962
3974,3964
3975,3967
3976,3967
3977,3968
3978,3967
3979,3970
3980,3969
3981,3972
3982,3974
3983,3972
3984,3974
3985,3974
3986,3976
3987,3978
3988,3979
3989,3979
3990,3981
3991,3980
3992,3981
3993,3983
3994,3983
3995,3984
3996,3987
3997,3988
3998,3988
3999,3989
4000,3991
4001,3990
4002,3992
4003,3994
4004,3995
4005,3995
4006,3995
4007,3997
4008,3997
4009,4000
4010,4000
4011,4002
4012,4000
4013,4004
4014,4005
4015,4005
4016,4006
4017,4008
4018,4011
4019,4015
4020,4012
4021,4010
4022,4014
4023,4014
4024,4015
4025,4015
4026,4019
4027,4019
4028,4020
4029,4020
4030,4022
4031,4020
4032,4023
4033,4026
4034,4023
4035,4026
4036,4027
4037,4028
4038,4029
4039,4030
4040,4031
4041,4036
4042,4034
4043,4034
4044,4036
4045,4035
4046,4038
4047,4037
4048,4038
4049,4038
4050,4040
4051,4041
4052,4042
4053,4044
4054,4045
4055,4045
4056,4046
4057,4047
4058,4052
4059,4050
4060,4050
4061,4053
4062,4052
4063,4055
4064,4055
4065,4055
4066,4056
4067,4058
4068,4058
4069,4061
4070,4061
4071,4060
4072,4062
4073,4064
4074,4063
4075,4064
4076,4066
4077,4067
4078,4067
4079,4070
4080,4069
4081,4072
4082,4071
4083,4073
4084,4074
4085,4077
4086,4079
4087,4075
4088,4075
4089,4076
4090,4078
4091,4080
4092,4080
4093,4080
4094,4082
4095,4077
