voltage,current
0.256996	0.00000000000000000000	0.00000000000000000000
0.256996	0.16615384615000000634	0.00001910054477094889
0.256996	0.33230769230000001269	0.00001917148956413159
0.256996	0.49846153845000001903	0.00001886738091404523
0.256996	0.66461538460000002537	0.00001775677543912830
0.256996	0.83076923074999997620	0.00001570288584057187
0.256996	0.99692307690000003806	0.00001286358090231953
0.256996	1.16307692304999998889	0.00000969138549106743
0.256996	1.32923076920000005074	0.00000693348055626428
0.256996	1.49538461534999989055	0.00000563170313011137
0.256996	1.66153846149999995241	0.00000712254632756251
0.256996	1.82769230765000001426	0.00000000000000000000
0.256996	1.99384615380000007612	0.00000000000000000000
0.256996	2.15999999995000013797	0.00000000000000000000
0.256996	2.32615384609999997778	0.00000000000000000000
0.256996	2.49230769224999981759	0.00000000000000000000
0.256996	2.65846153840000010149	0.00000000000000000000
0.256996	2.82461538454999994130	0.00000000000000000000
0.256996	2.99076923069999978111	0.00000000000000000000
0.256996	3.15692307685000006501	0.00000000000000000000
0.256996	3.32307692299999990482	0.00000000000000000000
0.256996	3.48923076915000018872	0.00000000000000000000
0.256996	3.65538461530000002853	0.00000000000000000000
0.256996	3.82153846144999986834	0.00000000000000000000
0.256996	3.98769230760000015223	0.00000000000000000000
0.256996	4.15384615374999999204	0.00000000000000000000
0.256996	4.31999999990000027594	0.00000000000000000000
0.256996	4.48615384604999967166	0.00000000000000000000
0.256996	4.65230769219999995556	0.00000000000000000000
0.256996	4.81846153835000023946	0.00000000000000000000
0.256996	4.98461538449999963518	0.00000000000000000000
0.256996	5.15076923064999991908	0.00000000000000000000
0.256996	5.31692307680000020298	0.00000000000000000000
0.256996	5.48307692294999959870	0.00000000000000000000
0.256996	5.64923076909999988260	0.00000000000000000000
0.256996	5.81538461525000016650	0.00000000000000000000
0.256996	5.98153846139999956222	0.00000000000000000000
0.256996	6.14769230754999984612	0.00000000000000000000
0.256996	6.31384615370000013002	0.00000000000000000000
0.256996	6.47999999985000041391	0.00000000000000000000
0.256996	6.64615384599999980964	0.00000000000000000000
0.256996	6.81230769215000009353	0.00000000000000000000
0.256996	6.97846153830000037743	0.00000000000000000000
0.256996	7.14461538444999977315	0.00000000000000000000
0.256996	7.31076923060000005705	0.00000000000000000000
0.256996	7.47692307675000034095	0.00000000000000000000
0.256996	7.64307692289999973667	0.00000000000000000000
0.256996	7.80923076905000002057	0.00000000000000000000
0.256996	7.97538461520000030447	0.00000000000000000000
0.256996	8.14153846135000058837	0.00000000000000000000
0.256996	8.30769230749999998409	0.00000000000000000000
0.256996	8.47384615364999937981	0.00000000000000000000
0.256996	8.63999999980000055189	0.00000000000000000000
0.256996	8.80615384594999994761	0.00000000000000000000
0.256996	8.97230769209999934333	0.00000000000000000000
0.256996	9.13846153825000051540	0.00000000000000000000
0.256996	9.30461538439999991112	0.00000000000000000000
0.256996	9.47076923054999930685	0.00000000000000000000
0.256996	9.63692307670000047892	0.00000000000000000000
0.256996	9.80307692284999987464	0.00000000000000000000
0.256996	9.96923076899999927036	0.00000000000000000000
0.256996	10.13538461515000044244	0.00000000000000000000
0.256996	10.30153846129999983816	0.00000000000000000000
0.256996	10.46769230744999923388	0.00000000000000000000
0.256996	10.63384615360000040596	0.00000000000000000000
0.548051	0.00000000000000000000	0.00000000000000000000
0.548051	0.16615384615000000634	0.00001881432463966915
0.548051	0.33230769230000001269	0.00001904198819161950
0.548051	0.49846153845000001903	0.00001897902620564868
0.548051	0.66461538460000002537	0.00001798823979502326
0.548051	0.83076923074999997620	0.00001584840747704972
0.548051	0.99692307690000003806	0.00001275428517307445
0.548051	1.16307692304999998889	0.00000931660620848379
0.548051	1.32923076920000005074	0.00000656208131270392
0.548051	1.49538461534999989055	0.00000593339861920106
0.548051	1.66153846149999995241	0.00000388748779084687
0.548051	1.82769230765000001426	0.00000219588399620551
0.548051	1.99384615380000007612	0.00000050428020156415
0.548051	2.15999999995000013797	0.00000000000000000000
0.548051	2.32615384609999997778	0.00000000000000000000
0.548051	2.49230769224999981759	0.00000000000000000000
0.548051	2.65846153840000010149	0.00000000000000000000
0.548051	2.82461538454999994130	0.00000000000000000000
0.548051	2.99076923069999978111	0.00000000000000000000
0.548051	3.15692307685000006501	0.00000000000000000000
0.548051	3.32307692299999990482	0.00000000000000000000
0.548051	3.48923076915000018872	0.00000000000000000000
0.548051	3.65538461530000002853	0.00000000000000000000
0.548051	3.82153846144999986834	0.00000000000000000000
0.548051	3.98769230760000015223	0.00000000000000000000
0.548051	4.15384615374999999204	0.00000000000000000000
0.548051	4.31999999990000027594	0.00000000000000000000
0.548051	4.48615384604999967166	0.00000000000000000000
0.548051	4.65230769219999995556	0.00000000000000000000
0.548051	4.81846153835000023946	0.00000000000000000000
0.548051	4.98461538449999963518	0.00000000000000000000
0.548051	5.15076923064999991908	0.00000000000000000000
0.548051	5.31692307680000020298	0.00000000000000000000
0.548051	5.48307692294999959870	0.00000000000000000000
0.548051	5.64923076909999988260	0.00000000000000000000
0.548051	5.81538461525000016650	0.00000000000000000000
0.548051	5.98153846139999956222	0.00000000000000000000
0.548051	6.14769230754999984612	0.00000000000000000000
0.548051	6.31384615370000013002	0.00000000000000000000
0.548051	6.47999999985000041391	0.00000000000000000000
0.548051	6.64615384599999980964	0.00000000000000000000
0.548051	6.81230769215000009353	0.00000000000000000000
0.548051	6.97846153830000037743	0.00000000000000000000
0.548051	7.14461538444999977315	0.00000000000000000000
0.548051	7.31076923060000005705	0.00000000000000000000
0.548051	7.47692307675000034095	0.00000000000000000000
0.548051	7.64307692289999973667	0.00000000000000000000
0.548051	7.80923076905000002057	0.00000000000000000000
0.548051	7.97538461520000030447	0.00000000000000000000
0.548051	8.14153846135000058837	0.00000000000000000000
0.548051	8.30769230749999998409	0.00000000000000000000
0.548051	8.47384615364999937981	0.00000000000000000000
0.548051	8.63999999980000055189	0.00000000000000000000
0.548051	8.80615384594999994761	0.00000000000000000000
0.548051	8.97230769209999934333	0.00000000000000000000
0.548051	9.13846153825000051540	0.00000000000000000000
0.548051	9.30461538439999991112	0.00000000000000000000
0.548051	9.47076923054999930685	0.00000000000000000000
0.548051	9.63692307670000047892	0.00000000000000000000
0.548051	9.80307692284999987464	0.00000000000000000000
0.548051	9.96923076899999927036	0.00000000000000000000
0.548051	10.13538461515000044244	0.00000000000000000000
0.548051	10.30153846129999983816	0.00000000000000000000
0.548051	10.46769230744999923388	0.00000000000000000000
0.548051	10.63384615360000040596	0.00000000000000000000
0.838577	0.00000000000000000000	0.00000000000000000000
0.838577	0.16615384615000000634	0.00001615266708149384
0.838577	0.33230769230000001269	0.00001677021759570503
0.838577	0.49846153845000001903	0.00001683064915655406
0.838577	0.66461538460000002537	0.00001552241970179835
0.838577	0.83076923074999997620	0.00001270692725259242
0.838577	0.99692307690000003806	0.00000891850991348795
0.838577	1.16307692304999998889	0.00000536444587243376
0.838577	1.32923076920000005074	0.00000392495340077578
0.838577	1.49538461534999989055	0.00000715319085325717
0.838577	1.66153846149999995241	0.00000000000000000000
0.838577	1.82769230765000001426	0.00000000000000000000
0.838577	1.99384615380000007612	0.00000000000000000000
0.838577	2.15999999995000013797	0.00000000000000000000
0.838577	2.32615384609999997778	0.00000000000000000000
0.838577	2.49230769224999981759	0.00000000000000000000
0.838577	2.65846153840000010149	0.00000000000000000000
0.838577	2.82461538454999994130	0.00000000000000000000
0.838577	2.99076923069999978111	0.00000000000000000000
0.838577	3.15692307685000006501	0.00000000000000000000
0.838577	3.32307692299999990482	0.00000000000000000000
0.838577	3.48923076915000018872	0.00000000000000000000
0.838577	3.65538461530000002853	0.00000000000000000000
0.838577	3.82153846144999986834	0.00000000000000000000
0.838577	3.98769230760000015223	0.00000000000000000000
0.838577	4.15384615374999999204	0.00000000000000000000
0.838577	4.31999999990000027594	0.00000000000000000000
0.838577	4.48615384604999967166	0.00000000000000000000
0.838577	4.65230769219999995556	0.00000000000000000000
0.838577	4.81846153835000023946	0.00000000000000000000
0.838577	4.98461538449999963518	0.00000000000000000000
0.838577	5.15076923064999991908	0.00000000000000000000
0.838577	5.31692307680000020298	0.00000000000000000000
0.838577	5.48307692294999959870	0.00000000000000000000
0.838577	5.64923076909999988260	0.00000000000000000000
0.838577	5.81538461525000016650	0.00000000000000000000
0.838577	5.98153846139999956222	0.00000000000000000000
0.838577	6.14769230754999984612	0.00000000000000000000
0.838577	6.31384615370000013002	0.00000000000000000000
0.838577	6.47999999985000041391	0.00000000000000000000
0.838577	6.64615384599999980964	0.00000000000000000000
0.838577	6.81230769215000009353	0.00000000000000000000
0.838577	6.97846153830000037743	0.00000000000000000000
0.838577	7.14461538444999977315	0.00000000000000000000
0.838577	7.31076923060000005705	0.00000000000000000000
0.838577	7.47692307675000034095	0.00000000000000000000
0.838577	7.64307692289999973667	0.00000000000000000000
0.838577	7.80923076905000002057	0.00000000000000000000
0.838577	7.97538461520000030447	0.00000000000000000000
0.838577	8.14153846135000058837	0.00000000000000000000
0.838577	8.30769230749999998409	0.00000000000000000000
0.838577	8.47384615364999937981	0.00000000000000000000
0.838577	8.63999999980000055189	0.00000000000000000000
0.838577	8.80615384594999994761	0.00000000000000000000
0.838577	8.97230769209999934333	0.00000000000000000000
0.838577	9.13846153825000051540	0.00000000000000000000
0.838577	9.30461538439999991112	0.00000000000000000000
0.838577	9.47076923054999930685	0.00000000000000000000
0.838577	9.63692307670000047892	0.00000000000000000000
0.838577	9.80307692284999987464	0.00000000000000000000
0.838577	9.96923076899999927036	0.00000000000000000000
0.838577	10.13538461515000044244	0.00000000000000000000
0.838577	10.30153846129999983816	0.00000000000000000000
0.838577	10.46769230744999923388	0.00000000000000000000
0.838577	10.63384615360000040596	0.00000000000000000000
1.129012	0.00000000000000000000	0.00000000000000000000
1.129012	0.16615384615000000634	0.00001536602103524982
1.129012	0.33230769230000001269	0.00001588708803121576
1.129012	0.49846153845000001903	0.00001477143334794119
1.129012	0.66461538460000002537	0.00001295411051692209
1.129012	0.83076923074999997620	0.00001108516336900974
1.129012	0.99692307690000003806	0.00000952962603441076
1.129012	1.16307692304999998889	0.00000836752294268709
1.129012	1.32923076920000005074	0.00000739386882275603
1.129012	1.49538461534999989055	0.00000611866870289013
1.129012	1.66153846149999995241	0.00000504449924964745
1.129012	1.82769230765000001426	0.00000392007212974897
1.129012	1.99384615380000007612	0.00000279564500985049
1.129012	2.15999999995000013797	0.00000167121788995201
1.129012	2.32615384609999997778	0.00000054679077005352
1.129012	2.49230769224999981759	0.00000000000000000000
1.129012	2.65846153840000010149	0.00000000000000000000
1.129012	2.82461538454999994130	0.00000000000000000000
1.129012	2.99076923069999978111	0.00000000000000000000
1.129012	3.15692307685000006501	0.00000000000000000000
1.129012	3.32307692299999990482	0.00000000000000000000
1.129012	3.48923076915000018872	0.00000000000000000000
1.129012	3.65538461530000002853	0.00000000000000000000
1.129012	3.82153846144999986834	0.00000000000000000000
1.129012	3.98769230760000015223	0.00000000000000000000
1.129012	4.15384615374999999204	0.00000000000000000000
1.129012	4.31999999990000027594	0.00000000000000000000
1.129012	4.48615384604999967166	0.00000000000000000000
1.129012	4.65230769219999995556	0.00000000000000000000
1.129012	4.81846153835000023946	0.00000000000000000000
1.129012	4.98461538449999963518	0.00000000000000000000
1.129012	5.15076923064999991908	0.00000000000000000000
1.129012	5.31692307680000020298	0.00000000000000000000
1.129012	5.48307692294999959870	0.00000000000000000000
1.129012	5.64923076909999988260	0.00000000000000000000
1.129012	5.81538461525000016650	0.00000000000000000000
1.129012	5.98153846139999956222	0.00000000000000000000
1.129012	6.14769230754999984612	0.00000000000000000000
1.129012	6.31384615370000013002	0.00000000000000000000
1.129012	6.47999999985000041391	0.00000000000000000000
1.129012	6.64615384599999980964	0.00000000000000000000
1.129012	6.81230769215000009353	0.00000000000000000000
1.129012	6.97846153830000037743	0.00000000000000000000
1.129012	7.14461538444999977315	0.00000000000000000000
1.129012	7.31076923060000005705	0.00000000000000000000
1.129012	7.47692307675000034095	0.00000000000000000000
1.129012	7.64307692289999973667	0.00000000000000000000
1.129012	7.80923076905000002057	0.00000000000000000000
1.129012	7.97538461520000030447	0.00000000000000000000
1.129012	8.14153846135000058837	0.00000000000000000000
1.129012	8.30769230749999998409	0.00000000000000000000
1.129012	8.47384615364999937981	0.00000000000000000000
1.129012	8.63999999980000055189	0.00000000000000000000
1.129012	8.80615384594999994761	0.00000000000000000000
1.129012	8.97230769209999934333	0.00000000000000000000
1.129012	9.13846153825000051540	0.00000000000000000000
1.129012	9.30461538439999991112	0.00000000000000000000
1.129012	9.47076923054999930685	0.00000000000000000000
1.129012	9.63692307670000047892	0.00000000000000000000
1.129012	9.80307692284999987464	0.00000000000000000000
1.129012	9.96923076899999927036	0.00000000000000000000
1.129012	10.13538461515000044244	0.00000000000000000000
1.129012	10.30153846129999983816	0.00000000000000000000
1.129012	10.46769230744999923388	0.00000000000000000000
1.129012	10.63384615360000040596	0.00000000000000000000
1.420080	0.00000000000000000000	0.00000000000000000000
1.420080	0.16615384615000000634	0.00000133382672811375
1.420080	0.33230769230000001269	0.00000000000000000000
1.420080	0.49846153845000001903	0.00000000000000000000
1.420080	0.66461538460000002537	0.00000000000000000000
1.420080	0.83076923074999997620	0.00000000000000000000
1.420080	0.99692307690000003806	0.00000000000000000000
1.420080	1.16307692304999998889	0.00000000000000000000
1.420080	1.32923076920000005074	0.00000000000000000000
1.420080	1.49538461534999989055	0.00000000000000000000
1.420080	1.66153846149999995241	0.00000000000000000000
1.420080	1.82769230765000001426	0.00000000000000000000
1.420080	1.99384615380000007612	0.00000000000000000000
1.420080	2.15999999995000013797	0.00000000000000000000
1.420080	2.32615384609999997778	0.00000000000000000000
1.420080	2.49230769224999981759	0.00000000000000000000
1.420080	2.65846153840000010149	0.00000000000000000000
1.420080	2.82461538454999994130	0.00000000000000000000
1.420080	2.99076923069999978111	0.00000000000000000000
1.420080	3.15692307685000006501	0.00000000000000000000
1.420080	3.32307692299999990482	0.00000000000000000000
1.420080	3.48923076915000018872	0.00000000000000000000
1.420080	3.65538461530000002853	0.00000000000000000000
1.420080	3.82153846144999986834	0.00000000000000000000
1.420080	3.98769230760000015223	0.00000000000000000000
1.420080	4.15384615374999999204	0.00000000000000000000
1.420080	4.31999999990000027594	0.00000000000000000000
1.420080	4.48615384604999967166	0.00000000000000000000
1.420080	4.65230769219999995556	0.00000000000000000000
1.420080	4.81846153835000023946	0.00000000000000000000
1.420080	4.98461538449999963518	0.00000000000000000000
1.420080	5.15076923064999991908	0.00000000000000000000
1.420080	5.31692307680000020298	0.00000000000000000000
1.420080	5.48307692294999959870	0.00000000000000000000
1.420080	5.64923076909999988260	0.00000000000000000000
1.420080	5.81538461525000016650	0.00000000000000000000
1.420080	5.98153846139999956222	0.00000000000000000000
1.420080	6.14769230754999984612	0.00000000000000000000
1.420080	6.31384615370000013002	0.00000000000000000000
1.420080	6.47999999985000041391	0.00000000000000000000
1.420080	6.64615384599999980964	0.00000000000000000000
1.420080	6.81230769215000009353	0.00000000000000000000
1.420080	6.97846153830000037743	0.00000000000000000000
1.420080	7.14461538444999977315	0.00000000000000000000
1.420080	7.31076923060000005705	0.00000000000000000000
1.420080	7.47692307675000034095	0.00000000000000000000
1.420080	7.64307692289999973667	0.00000000000000000000
1.420080	7.80923076905000002057	0.00000000000000000000
1.420080	7.97538461520000030447	0.00000000000000000000
1.420080	8.14153846135000058837	0.00000000000000000000
1.420080	8.30769230749999998409	0.00000000000000000000
1.420080	8.47384615364999937981	0.00000000000000000000
1.420080	8.63999999980000055189	0.00000000000000000000
1.420080	8.80615384594999994761	0.00000000000000000000
1.420080	8.97230769209999934333	0.00000000000000000000
1.420080	9.13846153825000051540	0.00000000000000000000
1.420080	9.30461538439999991112	0.00000000000000000000
1.420080	9.47076923054999930685	0.00000000000000000000
1.420080	9.63692307670000047892	0.00000000000000000000
1.420080	9.80307692284999987464	0.00000000000000000000
1.420080	9.96923076899999927036	0.00000000000000000000
1.420080	10.13538461515000044244	0.00000000000000000000
1.420080	10.30153846129999983816	0.00000000000000000000
1.420080	10.46769230744999923388	0.00000000000000000000
1.420080	10.63384615360000040596	0.00000000000000000000
1.710507	0.00000000000000000000	0.00000000000000000000
1.710507	0.16615384615000000634	0.00001522590932979047
1.710507	0.33230769230000001269	0.00001660417683571843
1.710507	0.49846153845000001903	0.00001544842934037063
1.710507	0.66461538460000002537	0.00001311426927603054
1.710507	0.83076923074999997620	0.00001059742769508281
1.710507	0.99692307690000003806	0.00000853376427001329
1.710507	1.16307692304999998889	0.00000719926729340899
1.710507	1.32923076920000005074	0.00000651005367795812
1.710507	1.49538461534999989055	0.00000602236895645000
1.710507	1.66153846149999995241	0.00000540033163898005
1.710507	1.82769230765000001426	0.00000481188247050056
1.710507	1.99384615380000007612	0.00000422343330202107
1.710507	2.15999999995000013797	0.00000363498413354158
1.710507	2.32615384609999997778	0.00000304653496506209
1.710507	2.49230769224999981759	0.00000245808579658260
1.710507	2.65846153840000010149	0.00000186963662810311
1.710507	2.82461538454999994130	0.00000128118745962361
1.710507	2.99076923069999978111	0.00000069273829114412
1.710507	3.15692307685000006501	0.00000010428912266463
1.710507	3.32307692299999990482	0.00000000000000000000
1.710507	3.48923076915000018872	0.00000000000000000000
1.710507	3.65538461530000002853	0.00000000000000000000
1.710507	3.82153846144999986834	0.00000000000000000000
1.710507	3.98769230760000015223	0.00000000000000000000
1.710507	4.15384615374999999204	0.00000000000000000000
1.710507	4.31999999990000027594	0.00000000000000000000
1.710507	4.48615384604999967166	0.00000000000000000000
1.710507	4.65230769219999995556	0.00000000000000000000
1.710507	4.81846153835000023946	0.00000000000000000000
1.710507	4.98461538449999963518	0.00000000000000000000
1.710507	5.15076923064999991908	0.00000000000000000000
1.710507	5.31692307680000020298	0.00000000000000000000
1.710507	5.48307692294999959870	0.00000000000000000000
1.710507	5.64923076909999988260	0.00000000000000000000
1.710507	5.81538461525000016650	0.00000000000000000000
1.710507	5.98153846139999956222	0.00000000000000000000
1.710507	6.14769230754999984612	0.00000000000000000000
1.710507	6.31384615370000013002	0.00000000000000000000
1.710507	6.47999999985000041391	0.00000000000000000000
1.710507	6.64615384599999980964	0.00000000000000000000
1.710507	6.81230769215000009353	0.00000000000000000000
1.710507	6.97846153830000037743	0.00000000000000000000
1.710507	7.14461538444999977315	0.00000000000000000000
1.710507	7.31076923060000005705	0.00000000000000000000
1.710507	7.47692307675000034095	0.00000000000000000000
1.710507	7.64307692289999973667	0.00000000000000000000
1.710507	7.80923076905000002057	0.00000000000000000000
1.710507	7.97538461520000030447	0.00000000000000000000
1.710507	8.14153846135000058837	0.00000000000000000000
1.710507	8.30769230749999998409	0.00000000000000000000
1.710507	8.47384615364999937981	0.00000000000000000000
1.710507	8.63999999980000055189	0.00000000000000000000
1.710507	8.80615384594999994761	0.00000000000000000000
1.710507	8.97230769209999934333	0.00000000000000000000
1.710507	9.13846153825000051540	0.00000000000000000000
1.710507	9.30461538439999991112	0.00000000000000000000
1.710507	9.47076923054999930685	0.00000000000000000000
1.710507	9.63692307670000047892	0.00000000000000000000
1.710507	9.80307692284999987464	0.00000000000000000000
1.710507	9.96923076899999927036	0.00000000000000000000
1.710507	10.13538461515000044244	0.00000000000000000000
1.710507	10.30153846129999983816	0.00000000000000000000
1.710507	10.46769230744999923388	0.00000000000000000000
1.710507	10.63384615360000040596	0.00000000000000000000
2.000892	0.00000000000000000000	0.00000000000000000000
2.000892	0.16615384615000000634	0.00001705513229161812
2.000892	0.33230769230000001269	0.00001722131920388981
2.000892	0.49846153845000001903	0.00001708734947714958
2.000892	0.66461538460000002537	0.00001592255252988884
2.000892	0.83076923074999997620	0.00001350803021626830
2.000892	0.99692307690000003806	0.00001013665682611797
2.000892	1.16307692304999998889	0.00000661307908493720
2.000892	1.32923076920000005074	0.00000425371615389460
2.000892	1.49538461534999989055	0.00000488675962982815
2.000892	1.66153846149999995241	0.00000352486550111093
2.000892	1.82769230765000001426	0.00000266170577355640
2.000892	1.99384615380000007612	0.00000179854604600188
2.000892	2.15999999995000013797	0.00000093538631844735
2.000892	2.32615384609999997778	0.00000007222659089282
2.000892	2.49230769224999981759	0.00000000000000000000
2.000892	2.65846153840000010149	0.00000000000000000000
2.000892	2.82461538454999994130	0.00000000000000000000
2.000892	2.99076923069999978111	0.00000000000000000000
2.000892	3.15692307685000006501	0.00000000000000000000
2.000892	3.32307692299999990482	0.00000000000000000000
2.000892	3.48923076915000018872	0.00000000000000000000
2.000892	3.65538461530000002853	0.00000000000000000000
2.000892	3.82153846144999986834	0.00000000000000000000
2.000892	3.98769230760000015223	0.00000000000000000000
2.000892	4.15384615374999999204	0.00000000000000000000
2.000892	4.31999999990000027594	0.00000000000000000000
2.000892	4.48615384604999967166	0.00000000000000000000
2.000892	4.65230769219999995556	0.00000000000000000000
2.000892	4.81846153835000023946	0.00000000000000000000
2.000892	4.98461538449999963518	0.00000000000000000000
2.000892	5.15076923064999991908	0.00000000000000000000
2.000892	5.31692307680000020298	0.00000000000000000000
2.000892	5.48307692294999959870	0.00000000000000000000
2.000892	5.64923076909999988260	0.00000000000000000000
2.000892	5.81538461525000016650	0.00000000000000000000
2.000892	5.98153846139999956222	0.00000000000000000000
2.000892	6.14769230754999984612	0.00000000000000000000
2.000892	6.31384615370000013002	0.00000000000000000000
2.000892	6.47999999985000041391	0.00000000000000000000
2.000892	6.64615384599999980964	0.00000000000000000000
2.000892	6.81230769215000009353	0.00000000000000000000
2.000892	6.97846153830000037743	0.00000000000000000000
2.000892	7.14461538444999977315	0.00000000000000000000
2.000892	7.31076923060000005705	0.00000000000000000000
2.000892	7.47692307675000034095	0.00000000000000000000
2.000892	7.64307692289999973667	0.00000000000000000000
2.000892	7.80923076905000002057	0.00000000000000000000
2.000892	7.97538461520000030447	0.00000000000000000000
2.000892	8.14153846135000058837	0.00000000000000000000
2.000892	8.30769230749999998409	0.00000000000000000000
2.000892	8.47384615364999937981	0.00000000000000000000
2.000892	8.63999999980000055189	0.00000000000000000000
2.000892	8.80615384594999994761	0.00000000000000000000
2.000892	8.97230769209999934333	0.00000000000000000000
2.000892	9.13846153825000051540	0.00000000000000000000
2.000892	9.30461538439999991112	0.00000000000000000000
2.000892	9.47076923054999930685	0.00000000000000000000
2.000892	9.63692307670000047892	0.00000000000000000000
2.000892	9.80307692284999987464	0.00000000000000000000
2.000892	9.96923076899999927036	0.00000000000000000000
2.000892	10.13538461515000044244	0.00000000000000000000
2.000892	10.30153846129999983816	0.00000000000000000000
2.000892	10.46769230744999923388	0.00000000000000000000
2.000892	10.63384615360000040596	0.00000000000000000000
2.288446	0.00000000000000000000	0.00000000000000000000
2.288446	0.16615384615000000634	0.00002093256656921785
2.288446	0.33230769230000001269	0.00002111574831521094
2.288446	0.49846153845000001903	0.00002091550257838895
2.288446	0.66461538460000002537	0.00001997577272477834
2.288446	0.83076923074999997620	0.00001816382330879212
2.288446	0.99692307690000003806	0.00001557024007322980
2.288446	1.16307692304999998889	0.00001250892994927746
2.288446	1.32923076920000005074	0.00000951712105650763
2.288446	1.49538461534999989055	0.00000735536270287945
2.288446	1.66153846149999995241	0.00000700752538473852
2.288446	1.82769230765000001426	0.00000545040737627276
2.288446	1.99384615380000007612	0.00000419560954038821
2.288446	2.15999999995000013797	0.00000294081170450366
2.288446	2.32615384609999997778	0.00000168601386861911
2.288446	2.49230769224999981759	0.00000043121603273456
2.288446	2.65846153840000010149	0.00000000000000000000
2.288446	2.82461538454999994130	0.00000000000000000000
2.288446	2.99076923069999978111	0.00000000000000000000
2.288446	3.15692307685000006501	0.00000000000000000000
2.288446	3.32307692299999990482	0.00000000000000000000
2.288446	3.48923076915000018872	0.00000000000000000000
2.288446	3.65538461530000002853	0.00000000000000000000
2.288446	3.82153846144999986834	0.00000000000000000000
2.288446	3.98769230760000015223	0.00000000000000000000
2.288446	4.15384615374999999204	0.00000000000000000000
2.288446	4.31999999990000027594	0.00000000000000000000
2.288446	4.48615384604999967166	0.00000000000000000000
2.288446	4.65230769219999995556	0.00000000000000000000
2.288446	4.81846153835000023946	0.00000000000000000000
2.288446	4.98461538449999963518	0.00000000000000000000
2.288446	5.15076923064999991908	0.00000000000000000000
2.288446	5.31692307680000020298	0.00000000000000000000
2.288446	5.48307692294999959870	0.00000000000000000000
2.288446	5.64923076909999988260	0.00000000000000000000
2.288446	5.81538461525000016650	0.00000000000000000000
2.288446	5.98153846139999956222	0.00000000000000000000
2.288446	6.14769230754999984612	0.00000000000000000000
2.288446	6.31384615370000013002	0.00000000000000000000
2.288446	6.47999999985000041391	0.00000000000000000000
2.288446	6.64615384599999980964	0.00000000000000000000
2.288446	6.81230769215000009353	0.00000000000000000000
2.288446	6.97846153830000037743	0.00000000000000000000
2.288446	7.14461538444999977315	0.00000000000000000000
2.288446	7.31076923060000005705	0.00000000000000000000
2.288446	7.47692307675000034095	0.00000000000000000000
2.288446	7.64307692289999973667	0.00000000000000000000
2.288446	7.80923076905000002057	0.00000000000000000000
2.288446	7.97538461520000030447	0.00000000000000000000
2.288446	8.14153846135000058837	0.00000000000000000000
2.288446	8.30769230749999998409	0.00000000000000000000
2.288446	8.47384615364999937981	0.00000000000000000000
2.288446	8.63999999980000055189	0.00000000000000000000
2.288446	8.80615384594999994761	0.00000000000000000000
2.288446	8.97230769209999934333	0.00000000000000000000
2.288446	9.13846153825000051540	0.00000000000000000000
2.288446	9.30461538439999991112	0.00000000000000000000
2.288446	9.47076923054999930685	0.00000000000000000000
2.288446	9.63692307670000047892	0.00000000000000000000
2.288446	9.80307692284999987464	0.00000000000000000000
2.288446	9.96923076899999927036	0.00000000000000000000
2.288446	10.13538461515000044244	0.00000000000000000000
2.288446	10.30153846129999983816	0.00000000000000000000
2.288446	10.46769230744999923388	0.00000000000000000000
2.288446	10.63384615360000040596	0.00000000000000000000
2.579532	0.00000000000000000000	0.00000000000000000000
2.579532	0.16615384615000000634	0.00005251823130188941
2.579532	0.33230769230000001269	0.00005434741760335522
2.579532	0.49846153845000001903	0.00005642999031902520
2.579532	0.66461538460000002537	0.00005810329251788728
2.579532	0.83076923074999997620	0.00005885866404304671
2.579532	0.99692307690000003806	0.00005834144151172594
2.579532	1.16307692304999998889	0.00005635095831526472
2.579532	1.32923076920000005074	0.00005284054461912003
2.579532	1.49538461534999989055	0.00004791752736286613
2.579532	1.66153846149999995241	0.00004184323026019454
2.579532	1.82769230765000001426	0.00003503297379891399
2.579532	1.99384615380000007612	0.00002805607524095053
2.579532	2.15999999995000013797	0.00002163584862234739
2.579532	2.32615384609999997778	0.00001664960475326524
2.579532	2.49230769224999981759	0.00001412865121798167
2.579532	2.65846153840000010149	0.00001525829237489187
2.579532	2.82461538454999994130	0.00001395420373700623
2.579532	2.99076923069999978111	0.00001325854754781955
2.579532	3.15692307685000006501	0.00001256289135863287
2.579532	3.32307692299999990482	0.00001186723516944619
2.579532	3.48923076915000018872	0.00001117157898025950
2.579532	3.65538461530000002853	0.00001047592279107282
2.579532	3.82153846144999986834	0.00000978026660188614
2.579532	3.98769230760000015223	0.00000908461041269946
2.579532	4.15384615374999999204	0.00000838895422351278
2.579532	4.31999999990000027594	0.00000769329803432610
2.579532	4.48615384604999967166	0.00000699764184513942
2.579532	4.65230769219999995556	0.00000630198565595274
2.579532	4.81846153835000023946	0.00000560632946676606
2.579532	4.98461538449999963518	0.00000491067327757938
2.579532	5.15076923064999991908	0.00000421501708839270
2.579532	5.31692307680000020298	0.00000351936089920602
2.579532	5.48307692294999959870	0.00000282370471001934
2.579532	5.64923076909999988260	0.00000212804852083266
2.579532	5.81538461525000016650	0.00000143239233164597
2.579532	5.98153846139999956222	0.00000073673614245929
2.579532	6.14769230754999984612	0.00000004107995327261
2.579532	6.31384615370000013002	0.00000000000000000000
2.579532	6.47999999985000041391	0.00000000000000000000
2.579532	6.64615384599999980964	0.00000000000000000000
2.579532	6.81230769215000009353	0.00000000000000000000
2.579532	6.97846153830000037743	0.00000000000000000000
2.579532	7.14461538444999977315	0.00000000000000000000
2.579532	7.31076923060000005705	0.00000000000000000000
2.579532	7.47692307675000034095	0.00000000000000000000
2.579532	7.64307692289999973667	0.00000000000000000000
2.579532	7.80923076905000002057	0.00000000000000000000
2.579532	7.97538461520000030447	0.00000000000000000000
2.579532	8.14153846135000058837	0.00000000000000000000
2.579532	8.30769230749999998409	0.00000000000000000000
2.579532	8.47384615364999937981	0.00000000000000000000
2.579532	8.63999999980000055189	0.00000000000000000000
2.579532	8.80615384594999994761	0.00000000000000000000
2.579532	8.97230769209999934333	0.00000000000000000000
2.579532	9.13846153825000051540	0.00000000000000000000
2.579532	9.30461538439999991112	0.00000000000000000000
2.579532	9.47076923054999930685	0.00000000000000000000
2.579532	9.63692307670000047892	0.00000000000000000000
2.579532	9.80307692284999987464	0.00000000000000000000
2.579532	9.96923076899999927036	0.00000000000000000000
2.579532	10.13538461515000044244	0.00000000000000000000
2.579532	10.30153846129999983816	0.00000000000000000000
2.579532	10.46769230744999923388	0.00000000000000000000
2.579532	10.63384615360000040596	0.00000000000000000000
2.869892	0.00000000000000000000	0.00000000000000000000
2.869892	0.16615384615000000634	0.00013804806127458740
2.869892	0.33230769230000001269	0.00013620322777431340
2.869892	0.49846153845000001903	0.00013675271624142805
2.869892	0.66461538460000002537	0.00013869821948448308
2.869892	0.83076923074999997620	0.00014116310742918250
2.869892	0.99692307690000003806	0.00014339242711838265
2.869892	1.16307692304999998889	0.00014475290271209214
2.869892	1.32923076920000005074	0.00014473293548747186
2.869892	1.49538461534999989055	0.00014294260383883506
2.869892	1.66153846149999995241	0.00013911366327764724
2.869892	1.82769230765000001426	0.00013309954643252616
2.869892	1.99384615380000007612	0.00012487536304924196
2.869892	2.15999999995000013797	0.00011453789999071696
2.869892	2.32615384609999997778	0.00010230562123702603
2.869892	2.49230769224999981759	0.00008851866788539589
2.869892	2.65846153840000010149	0.00007363885815020597
2.869892	2.82461538454999994130	0.00005824968736298798
2.869892	2.99076923069999978111	0.00004305632797242549
2.869892	3.15692307685000006501	0.00002888562954435483
2.869892	3.32307692299999990482	0.00001403315714128963
2.869892	3.48923076915000018872	0.00000000000000000000
2.869892	3.65538461530000002853	0.00000000000000000000
2.869892	3.82153846144999986834	0.00000000000000000000
2.869892	3.98769230760000015223	0.00000000000000000000
2.869892	4.15384615374999999204	0.00000000000000000000
2.869892	4.31999999990000027594	0.00000000000000000000
2.869892	4.48615384604999967166	0.00000000000000000000
2.869892	4.65230769219999995556	0.00000000000000000000
2.869892	4.81846153835000023946	0.00000000000000000000
2.869892	4.98461538449999963518	0.00000000000000000000
2.869892	5.15076923064999991908	0.00000000000000000000
2.869892	5.31692307680000020298	0.00000000000000000000
2.869892	5.48307692294999959870	0.00000000000000000000
2.869892	5.64923076909999988260	0.00000000000000000000
2.869892	5.81538461525000016650	0.00000000000000000000
2.869892	5.98153846139999956222	0.00000000000000000000
2.869892	6.14769230754999984612	0.00000000000000000000
2.869892	6.31384615370000013002	0.00000000000000000000
2.869892	6.47999999985000041391	0.00000000000000000000
2.869892	6.64615384599999980964	0.00000000000000000000
2.869892	6.81230769215000009353	0.00000000000000000000
2.869892	6.97846153830000037743	0.00000000000000000000
2.869892	7.14461538444999977315	0.00000000000000000000
2.869892	7.31076923060000005705	0.00000000000000000000
2.869892	7.47692307675000034095	0.00000000000000000000
2.869892	7.64307692289999973667	0.00000000000000000000
2.869892	7.80923076905000002057	0.00000000000000000000
2.869892	7.97538461520000030447	0.00000000000000000000
2.869892	8.14153846135000058837	0.00000000000000000000
2.869892	8.30769230749999998409	0.00000000000000000000
2.869892	8.47384615364999937981	0.00000000000000000000
2.869892	8.63999999980000055189	0.00000000000000000000
2.869892	8.80615384594999994761	0.00000000000000000000
2.869892	8.97230769209999934333	0.00000000000000000000
2.869892	9.13846153825000051540	0.00000000000000000000
2.869892	9.30461538439999991112	0.00000000000000000000
2.869892	9.47076923054999930685	0.00000000000000000000
2.869892	9.63692307670000047892	0.00000000000000000000
2.869892	9.80307692284999987464	0.00000000000000000000
2.869892	9.96923076899999927036	0.00000000000000000000
2.869892	10.13538461515000044244	0.00000000000000000000
2.869892	10.30153846129999983816	0.00000000000000000000
2.869892	10.46769230744999923388	0.00000000000000000000
2.869892	10.63384615360000040596	0.00000000000000000000
3.160345	0.00000000000000000000	0.00022811490956006259
3.160345	0.16615384615000000634	0.00022870343911576067
3.160345	0.33230769230000001269	0.00022560702110329915
3.160345	0.49846153845000001903	0.00022379769126357161
3.160345	0.66461538460000002537	0.00022294045104329399
3.160345	0.83076923074999997620	0.00022269881505434721
3.160345	0.99692307690000003806	0.00022273481107377723
3.160345	1.16307692304999998889	0.00022270898004379505
3.160345	1.32923076920000005074	0.00022228037607177666
3.160345	1.49538461534999989055	0.00022110656643026311
3.160345	1.66153846149999995241	0.00021884363155696045
3.160345	1.82769230765000001426	0.00021514616505473976
3.160345	1.99384615380000007612	0.00020966727369163715
3.160345	2.15999999995000013797	0.00020205857740085374
3.160345	2.32615384609999997778	0.00019197020928075574
3.160345	2.49230769224999981759	0.00017905081559487425
3.160345	2.65846153840000010149	0.00016294755577190550
3.160345	2.82461538454999994130	0.00014330610240571076
3.160345	2.99076923069999978111	0.00011977064125531625
3.160345	3.15692307685000006501	0.00009198387124491320
3.160345	3.32307692299999990482	0.00005958700446385805
3.160345	3.48923076915000018872	0.00002221976616667186
3.160345	3.65538461530000002853	0.00000000000000000000
3.160345	3.82153846144999986834	0.00000000000000000000
3.160345	3.98769230760000015223	0.00000000000000000000
3.160345	4.15384615374999999204	0.00000000000000000000
3.160345	4.31999999990000027594	0.00000000000000000000
3.160345	4.48615384604999967166	0.00000000000000000000
3.160345	4.65230769219999995556	0.00000000000000000000
3.160345	4.81846153835000023946	0.00000000000000000000
3.160345	4.98461538449999963518	0.00000000000000000000
3.160345	5.15076923064999991908	0.00000000000000000000
3.160345	5.31692307680000020298	0.00000000000000000000
3.160345	5.48307692294999959870	0.00000000000000000000
3.160345	5.64923076909999988260	0.00000000000000000000
3.160345	5.81538461525000016650	0.00000000000000000000
3.160345	5.98153846139999956222	0.00000000000000000000
3.160345	6.14769230754999984612	0.00000000000000000000
3.160345	6.31384615370000013002	0.00000000000000000000
3.160345	6.47999999985000041391	0.00000000000000000000
3.160345	6.64615384599999980964	0.00000000000000000000
3.160345	6.81230769215000009353	0.00000000000000000000
3.160345	6.97846153830000037743	0.00000000000000000000
3.160345	7.14461538444999977315	0.00000000000000000000
3.160345	7.31076923060000005705	0.00000000000000000000
3.160345	7.47692307675000034095	0.00000000000000000000
3.160345	7.64307692289999973667	0.00000000000000000000
3.160345	7.80923076905000002057	0.00000000000000000000
3.160345	7.97538461520000030447	0.00000000000000000000
3.160345	8.14153846135000058837	0.00000000000000000000
3.160345	8.30769230749999998409	0.00000000000000000000
3.160345	8.47384615364999937981	0.00000000000000000000
3.160345	8.63999999980000055189	0.00000000000000000000
3.160345	8.80615384594999994761	0.00000000000000000000
3.160345	8.97230769209999934333	0.00000000000000000000
3.160345	9.13846153825000051540	0.00000000000000000000
3.160345	9.30461538439999991112	0.00000000000000000000
3.160345	9.47076923054999930685	0.00000000000000000000
3.160345	9.63692307670000047892	0.00000000000000000000
3.160345	9.80307692284999987464	0.00000000000000000000
3.160345	9.96923076899999927036	0.00000000000000000000
3.160345	10.13538461515000044244	0.00000000000000000000
3.160345	10.30153846129999983816	0.00000000000000000000
3.160345	10.46769230744999923388	0.00000000000000000000
3.160345	10.63384615360000040596	0.00000000000000000000
3.451394	0.00000000000000000000	0.00026499416965651383
3.451394	0.16615384615000000634	0.00026608766643273228
3.451394	0.33230769230000001269	0.00026212459503285638
3.451394	0.49846153845000001903	0.00025990414151296358
3.451394	0.66461538460000002537	0.00025903054434975203
3.451394	0.83076923074999997620	0.00025910456289716621
3.451394	0.99692307690000003806	0.00025972347738639695
3.451394	1.16307692304999998889	0.00026048108892588148
3.451394	1.32923076920000005074	0.00026096771950130332
3.451394	1.49538461534999989055	0.00026077021197559242
3.451394	1.66153846149999995241	0.00025947193008892504
3.451394	1.82769230765000001426	0.00025665275845872380
3.451394	1.99384615380000007612	0.00025188910257965770
3.451394	2.15999999995000013797	0.00024475388882364205
3.451394	2.32615384609999997778	0.00023481656443983861
3.451394	2.49230769224999981759	0.00022164309755465537
3.451394	2.65846153840000010149	0.00020479597717174675
3.451394	2.82461538454999994130	0.00018383421317201359
3.451394	2.99076923069999978111	0.00015831333631360295
3.451394	3.15692307685000006501	0.00012778539823190828
3.451394	3.32307692299999990482	0.00009179897143956957
3.451394	3.48923076915000018872	0.00004989914932647272
3.451394	3.65538461530000002853	0.00000162754615975070
3.451394	3.82153846144999986834	0.00000000000000000000
3.451394	3.98769230760000015223	0.00000000000000000000
3.451394	4.15384615374999999204	0.00000000000000000000
3.451394	4.31999999990000027594	0.00000000000000000000
3.451394	4.48615384604999967166	0.00000000000000000000
3.451394	4.65230769219999995556	0.00000000000000000000
3.451394	4.81846153835000023946	0.00000000000000000000
3.451394	4.98461538449999963518	0.00000000000000000000
3.451394	5.15076923064999991908	0.00000000000000000000
3.451394	5.31692307680000020298	0.00000000000000000000
3.451394	5.48307692294999959870	0.00000000000000000000
3.451394	5.64923076909999988260	0.00000000000000000000
3.451394	5.81538461525000016650	0.00000000000000000000
3.451394	5.98153846139999956222	0.00000000000000000000
3.451394	6.14769230754999984612	0.00000000000000000000
3.451394	6.31384615370000013002	0.00000000000000000000
3.451394	6.47999999985000041391	0.00000000000000000000
3.451394	6.64615384599999980964	0.00000000000000000000
3.451394	6.81230769215000009353	0.00000000000000000000
3.451394	6.97846153830000037743	0.00000000000000000000
3.451394	7.14461538444999977315	0.00000000000000000000
3.451394	7.31076923060000005705	0.00000000000000000000
3.451394	7.47692307675000034095	0.00000000000000000000
3.451394	7.64307692289999973667	0.00000000000000000000
3.451394	7.80923076905000002057	0.00000000000000000000
3.451394	7.97538461520000030447	0.00000000000000000000
3.451394	8.14153846135000058837	0.00000000000000000000
3.451394	8.30769230749999998409	0.00000000000000000000
3.451394	8.47384615364999937981	0.00000000000000000000
3.451394	8.63999999980000055189	0.00000000000000000000
3.451394	8.80615384594999994761	0.00000000000000000000
3.451394	8.97230769209999934333	0.00000000000000000000
3.451394	9.13846153825000051540	0.00000000000000000000
3.451394	9.30461538439999991112	0.00000000000000000000
3.451394	9.47076923054999930685	0.00000000000000000000
3.451394	9.63692307670000047892	0.00000000000000000000
3.451394	9.80307692284999987464	0.00000000000000000000
3.451394	9.96923076899999927036	0.00000000000000000000
3.451394	10.13538461515000044244	0.00000000000000000000
3.451394	10.30153846129999983816	0.00000000000000000000
3.451394	10.46769230744999923388	0.00000000000000000000
3.451394	10.63384615360000040596	0.00000000000000000000
3.741814	0.00000000000000000000	0.00026234455859943534
3.741814	0.16615384615000000634	0.00026380481559499497
3.741814	0.33230769230000001269	0.00025853500132693756
3.741814	0.49846153845000001903	0.00025556054055049148
3.741814	0.66461538460000002537	0.00025441982058581194
3.741814	0.83076923074999997620	0.00025464796190390780
3.741814	0.99692307690000003806	0.00025577681812664157
3.741814	1.16307692304999998889	0.00025733497602672941
3.741814	1.32923076920000005074	0.00025884775552774111
3.741814	1.49538461534999989055	0.00025983720970410013
3.741814	1.66153846149999995241	0.00025982212478108355
3.741814	1.82769230765000001426	0.00025831802013482213
3.741814	1.99384615380000007612	0.00025483714829230025
3.741814	2.15999999995000013797	0.00024888849493135592
3.741814	2.32615384609999997778	0.00023997777888068090
3.741814	2.49230769224999981759	0.00022760745211982041
3.741814	2.65846153840000010149	0.00021127669977917347
3.741814	2.82461538454999994130	0.00019048144013999276
3.741814	2.99076923069999978111	0.00016471432463438448
3.741814	3.15692307685000006501	0.00013346473784530852
3.741814	3.32307692299999990482	0.00009621879750657858
3.741814	3.48923076915000018872	0.00005245935450286157
3.741814	3.65538461530000002853	0.00001304224660913617
3.741814	3.82153846144999986834	0.00000000000000000000
3.741814	3.98769230760000015223	0.00000000000000000000
3.741814	4.15384615374999999204	0.00000000000000000000
3.741814	4.31999999990000027594	0.00000000000000000000
3.741814	4.48615384604999967166	0.00000000000000000000
3.741814	4.65230769219999995556	0.00000000000000000000
3.741814	4.81846153835000023946	0.00000000000000000000
3.741814	4.98461538449999963518	0.00000000000000000000
3.741814	5.15076923064999991908	0.00000000000000000000
3.741814	5.31692307680000020298	0.00000000000000000000
3.741814	5.48307692294999959870	0.00000000000000000000
3.741814	5.64923076909999988260	0.00000000000000000000
3.741814	5.81538461525000016650	0.00000000000000000000
3.741814	5.98153846139999956222	0.00000000000000000000
3.741814	6.14769230754999984612	0.00000000000000000000
3.741814	6.31384615370000013002	0.00000000000000000000
3.741814	6.47999999985000041391	0.00000000000000000000
3.741814	6.64615384599999980964	0.00000000000000000000
3.741814	6.81230769215000009353	0.00000000000000000000
3.741814	6.97846153830000037743	0.00000000000000000000
3.741814	7.14461538444999977315	0.00000000000000000000
3.741814	7.31076923060000005705	0.00000000000000000000
3.741814	7.47692307675000034095	0.00000000000000000000
3.741814	7.64307692289999973667	0.00000000000000000000
3.741814	7.80923076905000002057	0.00000000000000000000
3.741814	7.97538461520000030447	0.00000000000000000000
3.741814	8.14153846135000058837	0.00000000000000000000
3.741814	8.30769230749999998409	0.00000000000000000000
3.741814	8.47384615364999937981	0.00000000000000000000
3.741814	8.63999999980000055189	0.00000000000000000000
3.741814	8.80615384594999994761	0.00000000000000000000
3.741814	8.97230769209999934333	0.00000000000000000000
3.741814	9.13846153825000051540	0.00000000000000000000
3.741814	9.30461538439999991112	0.00000000000000000000
3.741814	9.47076923054999930685	0.00000000000000000000
3.741814	9.63692307670000047892	0.00000000000000000000
3.741814	9.80307692284999987464	0.00000000000000000000
3.741814	9.96923076899999927036	0.00000000000000000000
3.741814	10.13538461515000044244	0.00000000000000000000
3.741814	10.30153846129999983816	0.00000000000000000000
3.741814	10.46769230744999923388	0.00000000000000000000
3.741814	10.63384615360000040596	0.00000000000000000000
4.032251	0.00000000000000000000	0.00000000000000000000
4.032251	0.16615384615000000634	0.00010729887459549586
4.032251	0.33230769230000001269	0.00010520050820009887
4.032251	0.49846153845000001903	0.00010736561611017426
4.032251	0.66461538460000002537	0.00011202278411246177
4.032251	0.83076923074999997620	0.00011764800463702464
4.032251	0.99692307690000003806	0.00012296467675724963
4.032251	1.16307692304999998889	0.00012694360618984695
4.032251	1.32923076920000005074	0.00012880300529485031
4.032251	1.49538461534999989055	0.00012800849307561699
4.032251	1.66153846149999995241	0.00012427309517882770
4.032251	1.82769230765000001426	0.00011755724389448659
4.032251	1.99384615380000007612	0.00010806877815592146
4.032251	2.15999999995000013797	0.00009626294353978333
4.032251	2.32615384609999997778	0.00008284239226604726
4.032251	2.49230769224999981759	0.00006875718319801095
4.032251	2.65846153840000010149	0.00005520478184229641
4.032251	2.82461538454999994130	0.00004363006034884901
4.032251	2.99076923069999978111	0.00003572529751093686
4.032251	3.15692307685000006501	0.00003343017876515251
4.032251	3.32307692299999990482	0.00002739529729128298
4.032251	3.48923076915000018872	0.00002229535649943474
4.032251	3.65538461530000002853	0.00001719541570758650
4.032251	3.82153846144999986834	0.00001209547491573827
4.032251	3.98769230760000015223	0.00000699553412389002
4.032251	4.15384615374999999204	0.00000189559333204179
4.032251	4.31999999990000027594	0.00000000000000000000
4.032251	4.48615384604999967166	0.00000000000000000000
4.032251	4.65230769219999995556	0.00000000000000000000
4.032251	4.81846153835000023946	0.00000000000000000000
4.032251	4.98461538449999963518	0.00000000000000000000
4.032251	5.15076923064999991908	0.00000000000000000000
4.032251	5.31692307680000020298	0.00000000000000000000
4.032251	5.48307692294999959870	0.00000000000000000000
4.032251	5.64923076909999988260	0.00000000000000000000
4.032251	5.81538461525000016650	0.00000000000000000000
4.032251	5.98153846139999956222	0.00000000000000000000
4.032251	6.14769230754999984612	0.00000000000000000000
4.032251	6.31384615370000013002	0.00000000000000000000
4.032251	6.47999999985000041391	0.00000000000000000000
4.032251	6.64615384599999980964	0.00000000000000000000
4.032251	6.81230769215000009353	0.00000000000000000000
4.032251	6.97846153830000037743	0.00000000000000000000
4.032251	7.14461538444999977315	0.00000000000000000000
4.032251	7.31076923060000005705	0.00000000000000000000
4.032251	7.47692307675000034095	0.00000000000000000000
4.032251	7.64307692289999973667	0.00000000000000000000
4.032251	7.80923076905000002057	0.00000000000000000000
4.032251	7.97538461520000030447	0.00000000000000000000
4.032251	8.14153846135000058837	0.00000000000000000000
4.032251	8.30769230749999998409	0.00000000000000000000
4.032251	8.47384615364999937981	0.00000000000000000000
4.032251	8.63999999980000055189	0.00000000000000000000
4.032251	8.80615384594999994761	0.00000000000000000000
4.032251	8.97230769209999934333	0.00000000000000000000
4.032251	9.13846153825000051540	0.00000000000000000000
4.032251	9.30461538439999991112	0.00000000000000000000
4.032251	9.47076923054999930685	0.00000000000000000000
4.032251	9.63692307670000047892	0.00000000000000000000
4.032251	9.80307692284999987464	0.00000000000000000000
4.032251	9.96923076899999927036	0.00000000000000000000
4.032251	10.13538461515000044244	0.00000000000000000000
4.032251	10.30153846129999983816	0.00000000000000000000
4.032251	10.46769230744999923388	0.00000000000000000000
4.032251	10.63384615360000040596	0.00000000000000000000
4.319776	0.00000000000000000000	0.00000000000000000000
4.319776	0.16615384615000000634	0.00003941584048919137
4.319776	0.33230769230000001269	0.00003978669193631114
4.319776	0.49846153845000001903	0.00003989686659348667
4.319776	0.66461538460000002537	0.00003958095206507090
4.319776	0.83076923074999997620	0.00003872096543422613
4.319776	0.99692307690000003806	0.00003724635326292405
4.319776	1.16307692304999998889	0.00003513399159194569
4.319776	1.32923076920000005074	0.00003240818594088145
4.319776	1.49538461534999989055	0.00002914067130813113
4.319776	1.66153846149999995241	0.00002545061217090386
4.319776	1.82769230765000001426	0.00002150460248521814
4.319776	1.99384615380000007612	0.00001751666568590185
4.319776	2.15999999995000013797	0.00001374825468659222
4.319776	2.32615384609999997778	0.00001050825187973590
4.319776	2.49230769224999981759	0.00000691597694457740
4.319776	2.65846153840000010149	0.00000341177004149442
4.319776	2.82461538454999994130	0.00000000000000000000
4.319776	2.99076923069999978111	0.00000000000000000000
4.319776	3.15692307685000006501	0.00000000000000000000
4.319776	3.32307692299999990482	0.00000000000000000000
4.319776	3.48923076915000018872	0.00000000000000000000
4.319776	3.65538461530000002853	0.00000000000000000000
4.319776	3.82153846144999986834	0.00000000000000000000
4.319776	3.98769230760000015223	0.00000000000000000000
4.319776	4.15384615374999999204	0.00000000000000000000
4.319776	4.31999999990000027594	0.00000000000000000000
4.319776	4.48615384604999967166	0.00000000000000000000
4.319776	4.65230769219999995556	0.00000000000000000000
4.319776	4.81846153835000023946	0.00000000000000000000
4.319776	4.98461538449999963518	0.00000000000000000000
4.319776	5.15076923064999991908	0.00000000000000000000
4.319776	5.31692307680000020298	0.00000000000000000000
4.319776	5.48307692294999959870	0.00000000000000000000
4.319776	5.64923076909999988260	0.00000000000000000000
4.319776	5.81538461525000016650	0.00000000000000000000
4.319776	5.98153846139999956222	0.00000000000000000000
4.319776	6.14769230754999984612	0.00000000000000000000
4.319776	6.31384615370000013002	0.00000000000000000000
4.319776	6.47999999985000041391	0.00000000000000000000
4.319776	6.64615384599999980964	0.00000000000000000000
4.319776	6.81230769215000009353	0.00000000000000000000
4.319776	6.97846153830000037743	0.00000000000000000000
4.319776	7.14461538444999977315	0.00000000000000000000
4.319776	7.31076923060000005705	0.00000000000000000000
4.319776	7.47692307675000034095	0.00000000000000000000
4.319776	7.64307692289999973667	0.00000000000000000000
4.319776	7.80923076905000002057	0.00000000000000000000
4.319776	7.97538461520000030447	0.00000000000000000000
4.319776	8.14153846135000058837	0.00000000000000000000
4.319776	8.30769230749999998409	0.00000000000000000000
4.319776	8.47384615364999937981	0.00000000000000000000
4.319776	8.63999999980000055189	0.00000000000000000000
4.319776	8.80615384594999994761	0.00000000000000000000
4.319776	8.97230769209999934333	0.00000000000000000000
4.319776	9.13846153825000051540	0.00000000000000000000
4.319776	9.30461538439999991112	0.00000000000000000000
4.319776	9.47076923054999930685	0.00000000000000000000
4.319776	9.63692307670000047892	0.00000000000000000000
4.319776	9.80307692284999987464	0.00000000000000000000
4.319776	9.96923076899999927036	0.00000000000000000000
4.319776	10.13538461515000044244	0.00000000000000000000
4.319776	10.30153846129999983816	0.00000000000000000000
4.319776	10.46769230744999923388	0.00000000000000000000
4.319776	10.63384615360000040596	0.00000000000000000000
4.610772	0.00000000000000000000	0.00000000000000000000
4.610772	0.16615384615000000634	0.00002675090551589946
4.610772	0.33230769230000001269	0.00002648891971637241
4.610772	0.49846153845000001903	0.00002624302482481973
4.610772	0.66461538460000002537	0.00002577486566852168
4.610772	0.83076923074999997620	0.00002487229133298061
4.610772	0.99692307690000003806	0.00002334935516192094
4.610772	1.16307692304999998889	0.00002104631475728917
4.610772	1.32923076920000005074	0.00001782963197925387
4.610772	1.49538461534999989055	0.00001359197294620571
4.610772	1.66153846149999995241	0.00000825220803475743
4.610772	1.82769230765000001426	0.00000364718037557593
4.610772	1.99384615380000007612	0.00000000000000000000
4.610772	2.15999999995000013797	0.00000000000000000000
4.610772	2.32615384609999997778	0.00000000000000000000
4.610772	2.49230769224999981759	0.00000000000000000000
4.610772	2.65846153840000010149	0.00000000000000000000
4.610772	2.82461538454999994130	0.00000000000000000000
4.610772	2.99076923069999978111	0.00000000000000000000
4.610772	3.15692307685000006501	0.00000000000000000000
4.610772	3.32307692299999990482	0.00000000000000000000
4.610772	3.48923076915000018872	0.00000000000000000000
4.610772	3.65538461530000002853	0.00000000000000000000
4.610772	3.82153846144999986834	0.00000000000000000000
4.610772	3.98769230760000015223	0.00000000000000000000
4.610772	4.15384615374999999204	0.00000000000000000000
4.610772	4.31999999990000027594	0.00000000000000000000
4.610772	4.48615384604999967166	0.00000000000000000000
4.610772	4.65230769219999995556	0.00000000000000000000
4.610772	4.81846153835000023946	0.00000000000000000000
4.610772	4.98461538449999963518	0.00000000000000000000
4.610772	5.15076923064999991908	0.00000000000000000000
4.610772	5.31692307680000020298	0.00000000000000000000
4.610772	5.48307692294999959870	0.00000000000000000000
4.610772	5.64923076909999988260	0.00000000000000000000
4.610772	5.81538461525000016650	0.00000000000000000000
4.610772	5.98153846139999956222	0.00000000000000000000
4.610772	6.14769230754999984612	0.00000000000000000000
4.610772	6.31384615370000013002	0.00000000000000000000
4.610772	6.47999999985000041391	0.00000000000000000000
4.610772	6.64615384599999980964	0.00000000000000000000
4.610772	6.81230769215000009353	0.00000000000000000000
4.610772	6.97846153830000037743	0.00000000000000000000
4.610772	7.14461538444999977315	0.00000000000000000000
4.610772	7.31076923060000005705	0.00000000000000000000
4.610772	7.47692307675000034095	0.00000000000000000000
4.610772	7.64307692289999973667	0.00000000000000000000
4.610772	7.80923076905000002057	0.00000000000000000000
4.610772	7.97538461520000030447	0.00000000000000000000
4.610772	8.14153846135000058837	0.00000000000000000000
4.610772	8.30769230749999998409	0.00000000000000000000
4.610772	8.47384615364999937981	0.00000000000000000000
4.610772	8.63999999980000055189	0.00000000000000000000
4.610772	8.80615384594999994761	0.00000000000000000000
4.610772	8.97230769209999934333	0.00000000000000000000
4.610772	9.13846153825000051540	0.00000000000000000000
4.610772	9.30461538439999991112	0.00000000000000000000
4.610772	9.47076923054999930685	0.00000000000000000000
4.610772	9.63692307670000047892	0.00000000000000000000
4.610772	9.80307692284999987464	0.00000000000000000000
4.610772	9.96923076899999927036	0.00000000000000000000
4.610772	10.13538461515000044244	0.00000000000000000000
4.610772	10.30153846129999983816	0.00000000000000000000
4.610772	10.46769230744999923388	0.00000000000000000000
4.610772	10.63384615360000040596	0.00000000000000000000
4.901224	0.00000000000000000000	0.00000000000000000000
4.901224	0.16615384615000000634	0.00002392252154133044
4.901224	0.33230769230000001269	0.00002362242107964168
4.901224	0.49846153845000001903	0.00002320946683277585
4.901224	0.66461538460000002537	0.00002243280590022708
4.901224	0.83076923074999997620	0.00002112775207689662
4.901224	0.99692307690000003806	0.00001921578585309279
4.901224	1.16307692304999998889	0.00001670455441453101
4.901224	1.32923076920000005074	0.00001368787164233378
4.901224	1.49538461534999989055	0.00001034571811303071
4.901224	1.66153846149999995241	0.00000694424109855848
4.901224	1.82769230765000001426	0.00000383575456626087
4.901224	1.99384615380000007612	0.00000053194104584685
4.901224	2.15999999995000013797	0.00000000000000000000
4.901224	2.32615384609999997778	0.00000000000000000000
4.901224	2.49230769224999981759	0.00000000000000000000
4.901224	2.65846153840000010149	0.00000000000000000000
4.901224	2.82461538454999994130	0.00000000000000000000
4.901224	2.99076923069999978111	0.00000000000000000000
4.901224	3.15692307685000006501	0.00000000000000000000
4.901224	3.32307692299999990482	0.00000000000000000000
4.901224	3.48923076915000018872	0.00000000000000000000
4.901224	3.65538461530000002853	0.00000000000000000000
4.901224	3.82153846144999986834	0.00000000000000000000
4.901224	3.98769230760000015223	0.00000000000000000000
4.901224	4.15384615374999999204	0.00000000000000000000
4.901224	4.31999999990000027594	0.00000000000000000000
4.901224	4.48615384604999967166	0.00000000000000000000
4.901224	4.65230769219999995556	0.00000000000000000000
4.901224	4.81846153835000023946	0.00000000000000000000
4.901224	4.98461538449999963518	0.00000000000000000000
4.901224	5.15076923064999991908	0.00000000000000000000
4.901224	5.31692307680000020298	0.00000000000000000000
4.901224	5.48307692294999959870	0.00000000000000000000
4.901224	5.64923076909999988260	0.00000000000000000000
4.901224	5.81538461525000016650	0.00000000000000000000
4.901224	5.98153846139999956222	0.00000000000000000000
4.901224	6.14769230754999984612	0.00000000000000000000
4.901224	6.31384615370000013002	0.00000000000000000000
4.901224	6.47999999985000041391	0.00000000000000000000
4.901224	6.64615384599999980964	0.00000000000000000000
4.901224	6.81230769215000009353	0.00000000000000000000
4.901224	6.97846153830000037743	0.00000000000000000000
4.901224	7.14461538444999977315	0.00000000000000000000
4.901224	7.31076923060000005705	0.00000000000000000000
4.901224	7.47692307675000034095	0.00000000000000000000
4.901224	7.64307692289999973667	0.00000000000000000000
4.901224	7.80923076905000002057	0.00000000000000000000
4.901224	7.97538461520000030447	0.00000000000000000000
4.901224	8.14153846135000058837	0.00000000000000000000
4.901224	8.30769230749999998409	0.00000000000000000000
4.901224	8.47384615364999937981	0.00000000000000000000
4.901224	8.63999999980000055189	0.00000000000000000000
4.901224	8.80615384594999994761	0.00000000000000000000
4.901224	8.97230769209999934333	0.00000000000000000000
4.901224	9.13846153825000051540	0.00000000000000000000
4.901224	9.30461538439999991112	0.00000000000000000000
4.901224	9.47076923054999930685	0.00000000000000000000
4.901224	9.63692307670000047892	0.00000000000000000000
4.901224	9.80307692284999987464	0.00000000000000000000
4.901224	9.96923076899999927036	0.00000000000000000000
4.901224	10.13538461515000044244	0.00000000000000000000
4.901224	10.30153846129999983816	0.00000000000000000000
4.901224	10.46769230744999923388	0.00000000000000000000
4.901224	10.63384615360000040596	0.00000000000000000000
5.191737	0.00000000000000000000	0.00000000000000000000
5.191737	0.16615384615000000634	0.00001813783065752688
5.191737	0.33230769230000001269	0.00001797935070954064
5.191737	0.49846153845000001903	0.00001654296077050401
5.191737	0.66461538460000002537	0.00001468612638721938
5.191737	0.83076923074999997620	0.00001296550687658450
5.191737	0.99692307690000003806	0.00001163695532559249
5.191737	1.16307692304999998889	0.00001065551859133186
5.191737	1.32923076920000005074	0.00000967543730098647
5.191737	1.49538461534999989055	0.00000805014585183552
5.191737	1.66153846149999995241	0.00000685499450855495
5.191737	1.82769230765000001426	0.00000555230813880679
5.191737	1.99384615380000007612	0.00000424962176905862
5.191737	2.15999999995000013797	0.00000294693539931045
5.191737	2.32615384609999997778	0.00000164424902956229
5.191737	2.49230769224999981759	0.00000034156265981412
5.191737	2.65846153840000010149	0.00000000000000000000
5.191737	2.82461538454999994130	0.00000000000000000000
5.191737	2.99076923069999978111	0.00000000000000000000
5.191737	3.15692307685000006501	0.00000000000000000000
5.191737	3.32307692299999990482	0.00000000000000000000
5.191737	3.48923076915000018872	0.00000000000000000000
5.191737	3.65538461530000002853	0.00000000000000000000
5.191737	3.82153846144999986834	0.00000000000000000000
5.191737	3.98769230760000015223	0.00000000000000000000
5.191737	4.15384615374999999204	0.00000000000000000000
5.191737	4.31999999990000027594	0.00000000000000000000
5.191737	4.48615384604999967166	0.00000000000000000000
5.191737	4.65230769219999995556	0.00000000000000000000
5.191737	4.81846153835000023946	0.00000000000000000000
5.191737	4.98461538449999963518	0.00000000000000000000
5.191737	5.15076923064999991908	0.00000000000000000000
5.191737	5.31692307680000020298	0.00000000000000000000
5.191737	5.48307692294999959870	0.00000000000000000000
5.191737	5.64923076909999988260	0.00000000000000000000
5.191737	5.81538461525000016650	0.00000000000000000000
5.191737	5.98153846139999956222	0.00000000000000000000
5.191737	6.14769230754999984612	0.00000000000000000000
5.191737	6.31384615370000013002	0.00000000000000000000
5.191737	6.47999999985000041391	0.00000000000000000000
5.191737	6.64615384599999980964	0.00000000000000000000
5.191737	6.81230769215000009353	0.00000000000000000000
5.191737	6.97846153830000037743	0.00000000000000000000
5.191737	7.14461538444999977315	0.00000000000000000000
5.191737	7.31076923060000005705	0.00000000000000000000
5.191737	7.47692307675000034095	0.00000000000000000000
5.191737	7.64307692289999973667	0.00000000000000000000
5.191737	7.80923076905000002057	0.00000000000000000000
5.191737	7.97538461520000030447	0.00000000000000000000
5.191737	8.14153846135000058837	0.00000000000000000000
5.191737	8.30769230749999998409	0.00000000000000000000
5.191737	8.47384615364999937981	0.00000000000000000000
5.191737	8.63999999980000055189	0.00000000000000000000
5.191737	8.80615384594999994761	0.00000000000000000000
5.191737	8.97230769209999934333	0.00000000000000000000
5.191737	9.13846153825000051540	0.00000000000000000000
5.191737	9.30461538439999991112	0.00000000000000000000
5.191737	9.47076923054999930685	0.00000000000000000000
5.191737	9.63692307670000047892	0.00000000000000000000
5.191737	9.80307692284999987464	0.00000000000000000000
5.191737	9.96923076899999927036	0.00000000000000000000
5.191737	10.13538461515000044244	0.00000000000000000000
5.191737	10.30153846129999983816	0.00000000000000000000
5.191737	10.46769230744999923388	0.00000000000000000000
5.191737	10.63384615360000040596	0.00000000000000000000
