0.1043625
0.11385
0.082809376
0.056615624
0.056615624
0.109415624
0.105084376
0.056615624
0.056821876
0.112303124
0.143034376
0.058781252
0.057543752
0.112406252
0.167165624
0.066309376
0.057543752
0.129731252
0.210993752
0.088378124
0.058781252
0.153553124
0.243478124
0.119625
0.063834376
0.1885125
0.283490624
0.174590624
0.09075
0.203259376
0.3114375
0.234506252
0.134371876
0.2244
0.358565624
0.299268752
0.170671876
0.2454375
0.394968752
0.3399
0.2190375
0.280603124
0.424771876
0.4158
0.265134376
0.2990625
0.443953124
0.457256252
0.324740624
0.337321876
0.470971876
0.512943752
0.378778124
0.344231252
0.579046876
0.6249375
0.4978875
0.426834376
0.58905
0.65175
0.523359376
0.456328124
0.589771876
0.682996876
0.560484376
0.482418752
0.609571876
0.713625
0.611634376
0.527690624
0.624525
0.740746876
0.660309376
0.565331252
0.662578124
0.772509376
0.736106252
0.614315624
0.662165624
0.804478124
0.762506252
0.652884376
0.677634376
0.8171625
0.833971876
0.7107375
0.6991875
0.860475
0.872231252
0.753225
0.744975
0.8905875
0.9334875
0.802415624
0.759721876
0.919565624
0.9829875
0.8707875
0.791690624
0.948646876
1.0143375
0.9029625
0.836756252
0.969375
1.076521876
1.0902375
0.951843752
1.014956252
1.144790624
1.126125
1.005984376
1.022690624
1.1616
1.1455125
1.019390624
1.02795
1.190681252
1.2032625
1.0687875
1.031043752
1.189031252
1.229353124
1.089721876
1.065384376
1.205015624
1.278440624
1.160775
1.081575
1.239356252
1.320515624
1.192228124
1.1430375
1.275656252
1.358259376
1.248328124
1.165518752
1.2923625
1.411368752
1.316390624
1.2057375
1.324846876
1.437768752
1.372696876
1.238840624
1.337634376
1.474790624
1.426115624
1.306078124
1.497993752
1.598334376
1.494075
1.399303124
1.4916
1.612153124
1.535840624
1.425496876
1.4953125
1.634221876
1.586990624
1.460043752
1.508409376
1.655053124
1.6322625
1.497271876
1.528621876
1.672171876
1.677946876
1.539553124
1.552856252
1.7040375
1.72755
1.589568752
1.579359376
1.728890624
1.7766375
1.647834376
1.59555
1.76385
1.8261375
1.69455
1.633706252
1.785609376
1.872440624
1.748175
1.678256252
1.810978124
1.914515624
1.800459376
1.714556252
1.838718752
1.949681252
1.8335625
1.913793752
2.031768752
1.9738125
1.846865624
1.910906252
2.0497125
2.007018752
1.883165624
1.926993752
2.075184376
2.0505375
1.925756252
1.936275
2.085909376
2.099418752
1.964221876
1.957621876
2.116228124
2.145515624
2.008668752
1.980309376
2.140153124
2.193675
2.062190624
2.007740624
2.167584376
2.243793752
2.107153124
2.039915624
2.190581252
2.279371876
2.168409376
2.076009376
2.226365624
2.321446876
2.216156252
2.126540624
2.241525
2.354034376
2.287828124
2.162840624
2.4325125
2.4424125
2.314640624
2.2807125
2.418075
2.4684
2.340628124
2.292881252
2.426943752
2.516971876
2.382393752
2.322065624
2.462006252
2.553271876
2.426428124
2.344959376
2.4795375
2.58555
2.46345
2.374556252
2.478918752
2.612878124
2.504390624
2.4143625
2.520993752
2.651859376
2.584003124
2.464481252
2.544196876
2.674856252
2.648043752
2.511918752
2.556778124
2.713425
2.695996876
2.570081252
2.581115624
2.741165624
2.753231252
2.6202
2.608443752
2.770865624
2.8054125
2.717653124
2.759831252
2.910290624
2.871721876
2.7427125
2.766740624
2.924418752
2.908434376
2.769318752
2.7724125
2.9332875
2.944425
2.810156252
2.800256252
2.948446876
2.997328124
2.858521876
2.808815624
2.968865624
3.032184376
2.905753124
2.847075
2.991656252
3.080240624
2.957831252
2.879456252
3.018365624
3.117468752
3.004340624
2.919571876
3.036206252
3.164184376
3.053221876
2.964328124
3.070856252
3.1948125
3.120768752
3.009703124
3.086015624
3.228740624
3.1812
3.053634376
3.097256252
3.335578124
3.306290624
3.187593752
3.1865625
3.329081252
3.340425
3.208631252
3.195121876
3.344756252
3.389203124
3.2492625
3.206981252
3.355068752
3.425296876
3.300721876
3.230081252
3.393018752
3.455718752
3.3342375
3.272981252
3.417459376
3.498515624
3.383428124
3.299896876
3.434681252
3.527596876
3.432
3.353728124
3.445303124
3.568331252
3.4951125
3.384253124
3.476240624
3.605765624
3.5470875
3.428184376
3.481190624
3.635465624
3.603290624
3.475415624
3.5338875
3.656503124
3.582046876
3.721678124
3.785925
3.661040624
3.581634376
3.723018752
3.820368752
3.698681252
3.618140624
3.729309376
3.836868752
3.750140624
3.632578124
3.732815624
3.859659376
3.786440624
3.684553124
3.7566375
3.894618752
3.828928124
3.721059376
3.769631252
3.90555
3.891421876
3.770146876
3.7830375
3.95175
3.943603124
3.812531252
3.8115
3.975675
3.988978124
3.854193752
3.838518752
4.004756252
4.043531252
3.9133875
3.863990624
4.031981252
4.097156252
3.964331252
3.88905
4.061784376
4.0932375
4.010943752
4.1427375
4.238025
4.120359376
4.025278124
4.144490624
4.251534376
4.1608875
4.054153124
4.151193752
4.272778124
4.208943752
4.095609376
4.160784376
4.302478124
4.260609376
4.133765624
4.1848125
4.329393752
4.310625
4.182646876
4.203271876
4.356825
4.356206252
4.224825
4.2277125
4.383328124
4.411790624
4.281028124
4.261846876
4.406428124
4.460568752
4.326403124
4.281956252
4.432518752
4.5090375
4.381368752
4.311553124
4.460259376
4.555443752
4.429218752
4.3531125
4.587928124
4.4950125
4.4009625
4.502128124
4.621443752
4.54905
4.4451
4.519246876
4.6501125
4.609275
4.491093752
4.541934376
4.685793752
4.658053124
4.542759376
4.565653124
4.7103375
4.714153124
4.578440624
4.593393752
4.751793752
4.767056252
4.632168752
4.619175
4.778709376
4.828209376
4.688268752
4.650628124
4.808203124
4.875028124
4.742718752
4.682803124
4.836871876
4.91865
4.796653124
4.721990624
4.857806252
4.96155
4.851103124
4.758393752
4.886681252
5.00115
4.810575
4.9000875
5.0230125
4.980215624
4.857909376
4.913596876
5.057559376
5.023734376
4.904625
4.9388625
5.093343752
5.082928124
4.94505
4.95825
5.1228375
5.144596876
4.997746876
4.986918752
5.150681252
5.1954375
5.044978124
5.017340624
5.179659376
5.231943752
5.113865624
5.056321876
5.213690624
5.289281252
5.1649125
5.080556252
5.240193752
5.338059376
5.2201875
5.1187125
5.26845
5.376628124
5.263293752
5.172028124
5.294231252
5.418909376
5.332696876
5.218331252
5.315578124
5.398696876
5.269893752
5.320115624
5.467275
5.446031252
5.322796876
5.3530125
5.5015125
5.4973875
5.371884376
5.381784376
5.518321876
5.552559376
5.4297375
5.405193752
5.550496876
5.6038125
5.485115624
5.4363375
5.581125
5.649084376
5.539153124
5.476143752
5.608865624
5.694871876
5.5848375
5.512134376
5.645578124
5.733234376
5.6384625
5.556684376
5.664346876
5.766234376
5.691468752
5.6005125
5.687756252
5.805421876
5.746846876
5.640215624
5.704978124
5.838318752
5.8047
5.683218752
5.864203124
5.8694625
5.7498375
5.761078124
5.880393752
5.924118752
5.801296876
5.789128124
5.925871876
5.955984376
5.848218752
5.816765624
5.947940624
6.025078124
5.895140624
5.8480125
5.981353124
6.064265624
5.951446876
5.887096876
6.010846876
6.106753124
6.006206252
5.916178124
6.019406252
6.132843752
6.0559125
5.972175
6.062306252
6.177084376
6.117065624
6.008371876
6.082518752
6.20235
6.178425
6.062203124
6.105206252
6.222046876
6.219365624
6.109846876
6.126759376
6.266596876
6.155325
6.146353124
6.3050625
6.321665624
6.210703124
6.197606252
6.312281252
6.374156252
6.262059376
6.212559376
6.33765
6.421696876
6.301659376
6.248859376
6.37065
6.444075
6.348993752
6.270825
6.3966375
6.487284376
6.407878124
6.329296876
6.420459376
6.544209376
6.456140624
6.366421876
6.445003124
6.574734376
6.525853124
6.4147875
6.482643752
6.6086625
6.580303124
6.460678124
6.502340624
6.645993752
6.633515624
6.503990624
6.539053124
6.677343752
6.686934376
6.568753124
6.566381252
6.7456125
6.624440624
6.592368752
6.734268752
6.795628124
6.675796876
6.622996876
6.75675
6.838734376
6.726121876
6.658884376
6.784903124
6.878540624
6.779953124
6.701268752
6.812128124
6.911540624
6.830484376
6.746025
6.835228124
6.9568125
6.889368752
6.782221876
6.861421876
6.9861
6.947118752
6.838115624
6.884831252
7.019718752
7.003115624
6.886068752
6.906693752
7.0521
7.0591125
6.935775
6.937631252
7.075303124
7.106034376
6.980840624
6.9683625
7.115625
7.158731252
7.0351875
7.043025
7.1836875
7.223081252
7.107890624
7.063031252
7.198021876
7.264846876
7.150790624
7.093865624
7.222875
7.297125
7.197403124
7.140581252
7.247006252
7.338993752
7.245975
7.176468752
7.270828124
7.3668375
7.29465
7.212253124
7.295990624
7.409325
7.351368752
7.260206252
7.316821876
7.431393752
7.406643752
7.293618752
7.3478625
7.4674875
7.465115624
7.3453875
7.373540624
7.5062625
7.509356252
7.3998375
7.397878124
7.5384375
7.566384376
7.456968752
7.434178124
7.618153124
7.5062625
7.463156252
7.588659376
7.652390624
7.551843752
7.502756252
7.61475
7.690546876
7.605881252
7.537509376
7.647440624
7.735715624
7.65435
7.576903124
7.674768752
7.774903124
7.711171876
7.627125
7.696115624
7.80945
7.761496876
7.661259376
7.721278124
7.838221876
7.814503124
7.7121
7.747368752
7.8709125
7.869778124
7.754793752
7.7793375
7.907934376
7.925878124
7.812234376
7.804396876
7.932065624
7.970118752
7.864931252
7.831106252
7.963415624
8.021681252
7.916906252
7.992909376
8.071078124
7.966406252
7.906903124
8.020031252
8.107171876
8.020753124
7.947328124
8.049318752
8.148318752
8.073140624
7.991775
8.073965624
8.1807
8.128209376
8.036531252
8.100881252
8.215143752
8.182143752
8.082215624
8.124909376
8.252784376
8.2401
8.127281252
8.155125
8.278256252
8.285784376
8.176884376
8.186784376
8.315175
8.342503124
8.230096876
8.2165875
8.346525
8.388909376
8.273203124
8.241543752
8.375090624
8.435521876
8.33085
8.275884376
8.408193752
8.476978124
8.323734376
8.431706252
8.52885
8.4385125
8.3617875
8.4612
8.557621876
8.487496876
8.4063375
8.479143752
8.586496876
8.542359376
8.450165624
8.506575
8.618671876
8.592271876
8.492756252
8.534625
8.6571375
8.649918752
8.541328124
8.564840624
8.693643752
8.707875
8.598356252
8.58495
8.726025
8.7487125
8.641565624
8.626096876
8.744896876
8.803265624
8.696943752
8.659921876
8.772121876
8.843381252
8.743246876
8.698284376
8.808525
8.886693752
8.797696876
8.736028124
8.928768752
8.8501875
8.775318752
8.8584375
8.957334376
8.914125
8.803678124
8.878134376
8.988993752
8.9706375
8.862665624
8.902678124
9.023025
9.016115624
8.896490624
8.928871876
9.052725
9.061903124
8.952178124
8.955478124
9.091809376
9.117075
8.989818752
8.998481252
9.119859376
9.160903124
9.057778124
9.021271876
9.152343752
9.211125
9.102121876
9.052931252
9.186375
9.259696876
9.1612125
9.094696876
9.213703124
9.299606252
9.2107125
9.138318752
9.238453124
9.332503124
9.255571876
9.262068752
9.37035
9.319509376
9.232678124
9.285168752
9.398503124
9.37365
9.2701125
9.311568752
9.434596876
9.420675
9.323325
9.336009376
9.467596876
9.476465624
9.3621
9.370040624
9.5002875
9.530709376
9.415725
9.3955125
9.524934376
9.575775
9.468834376
9.426965624
9.5535
9.621975
9.516271876
9.464503124
9.589284376
9.660131252
9.569484376
9.503278124
9.617128124
9.70365
9.617540624
9.539681252
9.641465624
9.7378875
9.668896876
9.590831252
9.6685875
9.775631252
9.637856252
9.690140624
9.805331252
9.788625
9.684881252
9.7073625
9.8373
9.838021876
9.7362375
9.737578124
9.871228124
9.885975
9.778415624
9.772434376
9.906909376
9.9309375
9.824409376
9.794915624
9.931246876
9.983015624
9.876590624
9.831009376
9.959709376
10.02900938
9.928668752
9.867618752
9.991368752
10.07314688
9.975796876
9.908353124
10.0183875
10.10779688
10.03096875
9.9565125
10.0464375
10.14327188
10.08830625
9.996421876
10.06675312
10.18215
10.14234375
10.04654062
10.21370625
10.20390938
10.09748438
10.1173875
10.2427875
10.24825312
10.14347812
10.14285938
10.2700125
10.29661875
10.19318438
10.1743125
10.30394062
10.35797812
10.24093125
10.20525
10.3335375
10.40325
10.28909062
10.23711562
10.36622812
10.44769688
10.34900625
10.28011875
10.3978875
10.48595625
10.4003625
10.32827812
10.43026875
10.5274125
10.45419375
10.37571562
10.4531625
10.55700938
10.50874688
10.41459375
10.47780938
10.59516562
10.56639375
10.64940938
10.55865938
10.4874
10.5884625
10.68117188
10.60527188
10.5257625
10.6123875
10.71375938
10.65807188
10.56814688
10.633425
10.74552188
10.71066562
10.6132125
10.65796875
10.77790312
10.76511562
10.658175
10.68519375
10.80811875
10.8128625
10.70303438
10.71499688
10.84545
10.86586875
10.75356562
10.745625
10.874325
10.917225
10.805025
10.7740875
10.9027875
10.9605375
10.84895625
10.8075
11.0026125
10.90722188
10.84936875
10.95940312
11.04788438
10.95630938
10.8829875
10.98405
11.0727375
11.01199688
10.92568125
11.01158438
11.11873125
11.06263125
10.97157188
11.0290125
11.1502875
11.1123375
11.01931875
11.06252812
11.1783375
11.1705
11.06211562
11.09367188
11.2162875
11.21577188
11.11285312
11.11708125
11.25454688
11.26960312
11.15967188
11.14843125
11.2806375
11.32817812
11.20948125
11.1676125
11.36880938
11.26228125
11.20700625
11.32456875
11.40871875
11.32013438
11.2484625
11.36076562
11.4505875
11.362725
11.29321875
11.390775
11.48461875
11.41356562
11.32982812
11.41975312
11.51895938
11.46801562
11.37705938
11.43687188
11.55165
11.5236
11.42191875
11.4629625
11.58640312
11.56588125
11.46275625
11.4967875
11.61569062
11.62321875
11.51596875
11.52947812
11.65859062
11.6782875
11.5627875
11.55103125
11.68715625
11.623425
11.57578125
11.7084
11.7764625
11.66611875
11.61156562
11.7414
11.8173
11.71077188
11.6527125
11.76934688
11.85164062
11.76945
11.69004375
11.79471562
11.89350938
11.81987812
11.742225
11.81513438
11.92795312
11.87566875
11.78615625
11.842875
11.96146875
11.93207812
11.83926562
11.8738125
11.99312812
11.97838125
11.87370938
11.90423438
12.02210625
12.03726562
11.92558125
11.9229
12.05912812
11.983125
11.94589688
12.08325938
12.1345125
12.02942812
11.989725
12.11203125
12.18019688
12.077175
12.02055938
12.14430938
12.21835312
12.12554062
12.05634375
12.17390625
12.25723125
12.177825
12.105225
12.19752188
12.29765625
12.22876875
12.14915625
12.22247812
12.33189375
12.28600312
12.19442812
12.25455
12.36767812
12.33942188
12.23815312
12.27826875
12.40201875
12.3902625
12.28682812
12.30714375
12.42945
12.43749375
12.33014062
12.4603875
12.5004
12.3894375
12.35592188
12.48544688
12.54814688
12.4323375
12.3910875
12.51659062
12.59094375
12.48689062
12.42914062
12.5437125
12.63075
12.5321625
12.46801875
12.5758875
12.6649875
12.5890875
12.51164062
12.60331875
12.70231875
12.6427125
12.55340625
12.63095625
12.74429062
12.69664688
12.60414375
12.6526125
12.77048438
12.7507875
12.65055
12.67952812
12.808125
12.794925
12.69314062
12.8374125
12.86123438
12.75006562
12.73170938
12.86082188
12.92084062
12.8011125
12.76017188
12.89619375
12.95930625
12.84855
12.79874062
12.92795625
13.00426875
12.898875
12.83586562
12.95971875
13.04479688
12.9558
12.88309688
12.9908625
13.08501562
13.01014688
12.9331125
13.012725
13.12193438
13.0667625
12.97508438
13.04015625
13.1558625
13.12183125
13.01942812
13.0659375
13.18937812
13.17875625
13.06500938
13.22155312
13.22959688
13.1175
13.1170875
13.24764375
13.2787875
13.1703
13.14132188
13.27486875
13.32942188
13.22196562
13.17824062
13.30446562
13.37252812
13.270125
13.21907812
13.3307625
13.41398438
13.3183875
13.25558438
13.36551562
13.45430625
13.37129062
13.29704062
13.39583438
13.492875
13.4231625
13.339425
13.41945
13.52773125
13.4772
13.38737812
13.44430312
13.56042188
13.53587812
13.42831875
13.46719688
13.45729688
13.55619375
13.6533375
13.57444688
13.49638125
13.577025
13.67963438
13.63003125
13.53928125
13.59589688
13.71088125
13.67839688
13.5790875
13.61549062
13.74388125
13.72727812
13.62477188
13.64725312
13.7742
13.77719062
13.67530312
13.67757188
13.81142812
13.82937188
13.71840938
13.7082
13.8422625
13.88299688
13.77193125
13.73851875
13.86773438
13.9272375
13.8237
13.76997188
13.90186875
13.96859062
13.81266562
13.92249375
14.01066562
13.92507188
13.8513375
13.9495125
14.04459375
13.9717875
13.8950625
13.97024062
14.08326562
14.02799062
13.9396125
13.99375312
14.10925312
14.07645938
13.989525
14.02572188
14.14699688
14.13885
14.03397188
14.0534625
14.17319062
14.1838125
14.081925
14.07883125
14.21495625
14.23970625
14.12987812
14.1103875
14.24661562
14.29570312
14.1739125
14.13585938
14.27466562
14.33159062
14.22000938
14.30457188
14.3760375
14.28600938
14.21444062
14.321175
14.41378125
14.3438625
14.26352812
14.3484
14.44925625
14.39645625
14.30776875
14.37696562
14.484525
14.43987188
14.35242188
14.40522188
14.52154688
14.49999375
14.39150625
14.421
14.54743125
14.54980312
14.44214062
14.45668125
14.58857812
14.58672188
14.4882375
14.48514375
14.62054688
14.64364688
14.53711875
14.52061875
14.6474625
14.69964375
14.58826875
14.66788125
14.7497625
14.64034688
14.59064062
14.70222188
14.77935938
14.69149688
14.62405312
14.72800312
14.81555625
14.73749062
14.66550938
14.7609
14.85443438
14.79730312
14.70552188
14.78142188
14.88516562
14.85299062
14.75450625
14.806275
14.91878438
14.89764375
14.79668438
14.83484062
14.96003438
14.95075312
14.84226562
14.86619062
14.98622812
15.00283125
14.89341562
14.8900125
15.01860938
15.04377188
14.93858438
14.91074062
15.10440938
14.99880938
14.94405
15.07367812
15.14359688
15.04655625
14.98674375
15.0987375
15.18134062
15.10090312
15.02675625
15.12699375
15.22197188
15.14669062
15.06635625
15.15617812
15.25765312
15.19784062
15.11080312
15.1771125
15.2889
15.25992188
15.15927188
15.20413125
15.32984062
15.30591562
15.20650312
15.23455312
15.35747812
15.35881875
15.25280625
15.266625
15.39501562
15.41048438
15.30158438
15.28993125
15.41863125
15.35727188
15.31890938
15.45049688
15.51402188
15.40666875
15.35252812
15.48019688
15.55888125
15.45812812
15.3899625
15.519075
15.59961562
15.50721562
15.43523438
15.54403125
15.63405938
15.56228438
15.474525
15.57569062
15.67510312
15.61704375
15.52619062
15.59714062
15.70872188
15.66819375
15.57218438
15.62941875
15.73945312
15.72099375
15.61776562
15.65406562
15.77503125
15.774825
15.67551562
15.68397188
15.8032875
15.72130312
15.70655625
15.83309062
15.87846562
15.76224375
15.72924375
15.85959375
15.91889062
15.82236562
15.76966875
15.88671562
15.96220312
15.86650312
15.8024625
15.92858438
16.00840312
15.91476562
15.84928125
15.95106562
16.04686875
15.97189688
15.88877812
15.98004375
16.08110625
16.02304688
15.94044375
15.99819375
16.11895312
16.08275625
15.9823125
16.032225
16.15174688
16.1332875
16.0281
16.06140938
16.1737125
16.1753625
16.08554062
16.2141375
16.23383438
16.12771875
16.11482812
16.23837188
16.28312812
16.17814688
16.13916562
16.2669375
16.32695625
16.22383125
16.17381562
16.29519375
16.37346562
16.2727125
16.21269375
16.32561562
16.41399375
16.3230375
16.25415
16.35263438
16.4525625
16.37676562
16.29839062
16.38089062
16.48092188
16.43039062
16.3416
16.40409375
16.5202125
16.4868
16.38955312
16.43946562
16.55960625
16.5292875
16.6043625
16.53289688
16.4538
16.5429
16.64076562
16.58136562
16.49040938
16.56331875
16.66768125
16.63179375
16.53609375
16.5829125
16.70738438
16.68675938
16.58054062
16.6155
16.73729062
16.73234062
16.62797812
16.6340625
16.77132188
16.7784375
16.67190938
16.67025938
16.80133125
16.83546562
16.72831875
16.69408125
16.842375
16.88888438
16.77359062
16.72914375
16.860525
16.93395
16.82886562
16.76430938
16.89290625
16.878675
16.8069
16.91848125
17.00180625
16.93745625
16.8609375
16.94271562
17.0490375
16.98829688
16.89878438
16.9582875
17.07285938
17.03233125
16.94539688
16.98736875
17.10854062
17.09286562
16.99530938
17.01593438
17.14164375
17.13380625
17.03924062
17.04006562
17.17185938
17.19238125
17.0828625
17.07368438
17.20754062
17.24528438
17.13700312
17.1092625
17.24064375
17.29550625
17.18990625
17.1323625
17.25600938
17.2429125
17.18206875
17.2816875
17.3757375
17.29169062
17.22414375
17.31561562
17.413275
17.34098438
17.25920625
17.33809688
17.4425625
17.39811562
17.30262188
17.35315312
17.4755625
17.45112188
17.35624688
17.39687812
17.51495625
17.50309688
17.38615312
17.41843125
17.54506875
17.55507188
17.44287188
17.44761562
17.57518125
17.59879688
17.49680625
17.47814062
17.60715
17.65850625
17.55001875
17.50866562
17.6298375
17.68789688
17.54228438
17.65685625
17.73842812
17.650875
17.581575
17.69037188
17.77699688
17.7040875
17.62499062
17.71058438
17.81288438
17.7585375
17.66252812
17.738325
17.85000938
17.80958438
17.70841875
17.75967188
17.8814625
17.85908438
17.75781562
17.78875312
17.91456562
17.91209062
17.80917188
17.81742188
17.94766875
17.95715625
17.855475
17.84980312
17.97901875
18.01573125
17.90879062
17.88239062
18.00634688
18.05625938
17.95138125
18.0349125
18.11266875
18.01150312
17.95416562
18.06141562
18.14401875
18.05914688
17.99108438
18.09585938
18.18186562
18.119475
18.03346875
18.11792812
18.22115625
18.16629375
18.08214375
18.14329688
18.25663125
18.21785625
18.11885625
18.16639688
18.29004375
18.27529688
18.16722188
18.20465625
18.32129062
18.32170312
18.22022812
18.23105625
18.35841562
18.37450312
18.26436562
18.25673438
18.38729062
18.42606562
18.307575
18.40997812
18.47783438
18.37006875
18.32386875
18.43967812
18.52217812
18.41822812
18.35408438
18.46380938
18.55455938
18.47164688
18.39760312
18.494025
18.59230312
18.52568438
18.44050312
18.5216625
18.62540625
18.5794125
18.48598125
18.54950625
18.66345938
18.63530625
18.53589375
18.57580312
18.69707812
18.68233125
18.58322812
18.604575
18.72698438
18.73647188
18.63149062
18.6371625
18.76431562
18.78989062
18.6718125
18.65634375
18.83753438
18.736575
18.6916125
18.8161875
18.88455938
18.78184688
18.72904688
18.84619688
18.92364375
18.83134688
18.76245938
18.87249375
18.96458438
18.87857812
18.8095875
18.90353438
18.99779062
18.93942188
18.850425
18.93014062
19.038525
18.9910875
18.89610938
18.957675
19.07513438
19.0405875
18.94509375
18.9861375
19.10844375
19.10112188
18.9886125
19.01346562
19.13845312
19.1494875
19.04357812
19.03120312
19.20239062
19.09895625
19.06471875
19.19249062
19.2522
19.14587812
19.09648125
19.22085
19.29283125
19.19042812
19.13474062
19.25189062
19.33542188
19.24395
19.17485625
19.277775
19.36666875
19.28984062
19.2187875
19.30757812
19.41132188
19.35223125
19.25849062
19.3375875
19.4481375
19.40503125
19.30561875
19.3623375
19.47165
19.45453125
19.35192188
19.39678125
19.51527188
19.50351562
19.40946562
19.41255938
19.53785625
19.50155625
19.60189688
19.5570375
19.47402188
19.52960625
19.64263125
19.6180875
19.50351562
19.54084688
19.65284062
19.6510875
19.55889375
19.55600625
19.70038125
19.70357812
19.59756562
19.60581562
19.72812188
19.76555625
19.65789375
19.62035625
19.75215
19.8119625
19.69089375
19.65572812
19.78484062
19.84475625
19.73554688
19.70265
19.81515938
19.88693438
19.79948438
19.739775
19.85929688
19.92694688
19.8462
19.86661875
19.97056875
19.9051875
19.81711875
19.88569688
19.99377188
19.95778125
19.86620625
19.9109625
20.02419375
20.00614688
19.91900625
19.93715625
20.0677125
20.0553375
19.96005
19.97386875
20.09349375
20.11195312
20.00222812
20.01047812
20.1353625
20.15423438
20.05059375
20.02759688
20.16155625
20.206725
20.1023625
20.068125
20.19713438
20.261175
20.15578125
20.09545312
20.22301875
20.29850625
20.19074062
20.12896875
20.17712812
20.29974375
20.365125
20.26334062
20.21610938
20.32614375
20.40328125
20.30644688
20.24250938
20.35800938
20.44040625
20.34645938
20.282625
20.381625
20.47062188
20.40235312
20.32078125
20.40317812
20.50681875
20.45835
20.36955938
20.42916562
20.54085
20.50898438
20.408025
20.4529875
20.57828438
20.56281562
20.45865938
20.48361562
20.61891562
20.6237625
20.50527188
20.51640938
20.665425
20.68006875
20.54487188
20.67790312
20.7409125
20.617575
20.56611562
20.70966562
20.77958438
20.68749375
20.60860312
20.7442125
20.83063125
20.72585625
20.66264062
20.78061562
20.8621875
20.78071875
20.70677812
20.79350625
20.90715
20.83011562
20.752875
20.8296
20.9339625
20.89003125
20.79639375
20.85610312
20.9603625
20.94695625
20.83516875
20.8778625
21.00707812
20.9950125
20.89044375
20.912925
21.0379125
21.04853438
20.9323125
21.06173438
21.10236562
21.0007875
20.96139375
21.09452812
21.1459875
21.04172812
20.99439375
21.11639062
21.19043438
21.09267188
21.031725
21.14361562
21.2367375
21.14010938
21.08009062
21.17176875
21.27025312
21.19435312
21.11288438
21.2091
21.3052125
21.247875
21.15516562
21.22900312
21.34244062
21.29665312
21.21023438
21.25890938
21.37183125
21.35368125
21.24735938
21.28438125
21.40854375
21.40730625
21.29582812
21.30789375
21.46680938
21.3563625
21.33068438
21.46350938
21.51331875
21.40276875
21.36069375
21.48784688
21.55663125
21.45195938
21.4009125
21.51878438
21.59055938
21.50372812
21.4372125
21.54745312
21.63737812
21.55425938
21.47897812
21.57478125
21.67749375
21.61159688
21.52785938
21.60045938
21.70874062
21.66563438
21.56941875
21.62881875
21.7432875
21.71781562
21.61840312
21.65470312
21.77742188
21.77030625
21.66511875
21.67831875
21.82774688
21.71946562
21.7020375
21.82898438
21.8785875
21.76772812
21.7358625
21.85889062
21.92035312
21.81485625
21.76690312
21.8884875
21.96645
21.86270625
21.80670938
21.91560938
22.0011
21.91756875
21.84569062
21.95551875
22.05132188
21.97975312
21.89147812
21.98037188
22.0848375
22.02677812
21.9396375
22.00594688
22.12969688
22.09484062
21.98625
22.023375
22.1483625
22.12887188
22.03141875
22.04565
22.16341875
22.0935
22.08659062
22.20745312
22.23570938
22.1298
22.10855625
22.2523125
22.28252812
22.18455938
22.14320625
22.24705312
22.33584375
22.23065625
22.16506875
22.29820312
22.36131562
22.27324688
22.22818125
22.32336562
22.41494062
22.3257375
22.25416875
22.33326562
22.45103438
22.391325
22.30253438
22.37998125
22.48599375
22.4445375
22.33429688
22.39545
22.52012812
22.49218125
22.3826625
22.4280375
22.5489
22.53312188
22.6103625
22.51559062
22.43556562
22.54395
22.6450125
22.56024375
22.49290312
22.57952812
22.67326875
22.62737812
22.53755625
22.5963375
22.69977188
22.67151562
22.5773625
22.61964375
22.75401562
22.72596562
22.62201562
22.64614688
22.7704125
22.76618438
22.66326562
22.67203125
22.80805312
22.82259375
22.71111562
22.70874375
22.84569375
22.88436562
22.76525625
22.7299875
22.87539375
22.93355625
22.8141375
22.76896875
22.97439375
22.87065
22.81465312
22.91447812
23.00997188
22.92355312
22.84476562
22.94799375
23.04194062
22.97315625
22.89447188
22.97222812
23.07927188
23.02791562
22.93118438
22.99873125
23.11433438
23.0855625
22.98233438
23.02544062
23.15249062
23.1342375
23.03461875
23.0505
23.18549062
23.18569688
23.07370312
23.08700625
23.23024688
23.2505625
23.1276375
23.1119625
23.249325
23.29315312
23.181675
23.13691875
23.27294062
23.25159375
23.1944625
23.31522188
23.394525
23.30924062
23.22777188
23.35028438
23.44000312
23.35430625
23.2819125
23.36699062
23.47155938
23.40555938
23.31883125
23.39153438
23.50249688
23.45980312
23.36018438
23.42309062
23.53859062
23.51590312
23.41463438
23.44020938
23.57251875
23.55436875
23.45825625
23.47568438
23.600775
23.6049
23.50002188
23.50033125
23.63697188
23.6614125
23.54694375
23.53219688
23.6511
23.61541875
23.57025
23.66811562
23.7554625
23.66048438
23.58448125
23.71122188
23.79970312
23.7084375
23.63893125
23.73545625
23.83600312
23.75824688
23.67017812
23.76886875
23.86786875
23.8148625
23.71988438
23.79238125
23.90138438
23.85920625
23.77247812
23.818575
23.94088125
23.9237625
23.82404062
23.84363438
23.96820938
23.9732625
23.86797188
23.87570625
24.00389062
24.02410312
23.9146875
23.90612812
24.0252375
24.06555938
23.92551562
24.05514375
24.12196875
24.02327812
23.96284688
24.0834
24.16755
24.07030312
24.00389062
24.11134688
24.20044688
24.1192875
24.04524375
24.13712812
24.23715938
24.17745
24.09020625
24.1663125
24.2719125
24.23179688
24.1366125
24.18992812
24.30676875
24.27789375
24.18023438
24.21653438
24.3420375
24.3337875
24.22746562
24.25139062
24.37307812
24.38751562
24.27510938
24.27624375
24.40618125
24.424125
24.29325938
24.42680625
24.4905375
24.381225
24.3309
24.4517625
24.53127188
24.43082812
24.3709125
24.48043125
24.57283125
24.48043125
24.4146375
24.51178125
24.62068125
24.53787188
24.45454688
24.54570938
24.64656562
24.59789062
24.48909375
24.57004688
24.68595938
24.65615625
24.5532375
24.6076875
24.71091562
24.69885
24.5928375
24.62965312
24.73071562
24.75020625
24.64955625
24.6411
24.76794375
24.79125
24.68039062
24.80042812
24.85034062
24.75825
24.70740938
24.83507812
24.89829375
24.7908375
24.74071875
24.86993438
24.93284062
24.83817188
24.79104375
24.8919
24.97708125
24.88426875
24.81507188
24.91809375
25.01884688
24.93923438
24.87117188
24.94604062
25.04885625
25.00245
24.90932812
24.97367812
25.06329375
25.06174688
24.9459375
24.973575
25.11434062
25.10196562
25.006575
25.02534375
25.1571375
25.1530125
25.0474125
25.17147188
25.20024375
25.11104062
25.07566875
25.19529375
25.24974375
25.14775312
25.11908438
25.22757188
25.28728125
25.20900938
25.13548125
25.25335312
25.34492812
25.24819688
25.17188438
25.2808875
25.37751562
25.311
25.2252
25.30326562
25.4038125
25.35297188
25.26139688
25.32760312
25.45351875
25.415775
25.31904375
25.35647812
25.48775625
25.45455
25.35730312
25.38504375
25.50405
25.5110625
25.39050938
25.40649375
25.49157188
25.455375
25.57809375
25.64378438
25.53158438
25.48156875
25.59005625
25.66935938
25.57056562
25.51168125
25.62604688
25.70834062
25.61295
25.542
25.64656875
25.7395875
25.66832812
25.577475
25.67338125
25.77990938
25.7197875
25.63264688
25.69771875
25.81662188
25.78269375
25.67430938
25.717725
25.84745625
25.83075
25.71308438
25.74113438
25.8814875
25.88715938
25.77073125
25.79135625
25.90262812
25.93604062
25.79764688
25.92789375
25.99296562
25.89169688
25.831575
25.95171562
26.04040312
25.93439062
25.88365312
26.00410312
26.0704125
25.99564688
25.91912812
26.01606562
26.1050625
26.0365875
25.96120312
26.0357625
26.146725
26.090625
25.99523438
26.07360938
26.1718875
26.14455938
26.04370312
26.09567812
26.21220938
26.20107188
26.08753125
26.11919062
26.23551562
26.26408125
26.1413625
26.14992188
26.2890375
26.29326562
26.17580625
26.3080125
26.36318438
26.25036562
26.20787812
26.333175
26.39824688
26.2948125
26.24046562
26.36555625
26.43619688
26.34874688
26.28728438
26.3835
26.47734375
26.39690625
26.31554062
26.42670938
26.50910625
26.45084062
26.37009375
26.433825
26.54819062
26.50663125
26.41124062
26.46651562
26.58964688
26.5530375
26.4589875
26.50116562
26.62017188
26.61006562
26.49013125
26.52735938
26.65389375
26.645025
26.53633125
26.67833438
26.71329375
26.61047812
26.57624062
26.70793125
26.76114375
26.65812188
26.60645625
26.73309375
26.80620938
26.70174375
26.65471875
26.76681562
26.84436562
26.75145
26.68978125
26.79569062
26.88437812
26.808375
26.72443125
26.819925
26.920575
26.8615875
26.77424062
26.84065312
26.9572875
26.91923438
26.81569688
26.86963125
26.98925625
26.97285938
26.86622812
26.89943438
27.0298875
27.01761562
26.904075
27.05020312
27.07949062
26.96739375
26.94615
27.0831
27.12218438
27.01864688
26.98234688
27.11011875
27.1816875
27.0670125
27.01431562
27.1359
27.21901875
27.10815938
27.057525
27.16168125
27.26109375
27.18271875
27.11372812
27.19684688
27.28543125
27.22118438
27.14693438
27.2196375
27.3285375
27.27305625
27.1821
27.243975
27.35751562
27.32998125
27.23087812
27.28780312
27.40330312
27.37319062
27.272025
27.30141562
27.437025
27.34287188
27.32822812
27.45538125
27.48673125
27.38164688
27.34854375
27.46775625
27.53571562
27.423825
27.38226562
27.51900938
27.57665625
27.48518438
27.42351562
27.54644062
27.63358125
27.53138438
27.456825
27.57088125
27.6494625
27.58078125
27.50055
27.60016875
27.68792812
27.6568875
27.54087188
27.60676875
27.72360938
27.68256562
27.58305
27.646575
27.76176562
27.73010625
27.63358125
27.66781875
27.80559375
27.69287812
27.71102812
27.81405
27.83539688
27.73289062
27.72134062
27.84158438
27.89923125
27.7864125
27.74464688
27.88180312
27.94945312
27.83085938
27.7728
27.91274062
27.98461875
27.88551562
27.8235375
27.93945
28.0297875
27.940275
27.87241875
27.96760312
28.05144375
27.99410625
27.90954375
27.9926625
28.09362188
28.044225
27.96059062
28.0104
28.12950938
28.09681875
27.99977812
28.02916875
28.15910625
28.06433438
28.0660875
28.19623125
28.20705938
28.1040375
28.09094062
28.22809688
28.258725
28.14497812
28.11775312
28.24995938
28.30523438
28.20087188
28.15085625
28.28069062
28.35555938
28.24965
28.20076875
28.31616562
28.39165312
28.30193438
28.23253125
28.34256562
28.4249625
28.35081562
28.27708125
28.36587188
28.46353125
28.41485625
28.31637188
28.38546562
28.512
28.46311875
28.36587188
28.42640625
28.51829062
28.50189375
28.59480938
28.51643438
28.44084375
28.53932812
28.63296562
28.56304688
28.46652188
28.54530938
28.65565312
28.60140938
28.5198375
28.56655312
28.69339688
28.6633875
28.56335625
28.5874875
28.71216562
28.71226875
28.6081125
28.62842812
28.748775
28.75444688
28.64657812
28.67380312
28.78785938
28.81137188
28.7203125
28.68009375
28.81467188
28.86520312
28.7529
28.72299375
28.85076562
28.91243438
28.801575
28.75197188
28.94295938
28.85839688
28.80002812
28.89665625
28.9900875
28.9141875
28.83055312
28.92377812
29.01855
28.96358438
28.884075
28.94543438
29.05536562
29.029275
28.9117125
28.98111562
29.09393438
29.07021562
28.96337812
28.99369688
29.12745
29.12507812
29.0181375
29.03391562
29.16075938
29.16106875
29.06083125
29.06052188
29.1963375
29.22469688
29.11486875
29.08723125
29.21840625
29.26790625
29.17519688
29.11394062
29.235525
29.2182
29.15931562
29.2776
29.36360625
29.28265312
29.20860938
29.29636875
29.39361562
29.32235625
29.2392375
29.32844062
29.42764688
29.38093125
29.29100625
29.34525
29.46095625
29.4327
29.32885312
29.37340312
29.49612188
29.483025
29.38185938
29.400525
29.53139062
29.53283438
29.43043125
29.4256875
29.5601625
29.58676875
29.4760125
29.45961562
29.58934688
29.63791875
29.5263375
29.4941625
29.61739688
29.5857375
29.52736875
29.63998125
29.72196562
29.63265938
29.56036875
29.67700312
29.7730125
29.68545938
29.60316562
29.70979688
29.8027125
29.74795312
29.65225312
29.73660938
29.84592188
29.79796875
29.70825
29.74300312
29.8761375
29.85118125
29.74558125
29.78384062
29.9008875
29.88088125
29.80240312
29.8018875
29.93161875
29.95018125
29.83787812
29.84715938
29.963175
30.00576562
29.89232812
29.86335
29.97163125
30.03763125
29.89335938
30.0267
30.0914625
29.99431875
29.93357812
30.05939062
30.13116562
30.03402188
29.96925938
30.05330625
30.1558125
30.09868125
30.01772812
30.10930312
30.19881562
30.133125
30.060525
30.12714375
30.24388125
30.19768125
30.1071375
30.15323438
30.26481562
30.25378125
30.143025
30.1912875
30.2795625
30.2770875
30.1888125
30.19407188
30.34329375
30.33855
30.25739062
30.24058125
30.3661875
30.38536875
30.2676
30.39248438
30.4552875
30.33751875
30.30039375
30.3892875
30.49705312
30.39269062
30.32648438
30.44136562
30.52592812
30.4453875
30.385575
30.48797812
30.58677188
30.50406562
30.41465625
30.49272188
30.6029625
30.55583438
30.48106875
30.52520625
30.62616562
30.59997188
30.51819375
30.570375
30.68267812
30.67123125
30.55851562
30.58831875
30.71010938
30.71774062
30.6046125
30.60306562
30.73805625
30.7448625
30.65627812
30.7588875
30.81839062
30.70804688
30.6702
30.78642188
30.86417812
30.75661875
30.70835625
30.822825
30.9049125
30.80240625
30.74042812
30.84417188
30.94750312
30.85799062
30.78508125
30.87510938
30.98555625
30.91161562
30.82664062
30.91739062
31.02670312
30.97771875
30.86995312
30.93440625
31.05320625
31.03949062
30.92027812
30.95987812
31.0930125
31.06857188
30.96575625
30.99184688
31.12446562
31.13642812
31.027425
31.0237125
31.1895375
31.08383438
31.048875
31.17417188
31.2382125
31.13055
31.09847812
31.20820312
31.2736875
31.18190625
31.1235375
31.232025
31.316175
31.2340875
31.16282812
31.25904375
31.347525
31.28699062
31.20098438
31.284825
31.39846875
31.32885938
31.24470938
31.31205
31.42610625
31.38444375
31.30225312
31.34154375
31.45745625
31.44508125
31.34577188
31.37701875
31.496025
31.49375625
31.3764
31.39032188
31.41331875
31.47467812
31.57491562
31.5451125
31.4609625
31.49550938
31.60502812
31.59595312
31.50654375
31.5096375
31.63895625
31.65452812
31.5335625
31.53407812
31.67855625
31.69804688
31.58316562
31.57955625
31.70609062
31.74610312
31.62905625
31.593375
31.72516875
31.78333125
31.6861875
31.6234875
31.7612625
31.8417
31.73372812
31.66453125
31.7934375
31.87965
31.78786875
31.7175375
31.819425
31.88769375
31.81385625
31.8338625
31.94255625
31.88686875
31.79385
31.86284062
31.971225
31.95565312
31.84355625
31.88738438
31.99628438
31.9889625
31.8850125
31.920075
32.04165938
32.04434062
31.9419375
31.951425
32.0706375
32.08930312
31.99236562
31.97462812
32.10600938
32.1440625
32.03877188
32.00123438
32.1193125
32.19129375
32.08909688
32.03650312
32.16520312
32.25193125
32.14045312
32.08033125
32.20088438
32.28008438
32.16891562
32.2125375
32.31700312
32.25853125
32.16695625
32.23161562
32.3387625
32.30638125
32.22027188
32.26647188
32.39414062
32.35742812
32.24295938
32.29101562
32.42074688
32.413425
32.30225625
32.33577188
32.45694375
32.46405938
32.35010625
32.37135
32.47849688
32.5116
32.39001562
32.37733125
32.50396875
32.55687188
32.46529688
32.42105625
32.545425
32.6374125
32.50572188
32.4798375
32.54325938
32.64555938
32.53191562
32.45787188
32.68949062
32.6044125
32.5210875
32.58729375
32.69701875
32.6522625
32.58595312
32.63194688
32.75342812
32.70990938
32.61451875
32.6563875
32.78725312
32.77663125
32.6555625
32.67340312
32.81468438
32.830875
32.71073438
32.71063125
32.830875
32.85449062
32.74950938
32.74280625
32.85335625
32.91945938
32.83974375
32.79447188
32.882025
32.98494375
32.85861562
32.82437812
32.90172188
33.01371562
32.90543438
32.83345312
33.02784375
32.951325
32.8948125
32.97865312
33.08415
33.00917812
32.92935938
32.98112812
33.11787188
33.07455938
32.97267188
33.02320312
33.1348875
33.12890625
33.02609062
33.05878125
33.18345938
33.170775
33.06115312
33.07600312
33.208725
33.21480938
33.11941875
33.11364375
33.24884062
33.2693625
33.16200938
33.1439625
33.27482812
33.31865625
33.22584375
33.17871562
33.30834375
33.36846562
33.27369375
33.21955312
33.32412188
33.32783438
33.25915312
33.34990312
33.44684062
33.3782625
33.30999375
33.36310312
33.49180312
33.43333125
33.34268438
33.41198438
33.50964375
33.49778438
33.39105
33.42105938
33.56832188
33.551925
33.4422
33.46272188
33.60235312
33.61545
33.48479062
33.480975
33.62504062
33.66134062
33.5374875
33.53026875
33.64948125
33.72785625
33.60214688
33.54192188
33.68959688
33.7503375
33.64958438
33.59740312
33.70970625
33.78395625
33.64515
33.74476875
33.8287125
33.74920312
33.68124375
33.79055625
33.8625375
33.80674688
33.72280312
33.79643438
33.8864625
33.86305312
33.7701375
33.8130375
33.93998438
33.88996875
33.82304062
33.83634375
33.96875625
33.96133125
33.83180625
33.87728438
34.00134375
34.02021562
33.89234062
33.90450938
34.03052812
34.05548438
33.94947188
33.9310125
34.06693125
34.12272188
34.01093438
33.9623625
34.09611562
34.142625
34.01609062
34.13220938
34.20264375
34.11550312
34.03764375
34.1405625
34.23646875
34.17418125
34.08105938
34.15530938
34.25575312
34.22739375
34.12849688
34.18490625
34.30133438
34.26730312
34.1884125
34.21419375
34.33887188
34.32732188
34.22161875
34.24348125
34.37475938
34.37310938
34.27029375
34.27318125
34.39693125
34.42900312
34.32474375
34.31102812
34.43931562
34.48015312
34.36754062
34.33866562
34.45437188
34.50830625
34.40848125
34.53615
34.43168438
34.4408625
34.55584688
34.58327812
34.47190312
34.45767188
34.58864062
34.6289625
34.51573125
34.48665
34.61720625
34.6784625
34.568325
34.51934062
34.64979375
34.7197125
34.609575
34.55007188
34.67248125
34.75982812
34.66062188
34.5943125
34.70847188
34.79674688
34.71197812
34.64360625
34.72827188
34.845525
34.7840625
34.68939375
34.76044688
34.86749062
34.83325312
34.72765312
34.7857125
34.84655625
34.75797188
34.86707812
34.96494375
34.90502812
34.83015938
34.86522188
34.9762875
34.964325
34.83954375
34.89925312
35.02723125
34.99784062
34.90337812
34.93926562
35.04218438
35.0592
34.95060938
34.95164062
35.09189062
35.08364062
34.99680938
34.97608125
35.10034688
35.1495375
35.04527812
35.02135312
35.13675
35.20140938
35.09240625
35.05816875
35.16500625
35.241525
35.1351
35.08240312
35.20048125
35.26431562
35.12922188
35.2237875
35.29752188
35.25585938
35.19305625
35.23843125
35.33939062
35.295975
35.23461562
35.26452188
35.35351875
35.35599375
35.2567875
35.29133438
35.434575
35.42931562
35.325675
35.32041562
35.4382875
35.4453
35.3508375
35.34990938
35.47603125
35.5059375
35.40188438
35.37960938
35.51140312
35.56925625
35.4424125
35.40188438
35.53625625
35.62710938
35.50294688
35.44375312
35.5537875
35.62484062
35.4948
35.57905312
35.68444688
35.62772812
35.513775
35.6082375
35.73600938
35.67104062
35.56874062
35.62669688
35.75436562
35.71785938
35.61535312
35.65876875
35.794275
35.7460125
35.6767125
35.68279688
35.81098125
35.81933438
35.716725
35.73260625
35.84099062
35.86945312
35.7674625
35.75147812
35.86388438
35.92194375
35.80469062
35.78633438
35.90296875
35.97165
35.87172188
35.81180625
35.93968125
35.9918625
35.90595938
35.9568
36.04538438
35.97422812
35.88842812
35.9770125
36.10550625
36.018675
35.92534688
36.00887812
36.14995312
36.09323438
35.97804375
36.02414062
36.17903438
36.14593125
36.02053125
36.06765938
36.19605
36.19584375
36.08735625
36.09199688
36.228225
36.252975
36.14593125
36.13005
36.25514062
36.2880375
36.18212812
36.16274062
36.28009688
36.34970625
36.24895312
36.2022375
36.32124375
36.39755625
36.25493438
36.22595625
36.4406625
36.35310938
36.27782812
36.37084688
36.46077188
36.39972188
36.3226875
36.40529062
36.50284688
36.44344688
36.35826562
36.43035
36.5289375
36.51965625
36.39250312
36.43829062
36.5685375
36.56008125
36.46066875
36.46644375
36.59514375
36.60184688
36.49377188
36.50264062
36.63010312
36.66021562
36.554925
36.53326875
36.66908438
36.70816875
36.59545312
36.56214375
36.68115
36.75395625
36.66186562
36.58782188
36.802425
36.70651875
36.6386625
36.7384875
36.817275
36.76437188
36.68115
36.75797812
36.86955938
36.8333625
36.7228125
36.7846875
36.89595938
36.8709
36.77241562
36.80799375
36.94164375
36.91410938
36.8069625
36.85223438
36.96979688
36.95721562
36.870075
36.87533438
37.005375
37.02857812
36.9109125
36.91947188
37.02703125
37.06879688
36.9678375
36.94030312
37.059
37.11066562
37.01383125
36.96525938
37.0874625
37.06250625
37.01166562
37.11613125
37.19368125
37.11850312
37.03765312
37.14975
37.24039688
37.17728438
37.086225
37.17089062
37.26720938
37.221525
37.12984688
37.19481562
37.30845938
37.26782812
37.17604688
37.205025
37.34878125
37.33032188
37.223175
37.24483125
37.38374062
37.3943625
37.27071562
37.27937812
37.41436875
37.44200625
37.32815625
37.30020938
37.42365
37.49851875
37.37672812
37.34331562
37.46211562
37.41684375
37.53915
37.52254688
37.44025312
37.455825
37.58235938
37.59009375
37.4851125
37.45922812
37.59720938
37.62835312
37.5230625
37.4760375
37.61938125
37.67713125
37.56750938
37.54884375
37.64743125
37.72446562
37.63619062
37.5709125
37.68166875
37.7771625
37.65196875
37.59195
37.70425312
37.79056875
37.7103375
37.64165625
37.73312812
37.8456375
37.76705625
37.68909375
37.75004062
37.87977188
37.83594375
37.71786562
37.90163438
37.87482188
37.7697375
37.81748438
37.9339125
37.93257188
37.82985938
37.83965625
37.95484688
37.97619375
37.88781562
37.84285312
37.99712812
38.04704062
37.92205312
37.88760938
38.0238375
38.0782875
37.9764
37.89874688
38.0655
38.114175
38.00517188
37.97980312
38.0997375
38.15779688
38.07065625
38.00558438
38.1046875
38.20100625
38.11768125
38.04126562
38.1426375
38.23328438
38.17161562
38.0576625
38.26917188
38.22895312
38.140575
38.16625312
38.29598438
38.28154688
38.18574375
38.21090625
38.32455
38.34197812
38.23926562
38.23111875
38.34960938
38.39684062
38.29103438
38.25679688
38.3922
38.44551562
38.30990625
38.29041562
38.41911562
38.4726375
38.37869062
38.328675
38.45067188
38.52636562
38.42942812
38.36549062
38.47583438
38.55905625
38.47789688
38.40890625
38.50460625
38.59535625
38.5369875
38.43417188
38.5114125
38.59195312
38.50708125
38.54513438
38.6764125
38.653725
38.54204062
38.56410938
38.71467188
38.71704375
38.59339688
38.60443125
38.74602188
38.75489062
38.64537188
38.62505625
38.77118438
38.81728125
38.703225
38.6661
38.79366562
38.84904375
38.7486
38.70745312
38.82718125
38.89813125
38.79376875
38.7358125
38.84533125
38.93236875
38.85471562
38.78871562
38.88977812
38.96856562
38.90772188
38.83089375
38.8966875
39.00538125
38.87100938
38.92824375
39.04786875
39.02404688
38.907
38.9329875
39.0608625
39.0641625
38.96949375
38.985375
39.10768125
39.13119375
39.00795938
39.00074062
39.13418438
39.17192812
39.06921562
39.01755
39.17832188
39.21555
39.10262812
39.07540312
39.19564688
39.26700938
39.17378438
39.11706562
39.2436
39.30929062
39.199875
39.13851562
39.26205938
39.35476875
39.26154375
39.2044125
39.28876875
39.3694125
39.2192625
39.30000938
39.4263375
39.37549688
39.27360938
39.32094375
39.4444875
39.4337625
39.32424375
39.35260312
39.46201875
39.47429062
39.36889688
39.3822
39.50357812
39.52255312
39.42087188
39.4086
39.53492812
39.58566562
39.47243438
39.41829375
39.56648438
39.63444375
39.53410312
39.47274375
39.59927812
39.671775
39.5731875
39.51884062
39.63269062
39.71199375
39.62794688
39.56710312
39.66084375
39.7472625
39.66445312
39.67528125
39.78449062
39.73643438
39.64021875
39.70333125
39.81924375
39.79377188
39.69219375
39.72921562
39.84811875
39.83625938
39.73963125
39.76066875
39.87812812
39.8908125
39.78748125
39.78490312
39.92855625
39.94969688
39.83027812
39.816975
39.95454375
39.99166875
39.88524375
39.85719375
39.99754688
40.03838436
39.94020938
39.88720312
40.01940936
40.095825
39.98517188
39.92556562
40.05024376
40.13222812
40.01745
40.07324064
40.15326564
40.10469376
40.00724064
40.08747188
40.18678124
40.14584064
40.06055624
40.100775
40.22916564
40.20998436
40.10933436
40.13800312
40.26814688
40.25577188
40.153575
40.17069376
40.29650624
40.2996
40.21359376
40.19204064
40.32569064
40.36735312
40.27392188
40.22916564
40.36797188
40.39921876
40.30083752
40.255875
40.37085936
40.43438436
40.33569376
40.28897812
40.4085
40.49821876
40.40654064
40.33816876
40.38931876
40.39148436
40.49151564
40.55473124
40.45480312
40.415925
40.52936252
40.59144376
40.50791252
40.45036876
40.55246252
40.64445
40.55297812
40.4745
40.587525
40.684875
40.5966
40.52791876
40.60340624
40.71601876
40.64878124
40.54875
40.64063436
40.74252188
40.70075624
40.57886252
40.64352188
40.76995312
40.74736876
40.66755
40.68879376
40.8045
40.80233436
40.69395
40.72426876
40.823475
40.752525
40.74025312
40.86503436
40.92237188
40.81955624
40.76459064
40.89710624
40.95011252
40.83048752
40.79119688
40.93412812
40.99486876
40.88844376
40.83760312
40.95104064
41.02199064
40.94299688
40.86874688
40.98208124
41.074275
41.00559376
40.94444064
40.99229064
41.11934064
41.05519688
40.950525
41.03756252
41.15636252
41.12160936
41.0157
41.07045936
41.17234688
41.158425
41.05468124
41.09655
41.18430936
41.17770936
41.112225
41.23081876
41.27959688
41.17255312
41.13089064
41.27732812
41.32095
41.21050312
41.16904688
41.30145936
41.37220312
41.27165624
41.18389688
41.32940624
41.40767812
41.31496876
41.24855624
41.3721
41.45016564
41.36508752
41.287125
41.394375
41.49234376
41.43645
41.34044064
41.41056564
41.52833436
41.49193124
41.37849376
41.44490624
41.5701
41.53606876
41.44243124
41.46480936
41.59464376
41.57185312
41.47006876
41.62362188
41.65352812
41.53875
41.51884688
41.65425
41.69477812
41.59340624
41.55339376
41.67384376
41.744175
41.63970936
41.58525936
41.70911252
41.782125
41.68487812
41.62671564
41.73726564
41.82120936
41.73654376
41.65868436
41.75531252