0,5
1,3
2,5
3,4
4,5
5,5
6,6
7,7
8,6
9,10
10,8
11,9
12,11
13,10
14,13
15,13
16,14
17,16
18,17
19,17
20,19
21,19
22,21
23,21
24,23
25,23
26,25
27,27
28,30
29,27
30,29
31,31
32,31
33,31
34,33
35,34
36,44
37,35
38,37
39,39
40,39
41,41
42,42
43,41
44,46
45,45
46,44
47,46
48,47
49,48
50,49
51,49
52,50
53,51
54,53
55,55
56,55
57,57
58,56
59,65
60,58
61,59
62,61
63,62
64,63
65,64
66,64
67,65
68,67
69,67
70,67
71,69
72,71
73,71
74,73
75,73
76,75
77,75
78,76
79,76
80,78
81,80
82,81
83,81
84,84
85,82
86,84
87,85
88,86
89,86
90,88
91,89
92,91
93,92
94,92
95,93
96,94
97,96
98,95
99,97
100,98
101,100
102,100
103,101
104,102
105,103
106,104
107,105
108,107
109,109
110,109
111,111
112,110
113,111
114,112
115,113
116,112
117,116
118,117
119,123
120,119
121,119
122,120
123,122
124,123
125,124
126,113
127,127
128,127
129,128
130,130
131,130
132,132
133,129
134,133
135,133
136,134
137,135
138,136
139,138
140,139
141,138
142,140
143,140
144,142
145,143
146,143
147,145
148,135
149,148
150,147
151,156
152,151
153,154
154,153
155,151
156,156
157,156
158,156
159,158
160,159
161,159
162,161
163,161
164,162
165,164
166,164
167,166
168,167
169,168
170,167
171,169
172,174
173,171
174,173
175,174
176,175
177,177
178,177
179,177
180,176
181,179
182,180
183,182
184,183
185,183
186,183
187,188
188,186
189,187
190,188
191,189
192,191
193,195
194,192
195,192
196,194
197,195
198,196
199,196
200,197
201,199
202,202
203,202
204,202
205,203
206,204
207,204
208,206
209,206
210,208
211,210
212,209
213,211
214,211
215,211
216,213
217,214
218,217
219,205
220,219
221,219
222,220
223,222
224,221
225,225
226,224
227,225
228,225
229,228
230,229
231,229
232,229
233,233
234,229
235,233
236,234
237,235
238,236
239,238
240,238
241,239
242,236
243,241
244,243
245,243
246,244
247,248
248,245
249,249
250,248
251,249
252,247
253,251
254,252
255,252
256,254
257,256
258,256
259,257
260,257
261,259
262,251
263,262
264,262
265,263
266,264
267,265
268,265
269,266
270,268
271,269
272,270
273,271
274,272
275,280
276,274
277,276
278,276
279,278
280,276
281,280
282,282
283,285
284,281
285,282
286,283
287,286
288,279
289,287
290,288
291,289
292,290
293,292
294,292
295,293
296,294
297,296
298,297
299,300
300,298
301,299
302,299
303,295
304,302
305,302
306,304
307,305
308,307
309,308
310,308
311,307
312,310
313,299
314,312
315,313
316,316
317,315
318,316
319,316
320,317
321,318
322,320
323,321
324,322
325,323
326,324
327,325
328,331
329,327
330,329
331,328
332,331
333,332
334,333
335,333
336,331
337,335
338,335
339,335
340,338
341,339
342,341
343,342
344,341
345,343
346,343
347,346
348,345
349,347
350,348
351,348
352,349
353,350
354,351
355,352
356,353
357,353
358,358
359,358
360,357
361,359
362,360
363,361
364,362
365,363
366,363
367,364
368,367
369,367
370,368
371,369
372,370
373,369
374,372
375,372
376,374
377,378
378,376
379,376
380,376
381,379
382,382
383,383
384,381
385,383
386,382
387,384
388,386
389,386
390,387
391,390
392,392
393,391
394,391
395,413
396,393
397,395
398,396
399,403
400,400
401,399
402,398
403,401
404,411
405,404
406,407
407,404
408,405
409,405
410,409
411,408
412,407
413,410
414,411
415,412
416,413
417,413
418,415
419,418
420,420
421,419
422,419
423,420
424,422
425,423
426,423
427,426
428,424
429,425
430,427
431,427
432,429
433,431
434,433
435,431
436,432
437,433
438,435
439,435
440,437
441,438
442,439
443,441
444,441
445,442
446,444
447,446
448,444
449,445
450,446
451,447
452,449
453,451
454,451
455,452
456,453
457,454
458,454
459,457
460,456
461,458
462,472
463,461
464,463
465,462
466,463
467,464
468,463
469,466
470,466
471,468
472,468
473,468
474,473
475,472
476,472
477,475
478,474
479,475
480,476
481,476
482,479
483,480
484,482
485,483
486,484
487,483
488,483
489,486
490,487
491,486
492,489
493,489
494,490
495,491
496,492
497,494
498,496
499,494
500,503
501,498
502,499
503,506
504,501
505,502
506,503
507,503
508,504
509,506
510,507
511,508
512,511
513,509
514,511
515,512
516,512
517,513
518,516
519,516
520,521
521,517
522,519
523,520
524,520
525,519
526,524
527,525
528,525
529,526
530,525
531,527
532,530
533,531
534,532
535,531
536,532
537,535
538,536
539,536
540,536
541,538
542,538
543,543
544,541
545,541
546,543
547,544
548,545
549,546
550,562
551,549
552,547
553,550
554,550
555,554
556,552
557,540
558,554
559,555
560,549
561,558
562,558
563,559
564,560
565,561
566,562
567,564
568,563
569,565
570,566
571,568
572,568
573,572
574,571
575,572
576,560
577,573
578,574
579,575
580,576
581,577
582,578
583,572
584,581
585,583
586,584
587,582
588,583
589,586
590,586
591,588
592,589
593,591
594,590
595,591
596,592
597,593
598,595
599,596
600,592
601,597
602,598
603,602
604,600
605,601
606,602
607,604
608,606
609,606
610,608
611,606
612,608
613,611
614,611
615,611
616,611
617,613
618,648
619,616
620,617
621,616
622,618
623,621
624,620
625,624
626,617
627,624
628,623
629,624
630,626
631,627
632,628
633,668
634,630
635,631
636,631
637,632
638,634
639,636
640,636
641,636
642,637
643,639
644,642
645,641
646,642
647,644
648,644
649,646
650,647
651,647
652,647
653,647
654,650
655,648
656,652
657,654
658,654
659,656
660,658
661,657
662,658
663,660
664,660
665,662
666,662
667,664
668,664
669,666
670,667
671,667
672,666
673,669
674,674
675,673
676,673
677,671
678,674
679,675
680,676
681,677
682,678
683,680
684,681
685,681
686,682
687,682
688,684
689,686
690,687
691,688
692,689
693,690
694,690
695,692
696,691
697,693
698,693
699,694
700,696
701,672
702,697
703,698
704,699
705,700
706,702
707,704
708,704
709,706
710,706
711,711
712,707
713,710
714,710
715,712
716,713
717,709
718,714
719,713
720,714
721,716
722,717
723,718
724,715
725,720
726,684
727,722
728,725
729,724
730,726
731,728
732,728
733,728
734,729
735,731
736,731
737,733
738,736
739,735
740,736
741,736
742,737
743,740
744,741
745,743
746,742
747,742
748,744
749,745
750,746
751,747
752,745
753,749
754,750
755,751
756,752
757,752
758,753
759,756
760,757
761,756
762,758
763,760
764,760
765,761
766,763
767,763
768,764
769,766
770,766
771,768
772,770
773,769
774,769
775,770
776,771
777,773
778,775
779,775
780,777
781,778
782,779
783,778
784,779
785,779
786,782
787,782
788,784
789,785
790,785
791,787
792,789
793,790
794,790
795,791
796,792
797,792
798,795
799,796
800,795
801,797
802,798
803,800
804,798
805,801
806,802
807,803
808,804
809,806
810,806
811,808
812,811
813,810
814,812
815,812
816,814
817,812
818,814
819,815
820,816
821,816
822,818
823,819
824,821
825,821
826,826
827,821
828,824
829,825
830,826
831,827
832,828
833,828
834,830
835,832
836,833
837,831
838,834
839,836
840,836
841,842
842,838
843,839
844,844
845,841
846,843
847,843
848,844
849,844
850,846
851,852
852,847
853,848
854,849
855,850
856,850
857,852
858,854
859,854
860,856
861,856
862,859
863,859
864,860
865,864
866,862
867,862
868,864
869,865
870,867
871,865
872,867
873,868
874,870
875,869
876,871
877,873
878,873
879,875
880,896
881,876
882,878
883,880
884,880
885,882
886,882
887,882
888,884
889,885
890,885
891,886
892,889
893,891
894,889
895,888
896,893
897,894
898,894
899,895
900,895
901,898
902,897
903,899
904,901
905,899
906,902
907,904
908,902
909,905
910,904
911,907
912,909
913,909
914,911
915,911
916,909
917,912
918,914
919,911
920,915
921,915
922,916
923,918
924,921
925,922
926,923
927,923
928,922
929,923
930,927
931,926
932,926
933,928
934,929
935,931
936,932
937,931
938,933
939,937
940,935
941,936
942,938
943,940
944,939
945,940
946,941
947,941
948,944
949,943
950,946
951,946
952,947
953,948
954,948
955,950
956,952
957,952
958,953
959,954
960,957
961,956
962,959
963,957
964,959
965,959
966,960
967,963
968,963
969,964
970,964
971,967
972,967
973,967
974,968
975,970
976,972
977,973
978,973
979,974
980,974
981,976
982,977
983,978
984,979
985,980
986,980
987,984
988,983
989,983
990,986
991,986
992,987
993,988
994,989
995,989
996,991
997,994
998,991
999,995
1000,993
1001,996
1002,998
1003,1000
1004,999
1005,1000
1006,1002
1007,1007
1008,1004
1009,1005
1010,1005
1011,1007
1012,1005
1013,1009
1014,1009
1015,1011
1016,1012
1017,1016
1018,1014
1019,1015
1020,1017
1021,1015
1022,1018
1023,1018
1024,1020
1025,1020
1026,1022
1027,1023
1028,1024
1029,1025
1030,1033
1031,1028
1032,1026
1033,1029
1034,1029
1035,1034
1036,1033
1037,1031
1038,1034
1039,1047
1040,1035
1041,1036
1042,1037
1043,1039
1044,1039
1045,1041
1046,1039
1047,1043
1048,1044
1049,1043
1050,1045
1051,1046
1052,1048
1053,1048
1054,1050
1055,1052
1056,1052
1057,1052
1058,1053
1059,1054
1060,1052
1061,1056
1062,1058
1063,1058
1064,1059
1065,1062
1066,1062
1067,1065
1068,1063
1069,1065
1070,1065
1071,1067
1072,1068
1073,1070
1074,1069
1075,1068
1076,1070
1077,1071
1078,1073
1079,1074
1080,1072
1081,1078
1082,1077
1083,1079
1084,1093
1085,1081
1086,1081
1087,1082
1088,1085
1089,1084
1090,1086
1091,1087
1092,1088
1093,1089
1094,1093
1095,1090
1096,1091
1097,1093
1098,1097
1099,1095
1100,1094
1101,1098
1102,1098
1103,1097
1104,1099
1105,1101
1106,1099
1107,1103
1108,1102
1109,1105
1110,1106
1111,1106
1112,1109
1113,1108
1114,1110
1115,1110
1116,1112
1117,1112
1118,1111
1119,1114
1120,1114
1121,1115
1122,1118
1123,1116
1124,1119
1125,1120
1126,1121
1127,1124
1128,1123
1129,1123
1130,1124
1131,1131
1132,1127
1133,1129
1134,1128
1135,1130
1136,1131
1137,1132
1138,1132
1139,1135
1140,1135
1141,1136
1142,1136
1143,1130
1144,1139
1145,1142
1146,1141
1147,1139
1148,1143
1149,1144
1150,1146
1151,1144
1152,1148
1153,1148
1154,1148
1155,1150
1156,1150
1157,1152
1158,1153
1159,1155
1160,1155
1161,1161
1162,1156
1163,1159
1164,1159
1165,1153
1166,1154
1167,1162
1168,1163
1169,1163
1170,1165
1171,1178
1172,1167
1173,1169
1174,1169
1175,1169
1176,1170
1177,1173
1178,1170
1179,1174
1180,1175
1181,1176
1182,1178
1183,1178
1184,1179
1185,1180
1186,1180
1187,1183
1188,1182
1189,1183
1190,1185
1191,1185
1192,1188
1193,1189
1194,1188
1195,1190
1196,1191
1197,1191
1198,1193
1199,1195
1200,1194
1201,1198
1202,1197
1203,1198
1204,1200
1205,1201
1206,1202
1207,1202
1208,1202
1209,1204
1210,1208
1211,1207
1212,1205
1213,1209
1214,1210
1215,1208
1216,1211
1217,1220
1218,1213
1219,1215
1220,1214
1221,1217
1222,1215
1223,1219
1224,1219
1225,1220
1226,1221
1227,1234
1228,1224
1229,1223
1230,1224
1231,1226
1232,1226
1233,1228
1234,1229
1235,1230
1236,1231
1237,1232
1238,1232
1239,1226
1240,1236
1241,1234
1242,1236
1243,1235
1244,1236
1245,1240
1246,1241
1247,1242
1248,1243
1249,1246
1250,1244
1251,1246
1252,1247
1253,1268
1254,1248
1255,1239
1256,1250
1257,1251
1258,1253
1259,1255
1260,1256
1261,1255
1262,1257
1263,1263
1264,1259
1265,1261
1266,1260
1267,1263
1268,1263
1269,1264
1270,1263
1271,1266
1272,1266
1273,1269
1274,1269
1275,1270
1276,1271
1277,1271
1278,1273
1279,1271
1280,1276
1281,1276
1282,1272
1283,1277
1284,1279
1285,1280
1286,1281
1287,1279
1288,1283
1289,1285
1290,1286
1291,1285
1292,1286
1293,1289
1294,1288
1295,1290
1296,1281
1297,1293
1298,1294
1299,1294
1300,1295
1301,1297
1302,1297
1303,1298
1304,1298
1305,1299
1306,1301
1307,1303
1308,1302
1309,1305
1310,1306
1311,1306
1312,1307
1313,1308
1314,1313
1315,1311
1316,1311
1317,1308
1318,1314
1319,1314
1320,1314
1321,1315
1322,1317
1323,1316
1324,1319
1325,1319
1326,1319
1327,1324
1328,1323
1329,1319
1330,1325
1331,1326
1332,1325
1333,1326
1334,1327
1335,1330
1336,1329
1337,1330
1338,1332
1339,1332
1340,1334
1341,1335
1342,1337
1343,1338
1344,1337
1345,1339
1346,1341
1347,1342
1348,1343
1349,1345
1350,1345
1351,1345
1352,1346
1353,1348
1354,1349
1355,1346
1356,1350
1357,1352
1358,1352
1359,1353
1360,1352
1361,1355
1362,1355
1363,1357
1364,1359
1365,1361
1366,1360
1367,1361
1368,1362
1369,1363
1370,1363
1371,1366
1372,1347
1373,1367
1374,1370
1375,1368
1376,1370
1377,1365
1378,1372
1379,1373
1380,1374
1381,1375
1382,1376
1383,1377
1384,1379
1385,1380
1386,1380
1387,1385
1388,1381
1389,1384
1390,1385
1391,1386
1392,1384
1393,1386
1394,1387
1395,1389
1396,1391
1397,1392
1398,1392
1399,1392
1400,1394
1401,1397
1402,1396
1403,1400
1404,1398
1405,1400
1406,1400
1407,1401
1408,1387
1409,1403
1410,1406
1411,1407
1412,1407
1413,1409
1414,1408
1415,1410
1416,1409
1417,1412
1418,1412
1419,1414
1420,1417
1421,1413
1422,1418
1423,1416
1424,1418
1425,1419
1426,1421
1427,1422
1428,1422
1429,1423
1430,1425
1431,1425
1432,1426
1433,1427
1434,1427
1435,1428
1436,1430
1437,1431
1438,1432
1439,1434
1440,1434
1441,1435
1442,1437
1443,1438
1444,1439
1445,1441
1446,1440
1447,1442
1448,1442
1449,1443
1450,1444
1451,1445
1452,1445
1453,1445
1454,1448
1455,1444
1456,1451
1457,1458
1458,1452
1459,1453
1460,1452
1461,1455
1462,1453
1463,1458
1464,1457
1465,1459
1466,1459
1467,1465
1468,1463
1469,1462
1470,1463
1471,1464
1472,1466
1473,1467
1474,1466
1475,1470
1476,1472
1477,1471
1478,1472
1479,1474
1480,1474
1481,1474
1482,1476
1483,1477
1484,1478
1485,1480
1486,1480
1487,1480
1488,1448
1489,1480
1490,1485
1491,1485
1492,1486
1493,1489
1494,1488
1495,1489
1496,1491
1497,1492
1498,1492
1499,1494
1500,1494
1501,1492
1502,1498
1503,1493
1504,1495
1505,1498
1506,1499
1507,1501
1508,1502
1509,1505
1510,1501
1511,1503
1512,1506
1513,1508
1514,1509
1515,1508
1516,1511
1517,1511
1518,1512
1519,1511
1520,1513
1521,1516
1522,1518
1523,1517
1524,1519
1525,1518
1526,1521
1527,1523
1528,1520
1529,1523
1530,1523
1531,1526
1532,1527
1533,1527
1534,1528
1535,1529
1536,1530
1537,1531
1538,1529
1539,1533
1540,1532
1541,1534
1542,1536
1543,1538
1544,1539
1545,1540
1546,1539
1547,1541
1548,1541
1549,1543
1550,1544
1551,1544
1552,1545
1553,1545
1554,1548
1555,1548
1556,1549
1557,1549
1558,1552
1559,1553
1560,1554
1561,1555
1562,1561
1563,1553
1564,1550
1565,1558
1566,1561
1567,1559
1568,1562
1569,1566
1570,1564
1571,1565
1572,1566
1573,1567
1574,1567
1575,1568
1576,1568
1577,1571
1578,1576
1579,1573
1580,1574
1581,1578
1582,1577
1583,1575
1584,1577
1585,1580
1586,1580
1587,1580
1588,1581
1589,1583
1590,1584
1591,1584
1592,1586
1593,1586
1594,1589
1595,1587
1596,1587
1597,1589
1598,1594
1599,1592
1600,1595
1601,1594
1602,1596
1603,1595
1604,1598
1605,1598
1606,1600
1607,1599
1608,1601
1609,1597
1610,1605
1611,1602
1612,1605
1613,1607
1614,1608
1615,1608
1616,1609
1617,1611
1618,1611
1619,1612
1620,1615
1621,1613
1622,1616
1623,1616
1624,1619
1625,1618
1626,1620
1627,1620
1628,1622
1629,1622
1630,1623
1631,1626
1632,1621
1633,1626
1634,1625
1635,1628
1636,1629
1637,1630
1638,1632
1639,1632
1640,1633
1641,1632
1642,1637
1643,1635
1644,1637
1645,1639
1646,1639
1647,1641
1648,1641
1649,1643
1650,1643
1651,1645
1652,1649
1653,1647
1654,1648
1655,1646
1656,1650
1657,1651
1658,1653
1659,1652
1660,1653
1661,1654
1662,1655
1663,1656
1664,1657
1665,1657
1666,1659
1667,1659
1668,1660
1669,1661
1670,1662
1671,1664
1672,1666
1673,1664
1674,1669
1675,1669
1676,1669
1677,1671
1678,1672
1679,1673
1680,1675
1681,1675
1682,1675
1683,1676
1684,1677
1685,1678
1686,1679
1687,1680
1688,1681
1689,1684
1690,1684
1691,1685
1692,1685
1693,1687
1694,1687
1695,1689
1696,1690
1697,1691
1698,1681
1699,1691
1700,1704
1701,1693
1702,1696
1703,1693
1704,1697
1705,1699
1706,1699
1707,1700
1708,1703
1709,1700
1710,1705
1711,1705
1712,1705
1713,1706
1714,1708
1715,1704
1716,1709
1717,1705
1718,1712
1719,1712
1720,1712
1721,1714
1722,1715
1723,1717
1724,1717
1725,1718
1726,1715
1727,1721
1728,1734
1729,1721
1730,1724
1731,1723
1732,1725
1733,1727
1734,1727
1735,1734
1736,1728
1737,1730
1738,1732
1739,1732
1740,1732
1741,1735
1742,1735
1743,1736
1744,1736
1745,1736
1746,1739
1747,1739
1748,1734
1749,1743
1750,1738
1751,1744
1752,1746
1753,1746
1754,1747
1755,1746
1756,1750
1757,1753
1758,1751
1759,1752
1760,1751
1761,1754
1762,1752
1763,1756
1764,1757
1765,1757
1766,1758
1767,1760
1768,1763
1769,1749
1770,1764
1771,1763
1772,1764
1773,1767
1774,1765
1775,1768
1776,1769
1777,1770
1778,1769
1779,1772
1780,1774
1781,1775
1782,1775
1783,1777
1784,1777
1785,1778
1786,1780
1787,1780
1788,1780
1789,1783
1790,1786
1791,1783
1792,1785
1793,1787
1794,1787
1795,1788
1796,1788
1797,1792
1798,1792
1799,1792
1800,1793
1801,1793
1802,1794
1803,1796
1804,1797
1805,1799
1806,1799
1807,1800
1808,1801
1809,1802
1810,1804
1811,1806
1812,1795
1813,1806
1814,1810
1815,1808
1816,1809
1817,1810
1818,1810
1819,1812
1820,1814
1821,1817
1822,1814
1823,1815
1824,1818
1825,1817
1826,1820
1827,1819
1828,1837
1829,1822
1830,1826
1831,1824
1832,1825
1833,1825
1834,1827
1835,1828
1836,1827
1837,1830
1838,1830
1839,1831
1840,1833
1841,1834
1842,1835
1843,1837
1844,1837
1845,1837
1846,1837
1847,1840
1848,1840
1849,1842
1850,1843
1851,1843
1852,1845
1853,1846
1854,1853
1855,1847
1856,1847
1857,1848
1858,1850
1859,1853
1860,1854
1861,1856
1862,1851
1863,1857
1864,1856
1865,1858
1866,1872
1867,1858
1868,1861
1869,1859
1870,1863
1871,1866
1872,1865
1873,1865
1874,1867
1875,1868
1876,1867
1877,1869
1878,1886
1879,1873
1880,1873
1881,1874
1882,1875
1883,1876
1884,1878
1885,1878
1886,1879
1887,1879
1888,1876
1889,1883
1890,1885
1891,1881
1892,1885
1893,1884
1894,1885
1895,1887
1896,1888
1897,1889
1898,1889
1899,1892
1900,1889
1901,1893
1902,1894
1903,1896
1904,1898
1905,1897
1906,1899
1907,1899
1908,1901
1909,1901
1910,1903
1911,1903
1912,1906
1913,1905
1914,1906
1915,1932
1916,1909
1917,1909
1918,1910
1919,1911
1920,1911
1921,1914
1922,1916
1923,1916
1924,1915
1925,1920
1926,1919
1927,1919
1928,1921
1929,1921
1930,1923
1931,1923
1932,1926
1933,1924
1934,1927
1935,1923
1936,1929
1937,1929
1938,1927
1939,1929
1940,1932
1941,1933
1942,1935
1943,1937
1944,1941
1945,1937
1946,1939
1947,1939
1948,1940
1949,1942
1950,1942
1951,1944
1952,1943
1953,1946
1954,1947
1955,1948
1956,1947
1957,1949
1958,1956
1959,1952
1960,1953
1961,1952
1962,1953
1963,1959
1964,1957
1965,1958
1966,1957
1967,1959
1968,1960
1969,1962
1970,1961
1971,1962
1972,1965
1973,1964
1974,1967
1975,1963
1976,1969
1977,1974
1978,1971
1979,1971
1980,1970
1981,1974
1982,1977
1983,1974
1984,1977
1985,1978
1986,1978
1987,1979
1988,1980
1989,1982
1990,1982
1991,1984
1992,1988
1993,1986
1994,1986
1995,1988
1996,1988
1997,1990
1998,1990
1999,1992
2000,1992
2001,1993
2002,1995
2003,1995
2004,1996
2005,1997
2006,1999
2007,1999
2008,2001
2009,2002
2010,2002
2011,2002
2012,2003
2013,2004
2014,2007
2015,2008
2016,2007
2017,2011
2018,2011
2019,2013
2020,2010
2021,2014
2022,2014
2023,2014
2024,2016
2025,2020
2026,2021
2027,2020
2028,2020
2029,2020
2030,2022
2031,2024
2032,2023
2033,2026
2034,2027
2035,2028
2036,2028
2037,2028
2038,2030
2039,2032
2040,2032
2041,2032
2042,2034
2043,2036
2044,2041
2045,2038
2046,2038
2047,2040
2048,2039
2049,2035
2050,2042
2051,2043
2052,2045
2053,2046
2054,2046
2055,2044
2056,2049
2057,2048
2058,2051
2059,2052
2060,2054
2061,2051
2062,2056
2063,2056
2064,2056
2065,2058
2066,2058
2067,2058
2068,2060
2069,2064
2070,2062
2071,2062
2072,2063
2073,2068
2074,2066
2075,2067
2076,2067
2077,2070
2078,2070
2079,2070
2080,2060
2081,2073
2082,2074
2083,2073
2084,2076
2085,2078
2086,2078
2087,2079
2088,2080
2089,2081
2090,2081
2091,2082
2092,2084
2093,2086
2094,2087
2095,2082
2096,2089
2097,2089
2098,2090
2099,2091
2100,2092
2101,2093
2102,2093
2103,2095
2104,2096
2105,2097
2106,2096
2107,2099
2108,2100
2109,2101
2110,2103
2111,2103
2112,2105
2113,2105
2114,2106
2115,2108
2116,2111
2117,2108
2118,2103
2119,2110
2120,2113
2121,2112
2122,2113
2123,2112
2124,2117
2125,2117
2126,2118
2127,2119
2128,2087
2129,2122
2130,2121
2131,2124
2132,2124
2133,2124
2134,2125
2135,2127
2136,2129
2137,2131
2138,2130
2139,2131
2140,2130
2141,2134
2142,2133
2143,2135
2144,2141
2145,2138
2146,2138
2147,2138
2148,2140
2149,2139
2150,2142
2151,2143
2152,2143
2153,2143
2154,2146
2155,2146
2156,2144
2157,2149
2158,2150
2159,2151
2160,2151
2161,2158
2162,2153
2163,2155
2164,2156
2165,2156
2166,2156
2167,2159
2168,2159
2169,2162
2170,2163
2171,2163
2172,2163
2173,2165
2174,2165
2175,2167
2176,2168
2177,2168
2178,2170
2179,2171
2180,2172
2181,2173
2182,2174
2183,2177
2184,2174
2185,2179
2186,2179
2187,2179
2188,2180
2189,2183
2190,2182
2191,2183
2192,2183
2193,2184
2194,2185
2195,2187
2196,2188
2197,2190
2198,2189
2199,2191
2200,2191
2201,2191
2202,2194
2203,2196
2204,2194
2205,2195
2206,2200
2207,2198
2208,2180
2209,2202
2210,2202
2211,2202
2212,2203
2213,2208
2214,2206
2215,2209
2216,2207
2217,2210
2218,2208
2219,2211
2220,2213
2221,2212
2222,2217
2223,2215
2224,2216
2225,2216
2226,2218
2227,2218
2228,2218
2229,2219
2230,2221
2231,2222
2232,2223
2233,2225
2234,2226
2235,2225
2236,2227
2237,2229
2238,2228
2239,2230
2240,2232
2241,2230
2242,2235
2243,2234
2244,2235
2245,2237
2246,2235
2247,2238
2248,2239
2249,2241
2250,2242
2251,2242
2252,2245
2253,2243
2254,2244
2255,2246
2256,2247
2257,2247
2258,2250
2259,2250
2260,2251
2261,2249
2262,2254
2263,2256
2264,2256
2265,2257
2266,2258
2267,2263
2268,2260
2269,2262
2270,2262
2271,2263
2272,2264
2273,2264
2274,2268
2275,2266
2276,2268
2277,2273
2278,2271
2279,2271
2280,2271
2281,2274
2282,2274
2283,2276
2284,2275
2285,2277
2286,2276
2287,2282
2288,2281
2289,2280
2290,2282
2291,2281
2292,2284
2293,2283
2294,2286
2295,2280
2296,2282
2297,2288
2298,2289
2299,2290
2300,2290
2301,2291
2302,2294
2303,2292
2304,2296
2305,2296
2306,2299
2307,2298
2308,2299
2309,2300
2310,2301
2311,2302
2312,2304
2313,2304
2314,2310
2315,2307
2316,2308
2317,2307
2318,2309
2319,2311
2320,2312
2321,2311
2322,2316
2323,2315
2324,2316
2325,2317
2326,2316
2327,2317
2328,2319
2329,2326
2330,2322
2331,2322
2332,2322
2333,2323
2334,2325
2335,2326
2336,2328
2337,2329
2338,2329
2339,2330
2340,2328
2341,2333
2342,2334
2343,2333
2344,2336
2345,2336
2346,2336
2347,2342
2348,2338
2349,2339
2350,2343
2351,2344
2352,2344
2353,2345
2354,2344
2355,2346
2356,2345
2357,2346
2358,2349
2359,2350
2360,2352
2361,2352
2362,2354
2363,2352
2364,2356
2365,2353
2366,2358
2367,2348
2368,2361
2369,2359
2370,2360
2371,2363
2372,2358
2373,2365
2374,2364
2375,2366
2376,2368
2377,2367
2378,2369
2379,2371
2380,2371
2381,2368
2382,2371
2383,2374
2384,2375
2385,2376
2386,2377
2387,2378
2388,2378
2389,2380
2390,2381
2391,2383
2392,2383
2393,2385
2394,2384
2395,2385
2396,2387
2397,2388
2398,2390
2399,2390
2400,2391
2401,2391
2402,2393
2403,2395
2404,2395
2405,2396
2406,2397
2407,2397
2408,2398
2409,2403
2410,2401
2411,2401
2412,2399
2413,2403
2414,2403
2415,2406
2416,2406
2417,2407
2418,2407
2419,2411
2420,2410
2421,2411
2422,2413
2423,2414
2424,2430
2425,2417
2426,2423
2427,2418
2428,2419
2429,2419
2430,2421
2431,2423
2432,2423
2433,2428
2434,2424
2435,2426
2436,2427
2437,2427
2438,2430
2439,2431
2440,2430
2441,2431
2442,2433
2443,2434
2444,2435
2445,2435
2446,2438
2447,2438
2448,2438
2449,2441
2450,2443
2451,2444
2452,2442
2453,2444
2454,2444
2455,2448
2456,2446
2457,2446
2458,2449
2459,2451
2460,2451
2461,2454
2462,2452
2463,2454
2464,2453
2465,2456
2466,2456
2467,2456
2468,2459
2469,2460
2470,2460
2471,2462
2472,2462
2473,2456
2474,2462
2475,2465
2476,2464
2477,2467
2478,2468
2479,2469
2480,2469
2481,2471
2482,2472
2483,2473
2484,2473
2485,2475
2486,2476
2487,2478
2488,2477
2489,2478
2490,2480
2491,2480
2492,2483
2493,2484
2494,2484
2495,2486
2496,2488
2497,2485
2498,2488
2499,2489
2500,2491
2501,2488
2502,2492
2503,2494
2504,2494
2505,2496
2506,2498
2507,2498
2508,2498
2509,2499
2510,2499
2511,2501
2512,2501
2513,2503
2514,2505
2515,2505
2516,2506
2517,2508
2518,2509
2519,2510
2520,2514
2521,2511
2522,2512
2523,2510
2524,2514
2525,2517
2526,2517
2527,2517
2528,2518
2529,2518
2530,2522
2531,2523
2532,2519
2533,2524
2534,2524
2535,2529
2536,2526
2537,2527
2538,2528
2539,2530
2540,2525
2541,2531
2542,2532
2543,2534
2544,2536
2545,2535
2546,2537
2547,2546
2548,2539
2549,2539
2550,2539
2551,2542
2552,2539
2553,2543
2554,2548
2555,2548
2556,2547
2557,2547
2558,2551
2559,2549
2560,2549
2561,2555
2562,2553
2563,2554
2564,2554
2565,2554
2566,2556
2567,2557
2568,2558
2569,2559
2570,2559
2571,2560
2572,2562
2573,2563
2574,2565
2575,2566
2576,2566
2577,2567
2578,2569
2579,2568
2580,2570
2581,2571
2582,2572
2583,2573
2584,2574
2585,2576
2586,2576
2587,2578
2588,2578
2589,2579
2590,2581
2591,2580
2592,2583
2593,2583
2594,2584
2595,2584
2596,2585
2597,2588
2598,2586
2599,2589
2600,2590
2601,2592
2602,2591
2603,2592
2604,2593
2605,2594
2606,2595
2607,2597
2608,2595
2609,2599
2610,2599
2611,2601
2612,2603
2613,2603
2614,2604
2615,2603
2616,2605
2617,2603
2618,2609
2619,2610
2620,2610
2621,2611
2622,2609
2623,2613
2624,2612
2625,2614
2626,2617
2627,2617
2628,2618
2629,2628
2630,2620
2631,2621
2632,2621
2633,2622
2634,2624
2635,2625
2636,2626
2637,2628
2638,2629
2639,2628
2640,2630
2641,2633
2642,2632
2643,2633
2644,2632
2645,2635
2646,2635
2647,2637
2648,2636
2649,2639
2650,2638
2651,2641
2652,2643
2653,2644
2654,2642
2655,2646
2656,2645
2657,2647
2658,2648
2659,2649
2660,2649
2661,2651
2662,2652
2663,2653
2664,2652
2665,2653
2666,2656
2667,2658
2668,2658
2669,2658
2670,2659
2671,2659
2672,2662
2673,2663
2674,2662
2675,2665
2676,2666
2677,2669
2678,2673
2679,2670
2680,2669
2681,2668
2682,2672
2683,2673
2684,2673
2685,2675
2686,2676
2687,2678
2688,2678
2689,2679
2690,2684
2691,2681
2692,2682
2693,2682
2694,2683
2695,2680
2696,2686
2697,2686
2698,2687
2699,2688
2700,2689
2701,2691
2702,2689
2703,2693
2704,2693
2705,2693
2706,2694
2707,2696
2708,2697
2709,2698
2710,2700
2711,2703
2712,2699
2713,2702
2714,2702
2715,2703
2716,2708
2717,2706
2718,2707
2719,2720
2720,2708
2721,2711
2722,2710
2723,2714
2724,2714
2725,2715
2726,2715
2727,2715
2728,2717
2729,2718
2730,2719
2731,2733
2732,2720
2733,2722
2734,2721
2735,2723
2736,2725
2737,2725
2738,2727
2739,2727
2740,2729
2741,2729
2742,2736
2743,2732
2744,2733
2745,2734
2746,2731
2747,2736
2748,2736
2749,2738
2750,2739
2751,2739
2752,2741
2753,2743
2754,2743
2755,2746
2756,2746
2757,2746
2758,2748
2759,2749
2760,2748
2761,2750
2762,2751
2763,2752
2764,2754
2765,2755
2766,2755
2767,2757
2768,2754
2769,2758
2770,2761
2771,2757
2772,2762
2773,2763
2774,2764
2775,2768
2776,2766
2777,2767
2778,2767
2779,2769
2780,2772
2781,2772
2782,2776
2783,2774
2784,2774
2785,2771
2786,2775
2787,2778
2788,2778
2789,2780
2790,2778
2791,2780
2792,2784
2793,2783
2794,2784
2795,2786
2796,2786
2797,2786
2798,2788
2799,2788
2800,2788
2801,2791
2802,2790
2803,2791
2804,2793
2805,2795
2806,2795
2807,2796
2808,2795
2809,2797
2810,2800
2811,2799
2812,2800
2813,2803
2814,2800
2815,2803
2816,2806
2817,2806
2818,2808
2819,2809
2820,2809
2821,2810
2822,2811
2823,2814
2824,2813
2825,2814
2826,2814
2827,2822
2828,2818
2829,2817
2830,2819
2831,2822
2832,2822
2833,2822
2834,2822
2835,2823
2836,2830
2837,2826
2838,2828
2839,2828
2840,2829
2841,2831
2842,2830
2843,2833
2844,2832
2845,2834
2846,2835
2847,2836
2848,2834
2849,2839
2850,2840
2851,2841
2852,2844
2853,2842
2854,2844
2855,2845
2856,2847
2857,2847
2858,2846
2859,2849
2860,2849
2861,2851
2862,2852
2863,2852
2864,2855
2865,2854
2866,2856
2867,2855
2868,2857
2869,2859
2870,2859
2871,2861
2872,2859
2873,2862
2874,2862
2875,2864
2876,2863
2877,2866
2878,2868
2879,2867
2880,2869
2881,2871
2882,2871
2883,2871
2884,2873
2885,2874
2886,2875
2887,2876
2888,2877
2889,2878
2890,2879
2891,2881
2892,2881
2893,2888
2894,2883
2895,2886
2896,2886
2897,2877
2898,2887
2899,2888
2900,2892
2901,2893
2902,2890
2903,2891
2904,2896
2905,2893
2906,2894
2907,2896
2908,2898
2909,2899
2910,2899
2911,2900
2912,2901
2913,2904
2914,2904
2915,2903
2916,2905
2917,2907
2918,2907
2919,2911
2920,2909
2921,2910
2922,2912
2923,2913
2924,2912
2925,2914
2926,2916
2927,2916
2928,2917
2929,2919
2930,2919
2931,2919
2932,2920
2933,2922
2934,2915
2935,2924
2936,2926
2937,2927
2938,2927
2939,2928
2940,2930
2941,2930
2942,2930
2943,2933
2944,2933
2945,2933
2946,2935
2947,2937
2948,2937
2949,2938
2950,2914
2951,2941
2952,2942
2953,2942
2954,2944
2955,2944
2956,2944
2957,2947
2958,2947
2959,2950
2960,2948
2961,2939
2962,2951
2963,2953
2964,2950
2965,2954
2966,2956
2967,2957
2968,2957
2969,2957
2970,2958
2971,2964
2972,2962
2973,2961
2974,2963
2975,2963
2976,2966
2977,2965
2978,2965
2979,2968
2980,2969
2981,2968
2982,2970
2983,2972
2984,2972
2985,2975
2986,2974
2987,2976
2988,2976
2989,2976
2990,2978
2991,2980
2992,2981
2993,2982
2994,2983
2995,2984
2996,2984
2997,2985
2998,2987
2999,2984
3000,2989
3001,2989
3002,2989
3003,2992
3004,2995
3005,2995
3006,2994
3007,2995
3008,2997
3009,3000
3010,2998
3011,2998
3012,3000
3013,3002
3014,3004
3015,3005
3016,3005
3017,3007
3018,3008
3019,3008
3020,3009
3021,3011
3022,3012
3023,3013
3024,3014
3025,3015
3026,3016
3027,3018
3028,3017
3029,3018
3030,3019
3031,3021
3032,3022
3033,3022
3034,3023
3035,3024
3036,3027
3037,3028
3038,3027
3039,3030
3040,3028
3041,3030
3042,3032
3043,3031
3044,3037
3045,3036
3046,3036
3047,3037
3048,3038
3049,3038
3050,3039
3051,3041
3052,3043
3053,3041
3054,3043
3055,3046
3056,3046
3057,3048
3058,3047
3059,3049
3060,3050
3061,3050
3062,3051
3063,3054
3064,3053
3065,3054
3066,3055
3067,3056
3068,3059
3069,3057
3070,3058
3071,3059
3072,3062
3073,3062
3074,3064
3075,3065
3076,3065
3077,3065
3078,3068
3079,3066
3080,3067
3081,3070
3082,3071
3083,3073
3084,3074
3085,3074
3086,3075
3087,3077
3088,3077
3089,3081
3090,3078
3091,3080
3092,3083
3093,3082
3094,3093
3095,3085
3096,3084
3097,3085
3098,3087
3099,3090
3100,3090
3101,3107
3102,3091
3103,3092
3104,3094
3105,3095
3106,3100
3107,3096
3108,3095
3109,3096
3110,3099
3111,3100
3112,3105
3113,3104
3114,3103
3115,3105
3116,3102
3117,3107
3118,3104
3119,3109
3120,3112
3121,3111
3122,3111
3123,3111
3124,3112
3125,3114
3126,3115
3127,3107
3128,3117
3129,3117
3130,3119
3131,3121
3132,3121
3133,3123
3134,3124
3135,3122
3136,3125
3137,3123
3138,3127
3139,3129
3140,3130
3141,3130
3142,3131
3143,3131
3144,3133
3145,3134
3146,3136
3147,3136
3148,3141
3149,3138
3150,3139
3151,3138
3152,3140
3153,3142
3154,3143
3155,3132
3156,3145
3157,3146
3158,3146
3159,3147
3160,3148
3161,3150
3162,3152
3163,3151
3164,3152
3165,3153
3166,3155
3167,3153
3168,3157
3169,3157
3170,3156
3171,3159
3172,3164
3173,3162
3174,3162
3175,3164
3176,3165
3177,3169
3178,3167
3179,3168
3180,3168
3181,3170
3182,3172
3183,3171
3184,3171
3185,3174
3186,3174
3187,3170
3188,3176
3189,3180
3190,3179
3191,3179
3192,3183
3193,3182
3194,3183
3195,3180
3196,3184
3197,3188
3198,3187
3199,3189
3200,3189
3201,3179
3202,3190
3203,3193
3204,3193
3205,3195
3206,3193
3207,3195
3208,3197
3209,3197
3210,3198
3211,3196
3212,3200
3213,3202
3214,3200
3215,3202
3216,3204
3217,3205
3218,3207
3219,3208
3220,3209
3221,3210
3222,3210
3223,3217
3224,3211
3225,3212
3226,3214
3227,3215
3228,3218
3229,3217
3230,3220
3231,3219
3232,3219
3233,3220
3234,3222
3235,3226
3236,3224
3237,3225
3238,3226
3239,3225
3240,3229
3241,3230
3242,3230
3243,3231
3244,3234
3245,3234
3246,3234
3247,3235
3248,3235
3249,3242
3250,3238
3251,3239
3252,3239
3253,3241
3254,3241
3255,3243
3256,3244
3257,3246
3258,3247
3259,3246
3260,3248
3261,3249
3262,3250
3263,3253
3264,3251
3265,3251
3266,3253
3267,3254
3268,3261
3269,3258
3270,3261
3271,3259
3272,3260
3273,3261
3274,3262
3275,3264
3276,3265
3277,3266
3278,3265
3279,3265
3280,3268
3281,3270
3282,3278
3283,3270
3284,3273
3285,3271
3286,3274
3287,3274
3288,3276
3289,3276
3290,3279
3291,3280
3292,3280
3293,3283
3294,3283
3295,3285
3296,3285
3297,3287
3298,3287
3299,3288
3300,3288
3301,3301
3302,3291
3303,3292
3304,3293
3305,3294
3306,3294
3307,3296
3308,3297
3309,3297
3310,3299
3311,3298
3312,3301
3313,3312
3314,3302
3315,3304
3316,3303
3317,3304
3318,3306
3319,3306
3320,3309
3321,3311
3322,3310
3323,3313
3324,3314
3325,3343
3326,3315
3327,3315
3328,3316
3329,3317
3330,3320
3331,3321
3332,3320
3333,3321
3334,3323
3335,3323
3336,3324
3337,3327
3338,3328
3339,3326
3340,3328
3341,3334
3342,3330
3343,3339
3344,3332
3345,3333
3346,3334
3347,3336
3348,3337
3349,3339
3350,3339
3351,3339
3352,3344
3353,3342
3354,3338
3355,3341
3356,3344
3357,3345
3358,3346
3359,3348
3360,3348
3361,3348
3362,3350
3363,3351
3364,3353
3365,3353
3366,3355
3367,3355
3368,3353
3369,3358
3370,3357
3371,3359
3372,3360
3373,3361
3374,3362
3375,3365
3376,3364
3377,3364
3378,3366
3379,3367
3380,3367
3381,3368
3382,3370
3383,3370
3384,3371
3385,3373
3386,3373
3387,3375
3388,3374
3389,3377
3390,3377
3391,3379
3392,3379
3393,3382
3394,3382
3395,3384
3396,3385
3397,3385
3398,3385
3399,3386
3400,3388
3401,3389
3402,3389
3403,3392
3404,3391
3405,3394
3406,3373
3407,3394
3408,3395
3409,3397
3410,3398
3411,3400
3412,3400
3413,3401
3414,3402
3415,3404
3416,3404
3417,3405
3418,3406
3419,3408
3420,3408
3421,3408
3422,3410
3423,3411
3424,3413
3425,3413
3426,3415
3427,3415
3428,3416
3429,3417
3430,3417
3431,3419
3432,3419
3433,3422
3434,3421
3435,3424
3436,3424
3437,3425
3438,3425
3439,3427
3440,3428
3441,3430
3442,3430
3443,3431
3444,3431
3445,3432
3446,3434
3447,3433
3448,3436
3449,3439
3450,3439
3451,3443
3452,3440
3453,3441
3454,3443
3455,3443
3456,3444
3457,3445
3458,3446
3459,3447
3460,3447
3461,3446
3462,3450
3463,3452
3464,3451
3465,3452
3466,3454
3467,3455
3468,3455
3469,3457
3470,3459
3471,3459
3472,3461
3473,3461
3474,3461
3475,3464
3476,3465
3477,3467
3478,3466
3479,3467
3480,3467
3481,3467
3482,3469
3483,3472
3484,3473
3485,3473
3486,3477
3487,3474
3488,3475
3489,3477
3490,3477
3491,3479
3492,3481
3493,3480
3494,3480
3495,3482
3496,3484
3497,3484
3498,3485
3499,3487
3500,3488
3501,3489
3502,3489
3503,3489
3504,3491
3505,3489
3506,3492
3507,3495
3508,3497
3509,3497
3510,3497
3511,3499
3512,3496
3513,3501
3514,3501
3515,3502
3516,3503
3517,3503
3518,3506
3519,3507
3520,3509
3521,3508
3522,3510
3523,3510
3524,3511
3525,3513
3526,3514
3527,3514
3528,3515
3529,3517
3530,3515
3531,3519
3532,3520
3533,3522
3534,3522
3535,3521
3536,3523
3537,3525
3538,3526
3539,3514
3540,3526
3541,3528
3542,3528
3543,3532
3544,3539
3545,3533
3546,3533
3547,3534
3548,3535
3549,3537
3550,3537
3551,3538
3552,3539
3553,3540
3554,3541
3555,3543
3556,3543
3557,3545
3558,3548
3559,3547
3560,3548
3561,3549
3562,3549
3563,3545
3564,3551
3565,3553
3566,3555
3567,3555
3568,3559
3569,3557
3570,3557
3571,3558
3572,3559
3573,3558
3574,3561
3575,3563
3576,3563
3577,3565
3578,3565
3579,3565
3580,3567
3581,3568
3582,3569
3583,3570
3584,3571
3585,3571
3586,3573
3587,3579
3588,3574
3589,3575
3590,3577
3591,3578
3592,3578
3593,3581
3594,3577
3595,3582
3596,3584
3597,3584
3598,3586
3599,3587
3600,3587
3601,3588
3602,3589
3603,3590
3604,3589
3605,3593
3606,3593
3607,3595
3608,3595
3609,3595
3610,3597
3611,3598
3612,3599
3613,3600
3614,3599
3615,3603
3616,3603
3617,3604
3618,3605
3619,3606
3620,3607
3621,3607
3622,3609
3623,3607
3624,3611
3625,3611
3626,3612
3627,3612
3628,3620
3629,3616
3630,3617
3631,3618
3632,3619
3633,3620
3634,3636
3635,3624
3636,3622
3637,3625
3638,3623
3639,3626
3640,3626
3641,3627
3642,3628
3643,3629
3644,3631
3645,3632
3646,3640
3647,3633
3648,3635
3649,3635
3650,3636
3651,3635
3652,3638
3653,3644
3654,3639
3655,3641
3656,3643
3657,3644
3658,3645
3659,3646
3660,3647
3661,3648
3662,3649
3663,3649
3664,3651
3665,3651
3666,3653
3667,3654
3668,3655
3669,3655
3670,3657
3671,3658
3672,3664
3673,3655
3674,3660
3675,3661
3676,3662
3677,3663
3678,3662
3679,3666
3680,3666
3681,3668
3682,3670
3683,3669
3684,3670
3685,3671
3686,3672
3687,3673
3688,3673
3689,3675
3690,3676
3691,3678
3692,3681
3693,3681
3694,3679
3695,3682
3696,3683
3697,3683
3698,3685
3699,3685
3700,3687
3701,3684
3702,3688
3703,3691
3704,3689
3705,3692
3706,3694
3707,3694
3708,3695
3709,3695
3710,3695
3711,3697
3712,3697
3713,3700
3714,3701
3715,3701
3716,3702
3717,3703
3718,3703
3719,3706
3720,3703
3721,3707
3722,3707
3723,3709
3724,3711
3725,3709
3726,3712
3727,3713
3728,3714
3729,3715
3730,3710
3731,3716
3732,3725
3733,3717
3734,3722
3735,3721
3736,3722
3737,3725
3738,3724
3739,3726
3740,3723
3741,3727
3742,3729
3743,3728
3744,3729
3745,3729
3746,3731
3747,3734
3748,3734
3749,3735
3750,3736
3751,3736
3752,3738
3753,3740
3754,3740
3755,3740
3756,3742
3757,3741
3758,3745
3759,3732
3760,3747
3761,3747
3762,3745
3763,3749
3764,3749
3765,3752
3766,3754
3767,3745
3768,3755
3769,3754
3770,3757
3771,3757
3772,3756
3773,3759
3774,3759
3775,3761
3776,3760
3777,3762
3778,3764
3779,3764
3780,3766
3781,3796
3782,3768
3783,3769
3784,3770
3785,3772
3786,3769
3787,3774
3788,3779
3789,3776
3790,3774
3791,3778
3792,3779
3793,3778
3794,3780
3795,3782
3796,3784
3797,3783
3798,3785
3799,3785
3800,3785
3801,3787
3802,3789
3803,3789
3804,3790
3805,3791
3806,3792
3807,3794
3808,3793
3809,3795
3810,3797
3811,3797
3812,3798
3813,3798
3814,3800
3815,3801
3816,3802
3817,3802
3818,3805
3819,3805
3820,3806
3821,3807
3822,3809
3823,3810
3824,3810
3825,3811
3826,3813
3827,3813
3828,3814
3829,3814
3830,3816
3831,3817
3832,3817
3833,3819
3834,3819
3835,3820
3836,3821
3837,3823
3838,3824
3839,3826
3840,3827
3841,3827
3842,3828
3843,3828
3844,3829
3845,3835
3846,3832
3847,3833
3848,3832
3849,3835
3850,3833
3851,3836
3852,3839
3853,3842
3854,3841
3855,3842
3856,3843
3857,3847
3858,3844
3859,3845
3860,3845
3861,3847
3862,3852
3863,3850
3864,3850
3865,3851
3866,3853
3867,3853
3868,3853
3869,3856
3870,3856
3871,3857
3872,3856
3873,3859
3874,3857
3875,3861
3876,3861
3877,3863
3878,3864
3879,3883
3880,3866
3881,3868
3882,3868
3883,3870
3884,3869
3885,3871
3886,3874
3887,3873
3888,3870
3889,3874
3890,3875
3891,3876
3892,3878
3893,3882
3894,3880
3895,3880
3896,3883
3897,3883
3898,3884
3899,3885
3900,3887
3901,3887
3902,3887
3903,3889
3904,3889
3905,3890
3906,3891
3907,3893
3908,3893
3909,3895
3910,3895
3911,3911
3912,3897
3913,3897
3914,3899
3915,3901
3916,3903
3917,3902
3918,3902
3919,3903
3920,3906
3921,3906
3922,3907
3923,3906
3924,3909
3925,3912
3926,3910
3927,3911
3928,3911
3929,3915
3930,3915
3931,3916
3932,3916
3933,3919
3934,3921
3935,3920
3936,3921
3937,3922
3938,3918
3939,3924
3940,3925
3941,3925
3942,3928
3943,3928
3944,3929
3945,3932
3946,3930
3947,3931
3948,3932
3949,3935
3950,3935
3951,3936
3952,3942
3953,3939
3954,3938
3955,3941
3956,3941
3957,3942
3958,3944
3959,3945
3960,3944
3961,3945
3962,3947
3963,3948
3964,3954
3965,3950
3966,3945
3967,3952
3968,3953
3969,3954
3970,3955
3971,3955
3972,3957
3973,3958
3974,3959
3975,3960
3976,3960
3977,3963
3978,3964
3979,3964
3980,3965
3981,3966
3982,3968
3983,3964
3984,3969
3985,3970
3986,3971
3987,3972
3988,3972
3989,3974
3990,3969
3991,3975
3992,3978
3993,3978
3994,3979
3995,3984
3996,3981
3997,3983
3998,3983
3999,3985
4000,3984
4001,3985
4002,3987
4003,3987
4004,3991
4005,3990
4006,3990
4007,3991
4008,3993
4009,3993
4010,3995
4011,4001
4012,3996
4013,3999
4014,3998
4015,4000
4016,4001
4017,4001
4018,4003
4019,4004
4020,4005
4021,4006
4022,4000
4023,4009
4024,4010
4025,4010
4026,4011
4027,4010
4028,4014
4029,4015
4030,4015
4031,4017
4032,4023
4033,4019
4034,4020
4035,4019
4036,4022
4037,4021
4038,4023
4039,4024
4040,4026
4041,4032
4042,4027
4043,4029
4044,4030
4045,4035
4046,4034
4047,4032
4048,4034
4049,4033
4050,4035
4051,4035
4052,4037
4053,4043
4054,4037
4055,4040
4056,4041
4057,4045
4058,4041
4059,4045
4060,4046
4061,4046
4062,4047
4063,4048
4064,4050
4065,4050
4066,4051
4067,4053
4068,4053
4069,4055
4070,4054
4071,4056
4072,4061
4073,4058
4074,4060
4075,4061
4076,4061
4077,4063
4078,4063
4079,4065
4080,4065
4081,4065
4082,4068
4083,4069
4084,4069
4085,4069
4086,4071
4087,4071
4088,4073
4089,4074
4090,4076
4091,4077
4092,4076
4093,4077
4094,4076
4095,4076