0,4
1,5
2,5
3,3
4,6
5,4
6,4
7,6
8,6
9,9
10,9
11,10
12,10
13,17
14,13
15,13
16,14
17,17
18,17
19,18
20,19
21,33
22,21
23,22
24,21
25,23
26,24
27,25
28,27
29,29
30,31
31,29
32,29
33,33
34,33
35,34
36,35
37,35
38,36
39,42
40,38
41,37
42,40
43,42
44,33
45,44
46,44
47,46
48,47
49,48
50,47
51,54
52,51
53,51
54,68
55,54
56,54
57,56
58,58
59,59
60,58
61,60
62,62
63,60
64,63
65,64
66,65
67,67
68,64
69,69
70,80
71,69
72,70
73,71
74,73
75,74
76,75
77,75
78,76
79,78
80,78
81,79
82,81
83,82
84,82
85,82
86,85
87,85
88,86
89,87
90,88
91,90
92,91
93,91
94,96
95,92
96,90
97,95
98,96
99,98
100,99
101,94
102,102
103,102
104,102
105,104
106,102
107,105
108,106
109,107
110,108
111,111
112,110
113,111
114,111
115,114
116,115
117,116
118,117
119,119
120,119
121,121
122,120
123,121
124,122
125,125
126,126
127,126
128,126
129,127
130,129
131,116
132,130
133,132
134,131
135,133
136,135
137,135
138,136
139,138
140,137
141,137
142,143
143,141
144,143
145,144
146,146
147,145
148,151
149,150
150,148
151,150
152,151
153,151
154,151
155,154
156,154
157,156
158,157
159,158
160,159
161,158
162,161
163,162
164,162
165,164
166,161
167,166
168,166
169,166
170,169
171,170
172,170
173,169
174,173
175,171
176,172
177,176
178,178
179,177
180,178
181,176
182,179
183,180
184,182
185,183
186,185
187,185
188,187
189,187
190,188
191,190
192,191
193,191
194,191
195,192
196,194
197,195
198,195
199,196
200,198
201,198
202,196
203,202
204,201
205,202
206,205
207,206
208,206
209,206
210,207
211,208
212,208
213,211
214,212
215,213
216,213
217,212
218,217
219,217
220,218
221,218
222,220
223,221
224,222
225,222
226,225
227,226
228,225
229,228
230,227
231,229
232,232
233,230
234,234
235,232
236,233
237,236
238,236
239,237
240,237
241,239
242,240
243,240
244,242
245,243
246,245
247,245
248,247
249,247
250,248
251,249
252,251
253,251
254,253
255,253
256,255
257,256
258,257
259,257
260,259
261,260
262,261
263,260
264,252
265,264
266,265
267,264
268,266
269,268
270,268
271,268
272,269
273,270
274,274
275,272
276,280
277,275
278,276
279,274
280,278
281,275
282,280
283,281
284,282
285,284
286,283
287,286
288,284
289,288
290,288
291,289
292,289
293,291
294,293
295,293
296,295
297,295
298,297
299,298
300,283
301,299
302,300
303,300
304,301
305,304
306,305
307,304
308,305
309,307
310,308
311,308
312,311
313,311
314,315
315,334
316,314
317,315
318,315
319,317
320,309
321,320
322,318
323,320
324,320
325,324
326,323
327,327
328,325
329,326
330,319
331,329
332,329
333,331
334,331
335,335
336,335
337,334
338,334
339,337
340,335
341,339
342,339
343,340
344,341
345,344
346,344
347,344
348,346
349,347
350,345
351,349
352,349
353,351
354,352
355,353
356,354
357,355
358,355
359,357
360,358
361,358
362,359
363,361
364,362
365,363
366,363
367,365
368,364
369,367
370,369
371,368
372,368
373,366
374,371
375,381
376,373
377,374
378,379
379,377
380,381
381,379
382,380
383,382
384,382
385,383
386,384
387,385
388,386
389,386
390,389
391,388
392,390
393,391
394,389
395,393
396,394
397,394
398,394
399,398
400,397
401,398
402,399
403,400
404,400
405,402
406,404
407,405
408,405
409,406
410,407
411,409
412,410
413,410
414,414
415,413
416,414
417,413
418,416
419,417
420,419
421,417
422,419
423,420
424,419
425,421
426,422
427,426
428,416
429,427
430,427
431,428
432,430
433,429
434,431
435,432
436,431
437,433
438,435
439,436
440,436
441,440
442,439
443,440
444,442
445,443
446,441
447,445
448,444
449,446
450,446
451,449
452,448
453,455
454,450
455,452
456,452
457,454
458,454
459,455
460,452
461,459
462,460
463,459
464,459
465,463
466,462
467,463
468,464
469,466
470,466
471,468
472,468
473,471
474,471
475,473
476,472
477,475
478,475
479,476
480,476
481,479
482,478
483,480
484,481
485,482
486,482
487,484
488,485
489,483
490,487
491,488
492,488
493,490
494,490
495,494
496,492
497,492
498,494
499,494
500,498
501,498
502,499
503,498
504,495
505,503
506,503
507,503
508,505
509,505
510,509
511,509
512,509
513,511
514,514
515,511
516,512
517,513
518,516
519,515
520,517
521,518
522,518
523,520
524,523
525,522
526,526
527,526
528,524
529,525
530,527
531,525
532,529
533,530
534,527
535,533
536,533
537,535
538,536
539,533
540,537
541,538
542,541
543,529
544,540
545,543
546,543
547,544
548,544
549,547
550,547
551,548
552,549
553,549
554,551
555,551
556,555
557,554
558,556
559,555
560,557
561,558
562,559
563,560
564,560
565,561
566,561
567,564
568,565
569,565
570,567
571,568
572,567
573,570
574,572
575,572
576,572
577,573
578,575
579,575
580,578
581,579
582,579
583,580
584,579
585,583
586,581
587,586
588,584
589,585
590,586
591,588
592,589
593,589
594,591
595,590
596,591
597,594
598,595
599,597
600,598
601,597
602,601
603,600
604,600
605,601
606,601
607,601
608,604
609,605
610,604
611,607
612,604
613,610
614,610
615,612
616,614
617,610
618,614
619,616
620,617
621,617
622,619
623,620
624,621
625,621
626,622
627,619
628,625
629,625
630,626
631,628
632,628
633,629
634,631
635,630
636,633
637,636
638,634
639,635
640,635
641,638
642,637
643,640
644,639
645,641
646,642
647,646
648,645
649,646
650,644
651,649
652,647
653,649
654,652
655,651
656,652
657,653
658,654
659,650
660,656
661,658
662,662
663,660
664,652
665,661
666,663
667,663
668,664
669,665
670,665
671,667
672,667
673,670
674,670
675,672
676,673
677,673
678,674
679,676
680,676
681,677
682,679
683,679
684,679
685,681
686,682
687,684
688,686
689,685
690,686
691,687
692,687
693,689
694,690
695,692
696,691
697,695
698,693
699,696
700,696
701,697
702,699
703,688
704,697
705,701
706,704
707,703
708,705
709,703
710,705
711,706
712,708
713,709
714,710
715,711
716,713
717,715
718,713
719,714
720,716
721,728
722,717
723,717
724,719
725,723
726,721
727,723
728,723
729,724
730,727
731,727
732,728
733,730
734,727
735,731
736,731
737,733
738,733
739,734
740,736
741,729
742,738
743,737
744,740
745,741
746,747
747,742
748,744
749,744
750,745
751,749
752,746
753,737
754,749
755,752
756,754
757,753
758,754
759,755
760,756
761,762
762,759
763,761
764,760
765,761
766,763
767,763
768,764
769,764
770,767
771,767
772,768
773,769
774,773
775,770
776,772
777,773
778,774
779,776
780,776
781,778
782,778
783,778
784,780
785,781
786,782
787,784
788,784
789,786
790,786
791,786
792,788
793,788
794,789
795,792
796,791
797,793
798,794
799,795
800,788
801,800
802,798
803,799
804,801
805,799
806,802
807,803
808,803
809,809
810,807
811,808
812,808
813,807
814,810
815,810
816,812
817,812
818,813
819,815
820,815
821,818
822,817
823,825
824,820
825,819
826,822
827,822
828,823
829,824
830,825
831,826
832,827
833,835
834,831
835,830
836,833
837,834
838,834
839,835
840,834
841,837
842,838
843,838
844,840
845,841
846,843
847,846
848,843
849,845
850,847
851,847
852,847
853,849
854,850
855,849
856,852
857,851
858,853
859,854
860,862
861,857
862,858
863,859
864,859
865,857
866,860
867,863
868,862
869,864
870,865
871,867
872,868
873,868
874,869
875,870
876,871
877,873
878,874
879,874
880,876
881,876
882,877
883,879
884,881
885,879
886,883
887,883
888,884
889,885
890,886
891,886
892,888
893,889
894,889
895,890
896,895
897,894
898,894
899,893
900,896
901,895
902,898
903,898
904,899
905,900
906,904
907,903
908,903
909,905
910,906
911,902
912,907
913,909
914,909
915,911
916,911
917,912
918,914
919,914
920,916
921,913
922,918
923,918
924,920
925,921
926,920
927,922
928,930
929,925
930,926
931,927
932,927
933,929
934,928
935,930
936,932
937,932
938,922
939,940
940,934
941,932
942,938
943,940
944,938
945,941
946,940
947,942
948,941
949,942
950,945
951,946
952,948
953,948
954,950
955,951
956,954
957,951
958,951
959,956
960,954
961,956
962,957
963,958
964,959
965,961
966,960
967,961
968,963
969,963
970,964
971,966
972,966
973,968
974,969
975,971
976,971
977,972
978,972
979,973
980,977
981,975
982,977
983,978
984,981
985,978
986,983
987,982
988,980
989,985
990,986
991,987
992,987
993,988
994,989
995,990
996,992
997,990
998,993
999,994
1000,994
1001,996
1002,996
1003,998
1004,1000
1005,999
1006,1002
1007,996
1008,1005
1009,1008
1010,1005
1011,1007
1012,1008
1013,1008
1014,1014
1015,1012
1016,1011
1017,1012
1018,1014
1019,1010
1020,1016
1021,1005
1022,1016
1023,1019
1024,1021
1025,1021
1026,1024
1027,1022
1028,1025
1029,1025
1030,1025
1031,1025
1032,1029
1033,1021
1034,1031
1035,1030
1036,1032
1037,1033
1038,1033
1039,1034
1040,1035
1041,1035
1042,1037
1043,1039
1044,1041
1045,1039
1046,1041
1047,1042
1048,1044
1049,1045
1050,1047
1051,1048
1052,1048
1053,1050
1054,1049
1055,1050
1056,1051
1057,1052
1058,1053
1059,1055
1060,1056
1061,1058
1062,1059
1063,1058
1064,1060
1065,1061
1066,1062
1067,1063
1068,1064
1069,1064
1070,1066
1071,1067
1072,1068
1073,1069
1074,1069
1075,1070
1076,1073
1077,1073
1078,1072
1079,1075
1080,1050
1081,1077
1082,1094
1083,1078
1084,1078
1085,1080
1086,1083
1087,1077
1088,1083
1089,1084
1090,1086
1091,1087
1092,1086
1093,1089
1094,1081
1095,1090
1096,1091
1097,1093
1098,1094
1099,1092
1100,1095
1101,1096
1102,1096
1103,1098
1104,1103
1105,1098
1106,1101
1107,1101
1108,1102
1109,1105
1110,1106
1111,1117
1112,1107
1113,1109
1114,1110
1115,1109
1116,1117
1117,1112
1118,1114
1119,1115
1120,1116
1121,1118
1122,1117
1123,1118
1124,1119
1125,1119
1126,1124
1127,1123
1128,1135
1129,1124
1130,1126
1131,1126
1132,1128
1133,1128
1134,1128
1135,1131
1136,1133
1137,1132
1138,1136
1139,1134
1140,1136
1141,1135
1142,1137
1143,1139
1144,1139
1145,1144
1146,1141
1147,1143
1148,1142
1149,1144
1150,1144
1151,1146
1152,1146
1153,1147
1154,1150
1155,1151
1156,1151
1157,1153
1158,1152
1159,1154
1160,1154
1161,1157
1162,1157
1163,1159
1164,1160
1165,1161
1166,1161
1167,1162
1168,1163
1169,1163
1170,1167
1171,1165
1172,1168
1173,1170
1174,1169
1175,1169
1176,1169
1177,1172
1178,1172
1179,1176
1180,1176
1181,1176
1182,1173
1183,1178
1184,1180
1185,1182
1186,1181
1187,1183
1188,1184
1189,1184
1190,1184
1191,1186
1192,1187
1193,1187
1194,1187
1195,1193
1196,1190
1197,1193
1198,1193
1199,1195
1200,1196
1201,1195
1202,1197
1203,1199
1204,1200
1205,1201
1206,1201
1207,1201
1208,1204
1209,1204
1210,1205
1211,1206
1212,1206
1213,1208
1214,1211
1215,1210
1216,1210
1217,1212
1218,1213
1219,1214
1220,1214
1221,1214
1222,1216
1223,1217
1224,1220
1225,1220
1226,1224
1227,1222
1228,1224
1229,1222
1230,1223
1231,1223
1232,1227
1233,1227
1234,1228
1235,1230
1236,1231
1237,1231
1238,1234
1239,1234
1240,1234
1241,1235
1242,1236
1243,1238
1244,1238
1245,1242
1246,1242
1247,1242
1248,1242
1249,1243
1250,1247
1251,1245
1252,1247
1253,1247
1254,1250
1255,1253
1256,1251
1257,1253
1258,1250
1259,1254
1260,1255
1261,1257
1262,1257
1263,1258
1264,1260
1265,1260
1266,1261
1267,1262
1268,1261
1269,1264
1270,1265
1271,1266
1272,1268
1273,1269
1274,1269
1275,1272
1276,1271
1277,1271
1278,1273
1279,1275
1280,1275
1281,1276
1282,1277
1283,1277
1284,1278
1285,1283
1286,1281
1287,1282
1288,1283
1289,1285
1290,1288
1291,1285
1292,1288
1293,1287
1294,1290
1295,1290
1296,1291
1297,1293
1298,1293
1299,1294
1300,1295
1301,1295
1302,1306
1303,1298
1304,1302
1305,1302
1306,1300
1307,1301
1308,1304
1309,1304
1310,1305
1311,1307
1312,1305
1313,1309
1314,1312
1315,1311
1316,1312
1317,1313
1318,1314
1319,1315
1320,1315
1321,1305
1322,1318
1323,1317
1324,1318
1325,1320
1326,1320
1327,1321
1328,1324
1329,1323
1330,1325
1331,1314
1332,1327
1333,1326
1334,1329
1335,1328
1336,1330
1337,1330
1338,1330
1339,1334
1340,1331
1341,1335
1342,1330
1343,1336
1344,1339
1345,1341
1346,1341
1347,1341
1348,1343
1349,1343
1350,1345
1351,1345
1352,1345
1353,1348
1354,1349
1355,1348
1356,1350
1357,1352
1358,1352
1359,1354
1360,1353
1361,1353
1362,1357
1363,1357
1364,1359
1365,1359
1366,1360
1367,1361
1368,1365
1369,1363
1370,1365
1371,1365
1372,1367
1373,1367
1374,1368
1375,1369
1376,1371
1377,1372
1378,1371
1379,1374
1380,1373
1381,1375
1382,1379
1383,1374
1384,1378
1385,1381
1386,1381
1387,1385
1388,1382
1389,1383
1390,1385
1391,1386
1392,1385
1393,1389
1394,1390
1395,1389
1396,1392
1397,1392
1398,1393
1399,1394
1400,1395
1401,1396
1402,1396
1403,1397
1404,1398
1405,1398
1406,1400
1407,1402
1408,1402
1409,1403
1410,1405
1411,1405
1412,1405
1413,1410
1414,1407
1415,1409
1416,1421
1417,1413
1418,1413
1419,1413
1420,1415
1421,1415
1422,1417
1423,1418
1424,1417
1425,1419
1426,1417
1427,1421
1428,1422
1429,1424
1430,1426
1431,1424
1432,1425
1433,1430
1434,1429
1435,1430
1436,1429
1437,1431
1438,1429
1439,1434
1440,1435
1441,1436
1442,1435
1443,1438
1444,1439
1445,1440
1446,1441
1447,1442
1448,1442
1449,1443
1450,1444
1451,1445
1452,1445
1453,1447
1454,1449
1455,1450
1456,1452
1457,1452
1458,1451
1459,1453
1460,1454
1461,1453
1462,1457
1463,1456
1464,1458
1465,1459
1466,1459
1467,1460
1468,1461
1469,1463
1470,1465
1471,1463
1472,1467
1473,1466
1474,1468
1475,1469
1476,1470
1477,1471
1478,1472
1479,1475
1480,1475
1481,1476
1482,1476
1483,1475
1484,1478
1485,1478
1486,1481
1487,1481
1488,1480
1489,1483
1490,1485
1491,1484
1492,1475
1493,1488
1494,1487
1495,1491
1496,1490
1497,1487
1498,1492
1499,1493
1500,1493
1501,1495
1502,1492
1503,1500
1504,1496
1505,1498
1506,1500
1507,1498
1508,1500
1509,1502
1510,1505
1511,1509
1512,1507
1513,1508
1514,1507
1515,1510
1516,1515
1517,1511
1518,1511
1519,1506
1520,1514
1521,1516
1522,1515
1523,1517
1524,1519
1525,1520
1526,1507
1527,1521
1528,1521
1529,1524
1530,1524
1531,1487
1532,1527
1533,1522
1534,1527
1535,1530
1536,1529
1537,1531
1538,1532
1539,1533
1540,1538
1541,1535
1542,1532
1543,1536
1544,1538
1545,1539
1546,1539
1547,1541
1548,1542
1549,1543
1550,1545
1551,1544
1552,1546
1553,1547
1554,1547
1555,1550
1556,1550
1557,1549
1558,1551
1559,1551
1560,1553
1561,1555
1562,1559
1563,1558
1564,1563
1565,1558
1566,1560
1567,1559
1568,1561
1569,1564
1570,1564
1571,1563
1572,1566
1573,1567
1574,1568
1575,1569
1576,1569
1577,1571
1578,1572
1579,1573
1580,1573
1581,1574
1582,1576
1583,1577
1584,1577
1585,1578
1586,1579
1587,1580
1588,1582
1589,1583
1590,1586
1591,1584
1592,1585
1593,1588
1594,1587
1595,1589
1596,1591
1597,1590
1598,1592
1599,1594
1600,1598
1601,1593
1602,1598
1603,1597
1604,1603
1605,1597
1606,1600
1607,1599
1608,1601
1609,1603
1610,1604
1611,1604
1612,1607
1613,1607
1614,1608
1615,1609
1616,1610
1617,1609
1618,1611
1619,1612
1620,1613
1621,1614
1622,1616
1623,1617
1624,1617
1625,1618
1626,1620
1627,1620
1628,1621
1629,1622
1630,1623
1631,1624
1632,1625
1633,1627
1634,1629
1635,1629
1636,1631
1637,1631
1638,1633
1639,1633
1640,1633
1641,1635
1642,1635
1643,1638
1644,1637
1645,1638
1646,1640
1647,1643
1648,1642
1649,1644
1650,1643
1651,1645
1652,1643
1653,1646
1654,1645
1655,1648
1656,1649
1657,1649
1658,1651
1659,1650
1660,1654
1661,1654
1662,1656
1663,1657
1664,1667
1665,1657
1666,1660
1667,1661
1668,1661
1669,1661
1670,1662
1671,1666
1672,1664
1673,1666
1674,1667
1675,1668
1676,1669
1677,1671
1678,1669
1679,1672
1680,1673
1681,1675
1682,1676
1683,1676
1684,1675
1685,1678
1686,1679
1687,1680
1688,1683
1689,1683
1690,1686
1691,1683
1692,1685
1693,1686
1694,1687
1695,1687
1696,1689
1697,1690
1698,1691
1699,1692
1700,1689
1701,1695
1702,1695
1703,1697
1704,1697
1705,1696
1706,1699
1707,1700
1708,1701
1709,1702
1710,1703
1711,1704
1712,1706
1713,1705
1714,1708
1715,1708
1716,1710
1717,1711
1718,1709
1719,1713
1720,1711
1721,1713
1722,1715
1723,1716
1724,1718
1725,1718
1726,1719
1727,1720
1728,1720
1729,1725
1730,1723
1731,1723
1732,1724
1733,1725
1734,1725
1735,1727
1736,1728
1737,1730
1738,1730
1739,1732
1740,1733
1741,1734
1742,1734
1743,1736
1744,1737
1745,1726
1746,1739
1747,1739
1748,1740
1749,1740
1750,1743
1751,1745
1752,1746
1753,1745
1754,1746
1755,1748
1756,1750
1757,1750
1758,1750
1759,1752
1760,1752
1761,1754
1762,1766
1763,1756
1764,1757
1765,1757
1766,1760
1767,1760
1768,1759
1769,1762
1770,1762
1771,1763
1772,1764
1773,1765
1774,1770
1775,1766
1776,1769
1777,1768
1778,1771
1779,1774
1780,1771
1781,1773
1782,1774
1783,1777
1784,1777
1785,1778
1786,1780
1787,1779
1788,1782
1789,1783
1790,1783
1791,1784
1792,1785
1793,1788
1794,1787
1795,1789
1796,1788
1797,1791
1798,1791
1799,1791
1800,1793
1801,1795
1802,1795
1803,1796
1804,1797
1805,1799
1806,1803
1807,1798
1808,1802
1809,1803
1810,1804
1811,1803
1812,1806
1813,1806
1814,1805
1815,1808
1816,1809
1817,1811
1818,1822
1819,1817
1820,1814
1821,1812
1822,1815
1823,1815
1824,1817
1825,1815
1826,1819
1827,1820
1828,1820
1829,1821
1830,1821
1831,1824
1832,1825
1833,1826
1834,1827
1835,1827
1836,1829
1837,1831
1838,1830
1839,1832
1840,1834
1841,1823
1842,1834
1843,1836
1844,1837
1845,1837
1846,1839
1847,1839
1848,1841
1849,1842
1850,1843
1851,1843
1852,1845
1853,1848
1854,1847
1855,1849
1856,1849
1857,1851
1858,1850
1859,1846
1860,1852
1861,1853
1862,1854
1863,1855
1864,1856
1865,1858
1866,1858
1867,1868
1868,1860
1869,1861
1870,1862
1871,1865
1872,1864
1873,1865
1874,1866
1875,1869
1876,1869
1877,1870
1878,1870
1879,1871
1880,1874
1881,1874
1882,1873
1883,1876
1884,1876
1885,1880
1886,1879
1887,1879
1888,1881
1889,1880
1890,1884
1891,1884
1892,1886
1893,1885
1894,1887
1895,1887
1896,1889
1897,1889
1898,1891
1899,1893
1900,1892
1901,1893
1902,1893
1903,1896
1904,1897
1905,1897
1906,1899
1907,1898
1908,1893
1909,1901
1910,1902
1911,1904
1912,1905
1913,1901
1914,1906
1915,1909
1916,1909
1917,1909
1918,1910
1919,1911
1920,1912
1921,1913
1922,1915
1923,1916
1924,1917
1925,1917
1926,1918
1927,1919
1928,1922
1929,1921
1930,1923
1931,1923
1932,1926
1933,1927
1934,1925
1935,1927
1936,1929
1937,1930
1938,1930
1939,1931
1940,1933
1941,1938
1942,1934
1943,1935
1944,1936
1945,1937
1946,1938
1947,1940
1948,1948
1949,1942
1950,1943
1951,1943
1952,1946
1953,1941
1954,1946
1955,1948
1956,1952
1957,1951
1958,1946
1959,1952
1960,1951
1961,1954
1962,1954
1963,1955
1964,1957
1965,1951
1966,1959
1967,1959
1968,1961
1969,1961
1970,1955
1971,1965
1972,1965
1973,1967
1974,1965
1975,1969
1976,1968
1977,1970
1978,1970
1979,1972
1980,1974
1981,1973
1982,1976
1983,1976
1984,1975
1985,1978
1986,1978
1987,1980
1988,1978
1989,1983
1990,1983
1991,1982
1992,1986
1993,1986
1994,1976
1995,1988
1996,1988
1997,1988
1998,1991
1999,1991
2000,1992
2001,1994
2002,1994
2003,1995
2004,1996
2005,1996
2006,1998
2007,1998
2008,2000
2009,2002
2010,2003
2011,2004
2012,2004
2013,2005
2014,2006
2015,2008
2016,2008
2017,2011
2018,2010
2019,2011
2020,2013
2021,2014
2022,2014
2023,2014
2024,2016
2025,2018
2026,2018
2027,2019
2028,2020
2029,2022
2030,2023
2031,2024
2032,2024
2033,2025
2034,2043
2035,2028
2036,2027
2037,2029
2038,2031
2039,2030
2040,2032
2041,2037
2042,2036
2043,2036
2044,2035
2045,2037
2046,2008
2047,2040
2048,2041
2049,2042
2050,2042
2051,2043
2052,2045
2053,2015
2054,2047
2055,2046
2056,2049
2057,2050
2058,2051
2059,2052
2060,2052
2061,2054
2062,2054
2063,2055
2064,2056
2065,2056
2066,2059
2067,2057
2068,2060
2069,2062
2070,2062
2071,2063
2072,2064
2073,2064
2074,2066
2075,2066
2076,2068
2077,2069
2078,2071
2079,2071
2080,2070
2081,2073
2082,2071
2083,2076
2084,2076
2085,2077
2086,2078
2087,2072
2088,2078
2089,2080
2090,2082
2091,2082
2092,2083
2093,2085
2094,2086
2095,2086
2096,2088
2097,2089
2098,2090
2099,2090
2100,2091
2101,2094
2102,2094
2103,2094
2104,2095
2105,2096
2106,2099
2107,2099
2108,2100
2109,2101
2110,2102
2111,2103
2112,2103
2113,2105
2114,2105
2115,2107
2116,2108
2117,2107
2118,2110
2119,2111
2120,2111
2121,2112
2122,2114
2123,2119
2124,2109
2125,2117
2126,2116
2127,2117
2128,2120
2129,2122
2130,2121
2131,2124
2132,2123
2133,2125
2134,2126
2135,2128
2136,2128
2137,2128
2138,2129
2139,2131
2140,2132
2141,2133
2142,2134
2143,2139
2144,2134
2145,2135
2146,2140
2147,2138
2148,2140
2149,2141
2150,2144
2151,2142
2152,2143
2153,2144
2154,2146
2155,2146
2156,2147
2157,2148
2158,2151
2159,2150
2160,2152
2161,2154
2162,2146
2163,2152
2164,2158
2165,2156
2166,2157
2167,2158
2168,2160
2169,2160
2170,2160
2171,2162
2172,2167
2173,2164
2174,2166
2175,2167
2176,2167
2177,2167
2178,2169
2179,2170
2180,2171
2181,2173
2182,2174
2183,2173
2184,2175
2185,2176
2186,2177
2187,2180
2188,2172
2189,2180
2190,2180
2191,2184
2192,2184
2193,2183
2194,2188
2195,2186
2196,2185
2197,2189
2198,2189
2199,2191
2200,2193
2201,2192
2202,2194
2203,2195
2204,2194
2205,2196
2206,2197
2207,2200
2208,2199
2209,2202
2210,2205
2211,2204
2212,2203
2213,2204
2214,2206
2215,2206
2216,2208
2217,2209
2218,2209
2219,2212
2220,2212
2221,2212
2222,2212
2223,2214
2224,2216
2225,2217
2226,2218
2227,2220
2228,2219
2229,2222
2230,2220
2231,2223
2232,2222
2233,2224
2234,2225
2235,2226
2236,2228
2237,2227
2238,2229
2239,2230
2240,2231
2241,2231
2242,2234
2243,2238
2244,2237
2245,2237
2246,2237
2247,2237
2248,2239
2249,2240
2250,2242
2251,2242
2252,2244
2253,2244
2254,2246
2255,2245
2256,2246
2257,2239
2258,2248
2259,2250
2260,2251
2261,2253
2262,2253
2263,2254
2264,2254
2265,2255
2266,2257
2267,2257
2268,2260
2269,2261
2270,2262
2271,2264
2272,2265
2273,2264
2274,2270
2275,2267
2276,2266
2277,2268
2278,2271
2279,2270
2280,2271
2281,2274
2282,2275
2283,2275
2284,2277
2285,2277
2286,2276
2287,2277
2288,2285
2289,2280
2290,2283
2291,2283
2292,2283
2293,2285
2294,2285
2295,2285
2296,2288
2297,2290
2298,2289
2299,2291
2300,2294
2301,2293
2302,2294
2303,2294
2304,2296
2305,2299
2306,2298
2307,2297
2308,2299
2309,2300
2310,2301
2311,2302
2312,2303
2313,2306
2314,2305
2315,2307
2316,2307
2317,2308
2318,2310
2319,2311
2320,2312
2321,2313
2322,2313
2323,2314
2324,2316
2325,2319
2326,2323
2327,2317
2328,2319
2329,2321
2330,2321
2331,2322
2332,2323
2333,2323
2334,2326
2335,2326
2336,2327
2337,2329
2338,2328
2339,2328
2340,2335
2341,2332
2342,2333
2343,2334
2344,2336
2345,2337
2346,2337
2347,2337
2348,2338
2349,2341
2350,2343
2351,2342
2352,2342
2353,2344
2354,2346
2355,2346
2356,2347
2357,2348
2358,2350
2359,2340
2360,2345
2361,2353
2362,2354
2363,2355
2364,2358
2365,2354
2366,2356
2367,2358
2368,2359
2369,2363
2370,2360
2371,2361
2372,2363
2373,2364
2374,2364
2375,2366
2376,2365
2377,2368
2378,2368
2379,2369
2380,2372
2381,2370
2382,2377
2383,2371
2384,2375
2385,2377
2386,2377
2387,2379
2388,2377
2389,2379
2390,2383
2391,2382
2392,2383
2393,2385
2394,2386
2395,2386
2396,2380
2397,2389
2398,2388
2399,2391
2400,2394
2401,2392
2402,2392
2403,2394
2404,2395
2405,2396
2406,2398
2407,2398
2408,2400
2409,2398
2410,2401
2411,2401
2412,2403
2413,2404
2414,2405
2415,2407
2416,2407
2417,2408
2418,2407
2419,2407
2420,2411
2421,2411
2422,2414
2423,2414
2424,2416
2425,2417
2426,2417
2427,2419
2428,2419
2429,2417
2430,2421
2431,2421
2432,2425
2433,2424
2434,2423
2435,2425
2436,2427
2437,2427
2438,2428
2439,2430
2440,2431
2441,2430
2442,2431
2443,2435
2444,2434
2445,2436
2446,2438
2447,2437
2448,2440
2449,2441
2450,2441
2451,2441
2452,2446
2453,2443
2454,2445
2455,2445
2456,2446
2457,2448
2458,2448
2459,2449
2460,2450
2461,2450
2462,2450
2463,2453
2464,2455
2465,2454
2466,2457
2467,2456
2468,2457
2469,2458
2470,2461
2471,2461
2472,2462
2473,2463
2474,2464
2475,2466
2476,2464
2477,2468
2478,2469
2479,2470
2480,2471
2481,2470
2482,2472
2483,2472
2484,2475
2485,2475
2486,2476
2487,2478
2488,2479
2489,2481
2490,2480
2491,2482
2492,2483
2493,2483
2494,2485
2495,2486
2496,2487
2497,2486
2498,2489
2499,2489
2500,2490
2501,2490
2502,2493
2503,2492
2504,2496
2505,2494
2506,2493
2507,2498
2508,2497
2509,2498
2510,2500
2511,2500
2512,2502
2513,2502
2514,2504
2515,2506
2516,2507
2517,2507
2518,2508
2519,2509
2520,2509
2521,2512
2522,2513
2523,2513
2524,2514
2525,2516
2526,2513
2527,2517
2528,2517
2529,2519
2530,2520
2531,2520
2532,2517
2533,2523
2534,2524
2535,2524
2536,2525
2537,2527
2538,2529
2539,2529
2540,2531
2541,2533
2542,2532
2543,2533
2544,2535
2545,2535
2546,2537
2547,2531
2548,2539
2549,2538
2550,2540
2551,2547
2552,2542
2553,2542
2554,2545
2555,2545
2556,2545
2557,2546
2558,2547
2559,2549
2560,2550
2561,2552
2562,2553
2563,2558
2564,2554
2565,2555
2566,2557
2567,2560
2568,2559
2569,2560
2570,2561
2571,2561
2572,2563
2573,2566
2574,2565
2575,2570
2576,2565
2577,2574
2578,2568
2579,2569
2580,2571
2581,2571
2582,2574
2583,2571
2584,2574
2585,2578
2586,2575
2587,2580
2588,2578
2589,2580
2590,2579
2591,2580
2592,2581
2593,2582
2594,2584
2595,2585
2596,2586
2597,2586
2598,2589
2599,2588
2600,2591
2601,2590
2602,2592
2603,2592
2604,2595
2605,2584
2606,2595
2607,2595
2608,2599
2609,2600
2610,2601
2611,2600
2612,2601
2613,2603
2614,2604
2615,2611
2616,2603
2617,2606
2618,2606
2619,2610
2620,2610
2621,2610
2622,2612
2623,2611
2624,2614
2625,2615
2626,2615
2627,2618
2628,2618
2629,2618
2630,2620
2631,2621
2632,2621
2633,2621
2634,2624
2635,2624
2636,2625
2637,2628
2638,2628
2639,2629
2640,2629
2641,2632
2642,2634
2643,2633
2644,2635
2645,2636
2646,2635
2647,2636
2648,2638
2649,2638
2650,2639
2651,2641
2652,2641
2653,2642
2654,2643
2655,2645
2656,2645
2657,2648
2658,2647
2659,2649
2660,2649
2661,2650
2662,2651
2663,2640
2664,2655
2665,2656
2666,2655
2667,2657
2668,2659
2669,2659
2670,2660
2671,2664
2672,2662
2673,2661
2674,2663
2675,2664
2676,2662
2677,2668
2678,2666
2679,2666
2680,2669
2681,2670
2682,2672
2683,2675
2684,2674
2685,2675
2686,2675
2687,2676
2688,2678
2689,2678
2690,2679
2691,2680
2692,2682
2693,2682
2694,2683
2695,2685
2696,2684
2697,2686
2698,2687
2699,2688
2700,2689
2701,2690
2702,2691
2703,2692
2704,2693
2705,2695
2706,2689
2707,2696
2708,2699
2709,2700
2710,2700
2711,2692
2712,2701
2713,2703
2714,2705
2715,2704
2716,2707
2717,2706
2718,2706
2719,2708
2720,2708
2721,2714
2722,2711
2723,2713
2724,2713
2725,2714
2726,2717
2727,2714
2728,2720
2729,2720
2730,2719
2731,2719
2732,2722
2733,2722
2734,2723
2735,2724
2736,2724
2737,2727
2738,2725
2739,2729
2740,2729
2741,2729
2742,2731
2743,2732
2744,2732
2745,2737
2746,2734
2747,2736
2748,2737
2749,2738
2750,2740
2751,2741
2752,2741
2753,2743
2754,2744
2755,2744
2756,2746
2757,2747
2758,2746
2759,2748
2760,2750
2761,2750
2762,2749
2763,2753
2764,2754
2765,2764
2766,2757
2767,2757
2768,2759
2769,2758
2770,2758
2771,2757
2772,2762
2773,2762
2774,2764
2775,2764
2776,2765
2777,2767
2778,2768
2779,2768
2780,2770
2781,2774
2782,2772
2783,2772
2784,2774
2785,2775
2786,2776
2787,2777
2788,2779
2789,2779
2790,2780
2791,2781
2792,2784
2793,2783
2794,2785
2795,2794
2796,2785
2797,2787
2798,2785
2799,2789
2800,2790
2801,2791
2802,2792
2803,2793
2804,2794
2805,2793
2806,2797
2807,2796
2808,2798
2809,2798
2810,2798
2811,2802
2812,2806
2813,2803
2814,2804
2815,2803
2816,2806
2817,2804
2818,2807
2819,2809
2820,2810
2821,2809
2822,2812
2823,2812
2824,2814
2825,2814
2826,2816
2827,2820
2828,2816
2829,2817
2830,2818
2831,2821
2832,2822
2833,2823
2834,2823
2835,2824
2836,2825
2837,2825
2838,2828
2839,2827
2840,2829
2841,2828
2842,2831
2843,2832
2844,2833
2845,2833
2846,2833
2847,2837
2848,2841
2849,2839
2850,2842
2851,2841
2852,2842
2853,2841
2854,2844
2855,2845
2856,2845
2857,2847
2858,2847
2859,2847
2860,2848
2861,2852
2862,2838
2863,2853
2864,2852
2865,2855
2866,2854
2867,2856
2868,2858
2869,2859
2870,2859
2871,2862
2872,2857
2873,2862
2874,2863
2875,2865
2876,2865
2877,2867
2878,2867
2879,2868
2880,2869
2881,2869
2882,2872
2883,2871
2884,2872
2885,2862
2886,2875
2887,2876
2888,2877
2889,2878
2890,2880
2891,2880
2892,2880
2893,2880
2894,2883
2895,2885
2896,2886
2897,2886
2898,2887
2899,2887
2900,2886
2901,2891
2902,2893
2903,2892
2904,2893
2905,2892
2906,2894
2907,2896
2908,2896
2909,2899
2910,2898
2911,2900
2912,2913
2913,2902
2914,2905
2915,2903
2916,2906
2917,2906
2918,2907
2919,2911
2920,2910
2921,2911
2922,2911
2923,2911
2924,2914
2925,2914
2926,2904
2927,2919
2928,2916
2929,2918
2930,2924
2931,2919
2932,2922
2933,2921
2934,2923
2935,2923
2936,2929
2937,2925
2938,2927
2939,2928
2940,2929
2941,2930
2942,2931
2943,2931
2944,2933
2945,2934
2946,2937
2947,2937
2948,2944
2949,2938
2950,2942
2951,2941
2952,2940
2953,2942
2954,2943
2955,2944
2956,2944
2957,2946
2958,2946
2959,2948
2960,2950
2961,2951
2962,2952
2963,2951
2964,2963
2965,2952
2966,2954
2967,2958
2968,2957
2969,2959
2970,2954
2971,2966
2972,2960
2973,2962
2974,2965
2975,2964
2976,2964
2977,2966
2978,2967
2979,2967
2980,2969
2981,2970
2982,2971
2983,2972
2984,2973
2985,2974
2986,2973
2987,2974
2988,2976
2989,2976
2990,2986
2991,2979
2992,2979
2993,2981
2994,2983
2995,2981
2996,2986
2997,2986
2998,2986
2999,2988
3000,2990
3001,2992
3002,2991
3003,2991
3004,2993
3005,2993
3006,2994
3007,2995
3008,2996
3009,2998
3010,2998
3011,2999
3012,3000
3013,3002
3014,3005
3015,3005
3016,3006
3017,3007
3018,3006
3019,3013
3020,3009
3021,3011
3022,3013
3023,3012
3024,3014
3025,3015
3026,3014
3027,3017
3028,3017
3029,3018
3030,3019
3031,3019
3032,3022
3033,3022
3034,3024
3035,3024
3036,3024
3037,3026
3038,3028
3039,3028
3040,3036
3041,3031
3042,3031
3043,3031
3044,3035
3045,3036
3046,3035
3047,3036
3048,3036
3049,3037
3050,3043
3051,3040
3052,3037
3053,3042
3054,3043
3055,3043
3056,3046
3057,3045
3058,3047
3059,3047
3060,3050
3061,3051
3062,3052
3063,3052
3064,3050
3065,3055
3066,3056
3067,3055
3068,3055
3069,3058
3070,3061
3071,3061
3072,3061
3073,3063
3074,3064
3075,3066
3076,3065
3077,3067
3078,3067
3079,3070
3080,3070
3081,3070
3082,3071
3083,3072
3084,3072
3085,3072
3086,3076
3087,3077
3088,3075
3089,3079
3090,3081
3091,3080
3092,3081
3093,3083
3094,3083
3095,3085
3096,3084
3097,3085
3098,3088
3099,3089
3100,3090
3101,3089
3102,3091
3103,3092
3104,3097
3105,3093
3106,3095
3107,3094
3108,3098
3109,3098
3110,3099
3111,3100
3112,3102
3113,3102
3114,3109
3115,3104
3116,3105
3117,3108
3118,3108
3119,3121
3120,3110
3121,3108
3122,3111
3123,3112
3124,3113
3125,3114
3126,3115
3127,3115
3128,3117
3129,3117
3130,3119
3131,3117
3132,3126
3133,3121
3134,3122
3135,3124
3136,3125
3137,3127
3138,3127
3139,3127
3140,3130
3141,3131
3142,3131
3143,3131
3144,3133
3145,3136
3146,3134
3147,3135
3148,3137
3149,3138
3150,3139
3151,3141
3152,3141
3153,3143
3154,3143
3155,3145
3156,3145
3157,3146
3158,3145
3159,3149
3160,3149
3161,3149
3162,3151
3163,3153
3164,3153
3165,3154
3166,3155
3167,3156
3168,3157
3169,3157
3170,3158
3171,3161
3172,3160
3173,3161
3174,3163
3175,3162
3176,3165
3177,3167
3178,3166
3179,3166
3180,3169
3181,3170
3182,3171
3183,3172
3184,3171
3185,3173
3186,3173
3187,3177
3188,3175
3189,3178
3190,3178
3191,3179
3192,3180
3193,3182
3194,3183
3195,3183
3196,3184
3197,3187
3198,3187
3199,3187
3200,3188
3201,3190
3202,3191
3203,3191
3204,3193
3205,3193
3206,3195
3207,3195
3208,3197
3209,3199
3210,3203
3211,3200
3212,3199
3213,3202
3214,3202
3215,3204
3216,3205
3217,3204
3218,3205
3219,3207
3220,3206
3221,3209
3222,3211
3223,3211
3224,3211
3225,3213
3226,3214
3227,3214
3228,3215
3229,3217
3230,3217
3231,3219
3232,3221
3233,3221
3234,3222
3235,3223
3236,3224
3237,3226
3238,3226
3239,3228
3240,3229
3241,3227
3242,3229
3243,3232
3244,3231
3245,3232
3246,3234
3247,3234
3248,3237
3249,3238
3250,3238
3251,3239
3252,3241
3253,3241
3254,3243
3255,3243
3256,3246
3257,3244
3258,3248
3259,3245
3260,3249
3261,3250
3262,3249
3263,3250
3264,3253
3265,3252
3266,3254
3267,3258
3268,3256
3269,3245
3270,3258
3271,3260
3272,3259
3273,3262
3274,3264
3275,3262
3276,3264
3277,3265
3278,3267
3279,3267
3280,3269
3281,3270
3282,3269
3283,3274
3284,3273
3285,3274
3286,3272
3287,3275
3288,3277
3289,3278
3290,3279
3291,3280
3292,3280
3293,3281
3294,3283
3295,3283
3296,3261
3297,3285
3298,3287
3299,3287
3300,3288
3301,3289
3302,3290
3303,3291
3304,3292
3305,3293
3306,3295
3307,3296
3308,3295
3309,3297
3310,3299
3311,3299
3312,3301
3313,3303
3314,3299
3315,3308
3316,3304
3317,3305
3318,3306
3319,3307
3320,3307
3321,3310
3322,3311
3323,3312
3324,3312
3325,3312
3326,3316
3327,3313
3328,3315
3329,3317
3330,3317
3331,3324
3332,3321
3333,3321
3334,3322
3335,3323
3336,3324
3337,3326
3338,3325
3339,3326
3340,3327
3341,3330
3342,3330
3343,3333
3344,3337
3345,3333
3346,3332
3347,3335
3348,3335
3349,3338
3350,3341
3351,3339
3352,3340
3353,3341
3354,3343
3355,3343
3356,3344
3357,3346
3358,3347
3359,3346
3360,3349
3361,3344
3362,3350
3363,3351
3364,3354
3365,3353
3366,3353
3367,3355
3368,3357
3369,3358
3370,3359
3371,3360
3372,3361
3373,3362
3374,3362
3375,3362
3376,3364
3377,3365
3378,3369
3379,3366
3380,3369
3381,3368
3382,3369
3383,3379
3384,3373
3385,3373
3386,3374
3387,3375
3388,3377
3389,3377
3390,3379
3391,3378
3392,3381
3393,3381
3394,3383
3395,3386
3396,3385
3397,3385
3398,3385
3399,3387
3400,3388
3401,3389
3402,3390
3403,3391
3404,3392
3405,3392
3406,3396
3407,3395
3408,3397
3409,3396
3410,3398
3411,3399
3412,3400
3413,3401
3414,3401
3415,3403
3416,3406
3417,3404
3418,3406
3419,3410
3420,3408
3421,3406
3422,3411
3423,3409
3424,3413
3425,3412
3426,3415
3427,3415
3428,3415
3429,3416
3430,3418
3431,3420
3432,3420
3433,3423
3434,3423
3435,3424
3436,3427
3437,3425
3438,3425
3439,3427
3440,3428
3441,3429
3442,3430
3443,3432
3444,3432
3445,3432
3446,3440
3447,3435
3448,3434
3449,3437
3450,3438
3451,3439
3452,3440
3453,3441
3454,3443
3455,3443
3456,3436
3457,3444
3458,3445
3459,3447
3460,3448
3461,3448
3462,3449
3463,3452
3464,3451
3465,3451
3466,3455
3467,3454
3468,3458
3469,3459
3470,3458
3471,3475
3472,3459
3473,3459
3474,3461
3475,3463
3476,3461
3477,3463
3478,3465
3479,3467
3480,3467
3481,3467
3482,3469
3483,3470
3484,3471
3485,3473
3486,3474
3487,3473
3488,3473
3489,3476
3490,3479
3491,3477
3492,3480
3493,3481
3494,3481
3495,3482
3496,3482
3497,3485
3498,3484
3499,3486
3500,3487
3501,3489
3502,3485
3503,3489
3504,3494
3505,3493
3506,3494
3507,3493
3508,3496
3509,3496
3510,3498
3511,3497
3512,3501
3513,3500
3514,3503
3515,3503
3516,3503
3517,3503
3518,3506
3519,3507
3520,3508
3521,3507
3522,3508
3523,3511
3524,3511
3525,3513
3526,3514
3527,3514
3528,3515
3529,3517
3530,3518
3531,3518
3532,3522
3533,3521
3534,3520
3535,3523
3536,3524
3537,3525
3538,3519
3539,3526
3540,3526
3541,3528
3542,3529
3543,3530
3544,3531
3545,3532
3546,3536
3547,3535
3548,3535
3549,3536
3550,3537
3551,3538
3552,3538
3553,3540
3554,3542
3555,3543
3556,3544
3557,3544
3558,3545
3559,3546
3560,3547
3561,3547
3562,3550
3563,3554
3564,3551
3565,3552
3566,3545
3567,3555
3568,3559
3569,3557
3570,3557
3571,3557
3572,3559
3573,3560
3574,3560
3575,3563
3576,3563
3577,3562
3578,3565
3579,3566
3580,3567
3581,3569
3582,3603
3583,3572
3584,3572
3585,3577
3586,3572
3587,3574
3588,3575
3589,3580
3590,3575
3591,3579
3592,3579
3593,3581
3594,3580
3595,3582
3596,3583
3597,3583
3598,3585
3599,3588
3600,3587
3601,3588
3602,3589
3603,3591
3604,3593
3605,3593
3606,3593
3607,3594
3608,3594
3609,3595
3610,3595
3611,3597
3612,3606
3613,3599
3614,3602
3615,3601
3616,3603
3617,3602
3618,3605
3619,3606
3620,3607
3621,3603
3622,3609
3623,3609
3624,3614
3625,3613
3626,3611
3627,3613
3628,3613
3629,3614
3630,3617
3631,3619
3632,3619
3633,3620
3634,3619
3635,3622
3636,3622
3637,3626
3638,3628
3639,3626
3640,3627
3641,3627
3642,3627
3643,3630
3644,3631
3645,3632
3646,3633
3647,3633
3648,3635
3649,3641
3650,3635
3651,3638
3652,3641
3653,3639
3654,3641
3655,3641
3656,3646
3657,3644
3658,3645
3659,3645
3660,3647
3661,3648
3662,3650
3663,3651
3664,3649
3665,3652
3666,3654
3667,3653
3668,3655
3669,3655
3670,3656
3671,3657
3672,3659
3673,3661
3674,3661
3675,3661
3676,3662
3677,3663
3678,3666
3679,3666
3680,3666
3681,3668
3682,3669
3683,3669
3684,3670
3685,3672
3686,3672
3687,3672
3688,3681
3689,3675
3690,3676
3691,3677
3692,3678
3693,3678
3694,3680
3695,3681
3696,3683
3697,3684
3698,3685
3699,3687
3700,3686
3701,3687
3702,3687
3703,3690
3704,3689
3705,3691
3706,3693
3707,3693
3708,3694
3709,3695
3710,3694
3711,3697
3712,3698
3713,3699
3714,3701
3715,3700
3716,3700
3717,3704
3718,3704
3719,3706
3720,3707
3721,3710
3722,3708
3723,3709
3724,3708
3725,3712
3726,3716
3727,3712
3728,3713
3729,3715
3730,3715
3731,3718
3732,3719
3733,3718
3734,3719
3735,3721
3736,3722
3737,3723
3738,3724
3739,3724
3740,3727
3741,3727
3742,3731
3743,3728
3744,3730
3745,3729
3746,3733
3747,3733
3748,3733
3749,3736
3750,3735
3751,3737
3752,3737
3753,3739
3754,3740
3755,3741
3756,3748
3757,3739
3758,3744
3759,3742
3760,3745
3761,3747
3762,3748
3763,3749
3764,3750
3765,3750
3766,3752
3767,3752
3768,3753
3769,3756
3770,3756
3771,3746
3772,3758
3773,3759
3774,3760
3775,3761
3776,3772
3777,3764
3778,3757
3779,3763
3780,3766
3781,3776
3782,3767
3783,3771
3784,3769
3785,3771
3786,3773
3787,3774
3788,3772
3789,3775
3790,3776
3791,3777
3792,3778
3793,3778
3794,3780
3795,3787
3796,3781
3797,3787
3798,3783
3799,3785
3800,3785
3801,3787
3802,3787
3803,3788
3804,3795
3805,3789
3806,3794
3807,3792
3808,3793
3809,3796
3810,3795
3811,3797
3812,3797
3813,3798
3814,3799
3815,3801
3816,3798
3817,3802
3818,3804
3819,3804
3820,3806
3821,3807
3822,3806
3823,3809
3824,3811
3825,3807
3826,3812
3827,3814
3828,3813
3829,3815
3830,3818
3831,3817
3832,3817
3833,3819
3834,3820
3835,3821
3836,3823
3837,3824
3838,3824
3839,3821
3840,3826
3841,3827
3842,3828
3843,3828
3844,3830
3845,3830
3846,3833
3847,3831
3848,3835
3849,3833
3850,3835
3851,3836
3852,3839
3853,3843
3854,3840
3855,3841
3856,3841
3857,3843
3858,3843
3859,3846
3860,3846
3861,3847
3862,3848
3863,3850
3864,3849
3865,3851
3866,3854
3867,3851
3868,3852
3869,3855
3870,3856
3871,3856
3872,3856
3873,3857
3874,3860
3875,3855
3876,3862
3877,3862
3878,3864
3879,3864
3880,3867
3881,3867
3882,3867
3883,3873
3884,3869
3885,3869
3886,3871
3887,3873
3888,3874
3889,3875
3890,3876
3891,3876
3892,3877
3893,3877
3894,3877
3895,3881
3896,3880
3897,3884
3898,3884
3899,3886
3900,3884
3901,3894
3902,3888
3903,3889
3904,3889
3905,3890
3906,3893
3907,3893
3908,3893
3909,3893
3910,3896
3911,3900
3912,3898
3913,3897
3914,3901
3915,3901
3916,3903
3917,3902
3918,3904
3919,3909
3920,3904
3921,3905
3922,3908
3923,3910
3924,3910
3925,3910
3926,3912
3927,3912
3928,3914
3929,3915
3930,3916
3931,3916
3932,3916
3933,3919
3934,3921
3935,3921
3936,3927
3937,3924
3938,3924
3939,3923
3940,3924
3941,3925
3942,3929
3943,3928
3944,3930
3945,3931
3946,3932
3947,3933
3948,3932
3949,3935
3950,3935
3951,3937
3952,3938
3953,3937
3954,3939
3955,3941
3956,3941
3957,3943
3958,3944
3959,3943
3960,3945
3961,3945
3962,3947
3963,3949
3964,3949
3965,3969
3966,3952
3967,3945
3968,3955
3969,3954
3970,3955
3971,3953
3972,3957
3973,3957
3974,3959
3975,3960
3976,3961
3977,3964
3978,3964
3979,3963
3980,3964
3981,3966
3982,3968
3983,3969
3984,3963
3985,3970
3986,3971
3987,3971
3988,3974
3989,3974
3990,3976
3991,3973
3992,3978
3993,3977
3994,3979
3995,3982
3996,3981
3997,3984
3998,3983
3999,3982
4000,3985
4001,3987
4002,3987
4003,3988
4004,3988
4005,3991
4006,3991
4007,3991
4008,3995
4009,3993
4010,3995
4011,3998
4012,3998
4013,3999
4014,4000
4015,4000
4016,4000
4017,4000
4018,4004
4019,4005
4020,4006
4021,4005
4022,4007
4023,4009
4024,4008
4025,4011
4026,4012
4027,4013
4028,4013
4029,4015
4030,4016
4031,4017
4032,4018
4033,4026
4034,4019
4035,4021
4036,4022
4037,4017
4038,4024
4039,4025
4040,4025
4041,4025
4042,4023
4043,4029
4044,4028
4045,4029
4046,4031
4047,4034
4048,4033
4049,4034
4050,4036
4051,4037
4052,4036
4053,4039
4054,4041
4055,4041
4056,4042
4057,4041
4058,4043
4059,4042
4060,4047
4061,4037
4062,4047
4063,4045
4064,4050
4065,4050
4066,4052
4067,4053
4068,4055
4069,4055
4070,4055
4071,4057
4072,4057
4073,4058
4074,4057
4075,4061
4076,4061
4077,4064
4078,4063
4079,4065
4080,4066
4081,4066
4082,4069
4083,4069
4084,4069
4085,4071
4086,4071
4087,4071
4088,4075
4089,4072
4090,4075
4091,4077
4092,4077
4093,4076
4094,4079
4095,4076