0,4
1,4
2,3
3,5
4,4
5,5
6,5
7,7
8,7
9,9
10,7
11,11
12,10
13,12
14,12
15,13
16,13
17,14
18,17
19,17
20,18
21,20
22,21
23,21
24,24
25,23
26,24
27,29
28,28
29,28
30,29
31,30
32,31
33,32
34,34
35,33
36,36
37,35
38,37
39,37
40,28
41,41
42,41
43,41
44,43
45,44
46,44
47,46
48,47
49,48
50,48
51,50
52,50
53,52
54,51
55,53
56,54
57,56
58,57
59,57
60,59
61,59
62,60
63,61
64,63
65,64
66,65
67,65
68,67
69,68
70,67
71,69
72,72
73,73
74,71
75,73
76,74
77,74
78,68
79,76
80,79
81,80
82,79
83,81
84,83
85,84
86,83
87,86
88,74
89,89
90,89
91,95
92,91
93,92
94,91
95,92
96,113
97,95
98,95
99,99
100,97
101,99
102,100
103,102
104,102
105,103
106,103
107,105
108,106
109,106
110,109
111,109
112,111
113,110
114,112
115,113
116,114
117,114
118,117
119,118
120,114
121,118
122,120
123,122
124,122
125,125
126,124
127,125
128,125
129,127
130,128
131,129
132,130
133,131
134,133
135,133
136,134
137,135
138,133
139,138
140,138
141,140
142,141
143,147
144,141
145,144
146,144
147,146
148,146
149,147
150,149
151,148
152,150
153,151
154,151
155,153
156,156
157,158
158,157
159,158
160,159
161,158
162,159
163,162
164,163
165,164
166,164
167,166
168,167
169,167
170,168
171,169
172,171
173,172
174,173
175,174
176,176
177,176
178,174
179,175
180,177
181,179
182,179
183,180
184,183
185,189
186,184
187,185
188,187
189,188
190,188
191,190
192,191
193,190
194,193
195,192
196,195
197,194
198,196
199,198
200,197
201,199
202,200
203,200
204,202
205,204
206,205
207,203
208,206
209,206
210,207
211,209
212,210
213,211
214,212
215,212
216,213
217,215
218,217
219,217
220,217
221,219
222,220
223,221
224,221
225,222
226,224
227,223
228,226
229,228
230,228
231,229
232,229
233,230
234,232
235,231
236,233
237,234
238,236
239,238
240,236
241,240
242,240
243,240
244,247
245,242
246,243
247,246
248,246
249,247
250,247
251,249
252,253
253,251
254,255
255,254
256,255
257,255
258,256
259,263
260,258
261,259
262,260
263,262
264,262
265,262
266,263
267,265
268,267
269,272
270,268
271,267
272,262
273,272
274,272
275,274
276,274
277,275
278,278
279,278
280,278
281,280
282,280
283,281
284,279
285,283
286,285
287,283
288,287
289,287
290,289
291,290
292,290
293,291
294,292
295,293
296,293
297,294
298,297
299,297
300,298
301,299
302,300
303,301
304,302
305,305
306,304
307,305
308,306
309,308
310,308
311,308
312,312
313,316
314,313
315,313
316,313
317,315
318,320
319,319
320,321
321,318
322,320
323,327
324,322
325,319
326,325
327,325
328,325
329,327
330,328
331,328
332,330
333,330
334,332
335,332
336,332
337,335
338,335
339,337
340,337
341,340
342,340
343,340
344,342
345,343
346,344
347,345
348,344
349,347
350,349
351,348
352,350
353,349
354,355
355,356
356,354
357,354
358,355
359,357
360,356
361,360
362,360
363,361
364,362
365,363
366,365
367,364
368,365
369,367
370,367
371,369
372,371
373,371
374,371
375,372
376,374
377,389
378,377
379,377
380,379
381,380
382,381
383,380
384,382
385,378
386,385
387,384
388,382
389,386
390,386
391,389
392,391
393,390
394,392
395,393
396,393
397,396
398,396
399,396
400,398
401,400
402,399
403,401
404,402
405,402
406,404
407,404
408,406
409,374
410,407
411,409
412,408
413,408
414,412
415,414
416,413
417,415
418,414
419,417
420,417
421,411
422,420
423,420
424,422
425,422
426,423
427,425
428,426
429,425
430,427
431,429
432,430
433,431
434,431
435,431
436,436
437,435
438,435
439,435
440,437
441,435
442,439
443,440
444,441
445,441
446,443
447,445
448,445
449,446
450,447
451,448
452,449
453,449
454,452
455,453
456,449
457,454
458,455
459,455
460,457
461,459
462,460
463,460
464,462
465,463
466,462
467,466
468,465
469,467
470,466
471,467
472,469
473,469
474,471
475,472
476,471
477,474
478,475
479,475
480,477
481,477
482,479
483,480
484,480
485,484
486,483
487,484
488,484
489,485
490,487
491,488
492,488
493,490
494,494
495,492
496,492
497,493
498,497
499,496
500,496
501,497
502,498
503,499
504,501
505,493
506,504
507,503
508,505
509,506
510,508
511,509
512,509
513,509
514,511
515,504
516,514
517,512
518,514
519,515
520,513
521,518
522,518
523,524
524,521
525,526
526,523
527,524
528,525
529,526
530,532
531,528
532,530
533,530
534,530
535,529
536,534
537,534
538,533
539,537
540,535
541,538
542,539
543,541
544,542
545,539
546,543
547,545
548,543
549,545
550,547
551,548
552,550
553,551
554,551
555,552
556,553
557,554
558,559
559,556
560,561
561,558
562,559
563,560
564,561
565,563
566,565
567,564
568,565
569,564
570,566
571,569
572,568
573,569
574,571
575,573
576,572
577,573
578,573
579,575
580,582
581,578
582,577
583,579
584,581
585,581
586,582
587,583
588,584
589,586
590,587
591,587
592,586
593,590
594,593
595,591
596,592
597,593
598,595
599,595
600,596
601,598
602,601
603,600
604,601
605,601
606,602
607,604
608,604
609,608
610,605
611,607
612,608
613,609
614,620
615,612
616,611
617,611
618,614
619,617
620,617
621,617
622,617
623,619
624,621
625,622
626,623
627,623
628,624
629,624
630,626
631,627
632,630
633,630
634,633
635,631
636,633
637,631
638,635
639,634
640,637
641,639
642,637
643,639
644,638
645,642
646,640
647,644
648,645
649,645
650,647
651,646
652,646
653,649
654,656
655,652
656,651
657,655
658,655
659,657
660,656
661,658
662,659
663,659
664,662
665,661
666,663
667,663
668,665
669,665
670,667
671,671
672,669
673,669
674,671
675,672
676,673
677,673
678,673
679,677
680,677
681,675
682,678
683,679
684,682
685,680
686,681
687,685
688,683
689,684
690,686
691,686
692,689
693,690
694,690
695,691
696,693
697,694
698,694
699,696
700,701
701,698
702,698
703,698
704,701
705,701
706,702
707,703
708,704
709,705
710,703
711,707
712,709
713,709
714,710
715,710
716,712
717,723
718,714
719,715
720,717
721,717
722,718
723,720
724,719
725,720
726,725
727,723
728,724
729,726
730,721
731,728
732,728
733,728
734,728
735,737
736,732
737,732
738,734
739,736
740,737
741,738
742,739
743,740
744,740
745,739
746,742
747,741
748,743
749,745
750,744
751,746
752,748
753,751
754,750
755,795
756,752
757,754
758,754
759,755
760,756
761,758
762,758
763,759
764,760
765,761
766,762
767,763
768,765
769,777
770,766
771,768
772,767
773,770
774,770
775,772
776,773
777,773
778,774
779,774
780,777
781,776
782,777
783,779
784,781
785,781
786,788
787,784
788,786
789,784
790,787
791,788
792,788
793,789
794,790
795,792
796,792
797,792
798,794
799,796
800,814
801,797
802,798
803,798
804,799
805,797
806,804
807,803
808,803
809,805
810,807
811,807
812,809
813,811
814,811
815,813
816,813
817,813
818,815
819,817
820,816
821,816
822,819
823,818
824,820
825,822
826,823
827,823
828,824
829,825
830,826
831,828
832,831
833,831
834,831
835,832
836,831
837,833
838,835
839,836
840,839
841,838
842,837
843,841
844,840
845,840
846,843
847,850
848,844
849,845
850,844
851,848
852,848
853,849
854,854
855,850
856,852
857,855
858,855
859,855
860,856
861,858
862,847
863,858
864,861
865,861
866,861
867,866
868,864
869,865
870,866
871,867
872,867
873,870
874,872
875,873
876,872
877,873
878,873
879,876
880,876
881,878
882,877
883,880
884,881
885,882
886,882
887,881
888,883
889,885
890,886
891,888
892,887
893,890
894,889
895,892
896,891
897,892
898,894
899,895
900,896
901,898
902,898
903,899
904,900
905,901
906,901
907,903
908,905
909,905
910,905
911,908
912,906
913,911
914,911
915,912
916,911
917,913
918,916
919,916
920,922
921,917
922,918
923,919
924,920
925,920
926,921
927,923
928,923
929,925
930,926
931,926
932,928
933,928
934,930
935,931
936,932
937,932
938,933
939,936
940,935
941,937
942,939
943,938
944,940
945,941
946,941
947,943
948,943
949,945
950,952
951,947
952,948
953,948
954,949
955,949
956,951
957,952
958,953
959,954
960,954
961,956
962,957
963,958
964,960
965,960
966,962
967,963
968,964
969,965
970,965
971,966
972,966
973,968
974,969
975,970
976,971
977,974
978,972
979,973
980,978
981,976
982,977
983,978
984,979
985,986
986,981
987,982
988,983
989,984
990,986
991,987
992,987
993,988
994,984
995,990
996,992
997,992
998,994
999,996
1000,996
1001,996
1002,999
1003,998
1004,998
1005,1001
1006,1005
1007,1000
1008,1004
1009,1004
1010,1005
1011,1006
1012,1007
1013,1010
1014,1009
1015,1010
1016,1012
1017,1011
1018,1013
1019,1015
1020,1015
1021,1015
1022,1018
1023,1018
1024,1016
1025,1020
1026,1021
1027,1025
1028,1022
1029,1025
1030,1026
1031,1026
1032,1028
1033,1029
1034,1029
1035,1037
1036,1032
1037,1033
1038,1034
1039,1034
1040,1035
1041,1037
1042,1035
1043,1039
1044,1040
1045,1031
1046,1042
1047,1042
1048,1041
1049,1044
1050,1043
1051,1047
1052,1050
1053,1048
1054,1049
1055,1050
1056,1054
1057,1030
1058,1054
1059,1055
1060,1055
1061,1056
1062,1056
1063,1057
1064,1092
1065,1061
1066,1061
1067,1062
1068,1064
1069,1064
1070,1068
1071,1066
1072,1066
1073,1069
1074,1067
1075,1070
1076,1076
1077,1072
1078,1073
1079,1072
1080,1074
1081,1075
1082,1077
1083,1077
1084,1079
1085,1081
1086,1080
1087,1082
1088,1083
1089,1083
1090,1085
1091,1086
1092,1086
1093,1087
1094,1089
1095,1091
1096,1090
1097,1092
1098,1093
1099,1094
1100,1095
1101,1096
1102,1098
1103,1098
1104,1096
1105,1100
1106,1101
1107,1101
1108,1103
1109,1102
1110,1105
1111,1104
1112,1107
1113,1108
1114,1109
1115,1111
1116,1112
1117,1115
1118,1113
1119,1116
1120,1115
1121,1115
1122,1117
1123,1118
1124,1118
1125,1120
1126,1120
1127,1122
1128,1124
1129,1124
1130,1124
1131,1125
1132,1127
1133,1127
1134,1130
1135,1134
1136,1131
1137,1131
1138,1133
1139,1133
1140,1133
1141,1135
1142,1143
1143,1136
1144,1139
1145,1141
1146,1141
1147,1142
1148,1143
1149,1144
1150,1145
1151,1147
1152,1147
1153,1148
1154,1149
1155,1149
1156,1150
1157,1152
1158,1152
1159,1154
1160,1155
1161,1156
1162,1157
1163,1159
1164,1148
1165,1161
1166,1161
1167,1162
1168,1163
1169,1163
1170,1166
1171,1166
1172,1166
1173,1168
1174,1168
1175,1170
1176,1171
1177,1173
1178,1173
1179,1174
1180,1175
1181,1175
1182,1177
1183,1177
1184,1179
1185,1179
1186,1182
1187,1182
1188,1181
1189,1184
1190,1185
1191,1187
1192,1187
1193,1188
1194,1190
1195,1189
1196,1192
1197,1188
1198,1194
1199,1193
1200,1194
1201,1196
1202,1240
1203,1198
1204,1199
1205,1201
1206,1200
1207,1203
1208,1202
1209,1202
1210,1204
1211,1206
1212,1208
1213,1207
1214,1208
1215,1210
1216,1210
1217,1212
1218,1213
1219,1213
1220,1215
1221,1216
1222,1217
1223,1215
1224,1217
1225,1220
1226,1220
1227,1220
1228,1228
1229,1223
1230,1224
1231,1225
1232,1227
1233,1228
1234,1226
1235,1229
1236,1231
1237,1233
1238,1236
1239,1234
1240,1235
1241,1233
1242,1236
1243,1239
1244,1239
1245,1236
1246,1240
1247,1242
1248,1243
1249,1243
1250,1244
1251,1246
1252,1247
1253,1248
1254,1246
1255,1251
1256,1250
1257,1241
1258,1252
1259,1254
1260,1254
1261,1257
1262,1257
1263,1258
1264,1262
1265,1259
1266,1261
1267,1262
1268,1263
1269,1264
1270,1265
1271,1266
1272,1267
1273,1268
1274,1269
1275,1269
1276,1271
1277,1270
1278,1272
1279,1274
1280,1275
1281,1275
1282,1277
1283,1278
1284,1278
1285,1280
1286,1282
1287,1282
1288,1283
1289,1285
1290,1286
1291,1286
1292,1286
1293,1285
1294,1289
1295,1289
1296,1291
1297,1292
1298,1293
1299,1289
1300,1298
1301,1297
1302,1297
1303,1297
1304,1299
1305,1299
1306,1302
1307,1302
1308,1303
1309,1303
1310,1304
1311,1308
1312,1306
1313,1306
1314,1310
1315,1309
1316,1310
1317,1311
1318,1314
1319,1313
1320,1315
1321,1316
1322,1317
1323,1318
1324,1324
1325,1320
1326,1324
1327,1323
1328,1322
1329,1325
1330,1324
1331,1326
1332,1327
1333,1328
1334,1329
1335,1329
1336,1329
1337,1333
1338,1330
1339,1334
1340,1333
1341,1335
1342,1335
1343,1338
1344,1339
1345,1340
1346,1341
1347,1341
1348,1341
1349,1344
1350,1344
1351,1345
1352,1347
1353,1348
1354,1348
1355,1348
1356,1350
1357,1355
1358,1353
1359,1356
1360,1354
1361,1356
1362,1357
1363,1358
1364,1365
1365,1362
1366,1359
1367,1361
1368,1362
1369,1363
1370,1364
1371,1365
1372,1366
1373,1368
1374,1368
1375,1371
1376,1369
1377,1371
1378,1372
1379,1373
1380,1374
1381,1377
1382,1375
1383,1378
1384,1380
1385,1379
1386,1381
1387,1378
1388,1383
1389,1383
1390,1384
1391,1386
1392,1385
1393,1389
1394,1388
1395,1389
1396,1391
1397,1391
1398,1391
1399,1394
1400,1395
1401,1399
1402,1397
1403,1401
1404,1398
1405,1399
1406,1400
1407,1402
1408,1402
1409,1403
1410,1412
1411,1406
1412,1407
1413,1408
1414,1408
1415,1408
1416,1410
1417,1411
1418,1412
1419,1414
1420,1414
1421,1417
1422,1422
1423,1417
1424,1418
1425,1418
1426,1421
1427,1419
1428,1422
1429,1417
1430,1425
1431,1424
1432,1426
1433,1428
1434,1428
1435,1430
1436,1446
1437,1431
1438,1433
1439,1432
1440,1433
1441,1440
1442,1436
1443,1436
1444,1439
1445,1439
1446,1441
1447,1441
1448,1444
1449,1443
1450,1444
1451,1443
1452,1446
1453,1446
1454,1448
1455,1449
1456,1449
1457,1452
1458,1452
1459,1453
1460,1454
1461,1455
1462,1456
1463,1457
1464,1457
1465,1459
1466,1460
1467,1461
1468,1462
1469,1460
1470,1465
1471,1456
1472,1465
1473,1468
1474,1469
1475,1470
1476,1470
1477,1470
1478,1471
1479,1474
1480,1475
1481,1467
1482,1474
1483,1476
1484,1478
1485,1478
1486,1484
1487,1481
1488,1481
1489,1488
1490,1484
1491,1486
1492,1486
1493,1487
1494,1488
1495,1488
1496,1491
1497,1491
1498,1490
1499,1493
1500,1493
1501,1495
1502,1499
1503,1507
1504,1497
1505,1498
1506,1499
1507,1501
1508,1501
1509,1503
1510,1506
1511,1505
1512,1506
1513,1508
1514,1508
1515,1508
1516,1510
1517,1511
1518,1511
1519,1514
1520,1513
1521,1515
1522,1516
1523,1517
1524,1518
1525,1517
1526,1521
1527,1516
1528,1524
1529,1525
1530,1523
1531,1526
1532,1525
1533,1527
1534,1528
1535,1529
1536,1530
1537,1531
1538,1532
1539,1532
1540,1533
1541,1535
1542,1535
1543,1537
1544,1538
1545,1539
1546,1538
1547,1543
1548,1542
1549,1542
1550,1543
1551,1550
1552,1546
1553,1547
1554,1548
1555,1549
1556,1549
1557,1551
1558,1551
1559,1552
1560,1553
1561,1555
1562,1555
1563,1561
1564,1557
1565,1557
1566,1559
1567,1564
1568,1563
1569,1562
1570,1563
1571,1565
1572,1571
1573,1566
1574,1563
1575,1568
1576,1569
1577,1570
1578,1572
1579,1574
1580,1574
1581,1576
1582,1575
1583,1577
1584,1577
1585,1579
1586,1579
1587,1580
1588,1580
1589,1583
1590,1584
1591,1582
1592,1586
1593,1586
1594,1587
1595,1589
1596,1589
1597,1592
1598,1592
1599,1592
1600,1592
1601,1596
1602,1596
1603,1597
1604,1599
1605,1598
1606,1597
1607,1600
1608,1602
1609,1603
1610,1593
1611,1605
1612,1606
1613,1607
1614,1608
1615,1608
1616,1609
1617,1611
1618,1613
1619,1613
1620,1615
1621,1614
1622,1615
1623,1616
1624,1618
1625,1615
1626,1618
1627,1619
1628,1623
1629,1622
1630,1622
1631,1624
1632,1626
1633,1626
1634,1628
1635,1627
1636,1630
1637,1631
1638,1630
1639,1630
1640,1635
1641,1635
1642,1637
1643,1637
1644,1637
1645,1638
1646,1640
1647,1638
1648,1641
1649,1641
1650,1644
1651,1646
1652,1646
1653,1647
1654,1647
1655,1648
1656,1649
1657,1650
1658,1651
1659,1652
1660,1653
1661,1654
1662,1655
1663,1656
1664,1657
1665,1658
1666,1660
1667,1662
1668,1661
1669,1663
1670,1662
1671,1665
1672,1665
1673,1666
1674,1668
1675,1669
1676,1668
1677,1670
1678,1671
1679,1672
1680,1673
1681,1673
1682,1674
1683,1676
1684,1679
1685,1679
1686,1678
1687,1680
1688,1682
1689,1683
1690,1685
1691,1685
1692,1688
1693,1687
1694,1687
1695,1689
1696,1688
1697,1693
1698,1691
1699,1692
1700,1695
1701,1694
1702,1694
1703,1697
1704,1698
1705,1698
1706,1699
1707,1700
1708,1701
1709,1702
1710,1703
1711,1703
1712,1706
1713,1704
1714,1706
1715,1707
1716,1707
1717,1710
1718,1713
1719,1711
1720,1714
1721,1715
1722,1715
1723,1724
1724,1721
1725,1719
1726,1720
1727,1720
1728,1721
1729,1722
1730,1722
1731,1726
1732,1727
1733,1726
1734,1725
1735,1727
1736,1732
1737,1731
1738,1731
1739,1724
1740,1730
1741,1734
1742,1734
1743,1736
1744,1738
1745,1739
1746,1738
1747,1740
1748,1741
1749,1742
1750,1742
1751,1744
1752,1745
1753,1746
1754,1747
1755,1748
1756,1750
1757,1748
1758,1750
1759,1751
1760,1752
1761,1753
1762,1752
1763,1756
1764,1756
1765,1757
1766,1757
1767,1758
1768,1760
1769,1761
1770,1763
1771,1763
1772,1765
1773,1764
1774,1766
1775,1766
1776,1769
1777,1769
1778,1769
1779,1771
1780,1772
1781,1774
1782,1773
1783,1776
1784,1776
1785,1777
1786,1777
1787,1780
1788,1781
1789,1782
1790,1784
1791,1785
1792,1785
1793,1786
1794,1790
1795,1786
1796,1789
1797,1789
1798,1790
1799,1788
1800,1791
1801,1794
1802,1794
1803,1796
1804,1794
1805,1793
1806,1801
1807,1800
1808,1801
1809,1797
1810,1803
1811,1809
1812,1804
1813,1805
1814,1805
1815,1807
1816,1808
1817,1810
1818,1810
1819,1812
1820,1812
1821,1813
1822,1813
1823,1813
1824,1817
1825,1818
1826,1818
1827,1819
1828,1817
1829,1821
1830,1823
1831,1823
1832,1824
1833,1824
1834,1827
1835,1827
1836,1829
1837,1828
1838,1830
1839,1832
1840,1831
1841,1832
1842,1839
1843,1834
1844,1837
1845,1837
1846,1837
1847,1840
1848,1840
1849,1841
1850,1842
1851,1844
1852,1845
1853,1844
1854,1847
1855,1846
1856,1849
1857,1848
1858,1844
1859,1850
1860,1851
1861,1853
1862,1854
1863,1857
1864,1856
1865,1853
1866,1858
1867,1860
1868,1860
1869,1861
1870,1861
1871,1864
1872,1865
1873,1863
1874,1866
1875,1866
1876,1869
1877,1868
1878,1872
1879,1872
1880,1874
1881,1873
1882,1874
1883,1874
1884,1871
1885,1873
1886,1878
1887,1889
1888,1881
1889,1889
1890,1883
1891,1883
1892,1882
1893,1885
1894,1885
1895,1885
1896,1888
1897,1888
1898,1890
1899,1874
1900,1893
1901,1886
1902,1894
1903,1895
1904,1889
1905,1898
1906,1899
1907,1899
1908,1899
1909,1899
1910,1902
1911,1902
1912,1905
1913,1905
1914,1905
1915,1908
1916,1907
1917,1909
1918,1909
1919,1910
1920,1912
1921,1912
1922,1914
1923,1905
1924,1916
1925,1920
1926,1914
1927,1919
1928,1920
1929,1921
1930,1922
1931,1920
1932,1924
1933,1924
1934,1925
1935,1929
1936,1928
1937,1929
1938,1931
1939,1930
1940,1933
1941,1933
1942,1935
1943,1935
1944,1936
1945,1937
1946,1938
1947,1934
1948,1939
1949,1940
1950,1941
1951,1942
1952,1945
1953,1934
1954,1946
1955,1947
1956,1948
1957,1948
1958,1952
1959,1951
1960,1952
1961,1953
1962,1954
1963,1954
1964,1955
1965,1961
1966,1957
1967,1958
1968,1958
1969,1960
1970,1957
1971,1963
1972,1962
1973,1959
1974,1965
1975,1971
1976,1968
1977,1969
1978,1970
1979,1970
1980,1971
1981,1974
1982,1974
1983,1974
1984,1976
1985,1978
1986,1978
1987,1977
1988,1979
1989,1981
1990,1982
1991,1984
1992,1985
1993,1984
1994,1985
1995,1987
1996,1988
1997,1990
1998,1988
1999,1990
2000,1992
2001,1991
2002,1993
2003,1994
2004,1996
2005,1997
2006,1997
2007,1998
2008,1999
2009,2002
2010,1993
2011,2004
2012,2006
2013,2006
2014,2006
2015,2005
2016,2009
2017,2009
2018,2009
2019,2011
2020,2010
2021,2014
2022,2013
2023,2014
2024,2016
2025,2017
2026,2019
2027,2020
2028,2020
2029,2021
2030,2022
2031,2024
2032,2024
2033,2026
2034,2027
2035,2028
2036,2028
2037,2030
2038,2030
2039,2033
2040,2032
2041,2032
2042,2035
2043,2038
2044,2037
2045,2033
2046,2039
2047,2040
2048,2041
2049,2042
2050,2042
2051,2044
2052,2045
2053,2046
2054,2046
2055,2048
2056,2049
2057,2050
2058,2051
2059,2051
2060,2052
2061,2054
2062,2053
2063,2055
2064,2062
2065,2058
2066,2059
2067,2062
2068,2061
2069,2053
2070,2062
2071,2063
2072,2065
2073,2066
2074,2066
2075,2068
2076,2071
2077,2069
2078,2070
2079,2072
2080,2072
2081,2073
2082,2074
2083,2077
2084,2078
2085,2078
2086,2078
2087,2080
2088,2080
2089,2081
2090,2082
2091,2085
2092,2084
2093,2087
2094,2086
2095,2087
2096,2088
2097,2089
2098,2091
2099,2092
2100,2093
2101,2094
2102,2094
2103,2095
2104,2096
2105,2098
2106,2098
2107,2098
2108,2100
2109,2106
2110,2102
2111,2107
2112,2104
2113,2105
2114,2106
2115,2107
2116,2109
2117,2109
2118,2110
2119,2111
2120,2109
2121,2107
2122,2115
2123,2116
2124,2118
2125,2118
2126,2117
2127,2120
2128,2119
2129,2121
2130,2122
2131,2123
2132,2125
2133,2125
2134,2126
2135,2128
2136,2128
2137,2130
2138,2130
2139,2131
2140,2130
2141,2135
2142,2127
2143,2137
2144,2135
2145,2137
2146,2137
2147,2141
2148,2138
2149,2141
2150,2141
2151,2144
2152,2145
2153,2146
2154,2147
2155,2148
2156,2151
2157,2148
2158,2151
2159,2151
2160,2152
2161,2153
2162,2152
2163,2156
2164,2158
2165,2156
2166,2157
2167,2157
2168,2159
2169,2160
2170,2161
2171,2163
2172,2164
2173,2165
2174,2165
2175,2166
2176,2168
2177,2171
2178,2167
2179,2171
2180,2172
2181,2174
2182,2173
2183,2176
2184,2177
2185,2177
2186,2178
2187,2180
2188,2188
2189,2182
2190,2181
2191,2183
2192,2182
2193,2183
2194,2186
2195,2186
2196,2188
2197,2190
2198,2189
2199,2192
2200,2188
2201,2193
2202,2194
2203,2195
2204,2195
2205,2199
2206,2198
2207,2198
2208,2199
2209,2201
2210,2200
2211,2202
2212,2201
2213,2205
2214,2245
2215,2206
2216,2208
2217,2208
2218,2209
2219,2211
2220,2213
2221,2214
2222,2215
2223,2216
2224,2216
2225,2217
2226,2218
2227,2219
2228,2220
2229,2220
2230,2224
2231,2222
2232,2224
2233,2225
2234,2229
2235,2225
2236,2227
2237,2230
2238,2230
2239,2233
2240,2231
2241,2234
2242,2235
2243,2235
2244,2236
2245,2234
2246,2238
2247,2237
2248,2238
2249,2240
2250,2241
2251,2235
2252,2244
2253,2241
2254,2244
2255,2247
2256,2249
2257,2249
2258,2254
2259,2251
2260,2252
2261,2251
2262,2254
2263,2257
2264,2255
2265,2255
2266,2256
2267,2258
2268,2260
2269,2261
2270,2261
2271,2261
2272,2264
2273,2263
2274,2265
2275,2266
2276,2267
2277,2269
2278,2269
2279,2270
2280,2271
2281,2272
2282,2274
2283,2273
2284,2272
2285,2276
2286,2277
2287,2277
2288,2277
2289,2281
2290,2281
2291,2281
2292,2282
2293,2284
2294,2285
2295,2285
2296,2287
2297,2287
2298,2289
2299,2292
2300,2291
2301,2293
2302,2295
2303,2294
2304,2295
2305,2296
2306,2297
2307,2297
2308,2301
2309,2301
2310,2301
2311,2302
2312,2304
2313,2304
2314,2305
2315,2306
2316,2306
2317,2309
2318,2310
2319,2309
2320,2311
2321,2312
2322,2314
2323,2314
2324,2316
2325,2314
2326,2315
2327,2320
2328,2317
2329,2318
2330,2320
2331,2322
2332,2323
2333,2324
2334,2321
2335,2326
2336,2327
2337,2325
2338,2329
2339,2327
2340,2331
2341,2333
2342,2332
2343,2334
2344,2336
2345,2337
2346,2337
2347,2339
2348,2338
2349,2340
2350,2341
2351,2341
2352,2343
2353,2341
2354,2344
2355,2347
2356,2344
2357,2348
2358,2354
2359,2351
2360,2350
2361,2349
2362,2354
2363,2350
2364,2354
2365,2354
2366,2358
2367,2357
2368,2359
2369,2359
2370,2362
2371,2362
2372,2362
2373,2364
2374,2365
2375,2366
2376,2366
2377,2379
2378,2368
2379,2380
2380,2371
2381,2372
2382,2371
2383,2374
2384,2377
2385,2376
2386,2376
2387,2376
2388,2378
2389,2384
2390,2381
2391,2382
2392,2386
2393,2384
2394,2388
2395,2388
2396,2388
2397,2389
2398,2388
2399,2389
2400,2391
2401,2392
2402,2393
2403,2394
2404,2395
2405,2397
2406,2395
2407,2398
2408,2399
2409,2400
2410,2401
2411,2401
2412,2402
2413,2404
2414,2404
2415,2406
2416,2407
2417,2407
2418,2409
2419,2410
2420,2411
2421,2412
2422,2413
2423,2414
2424,2411
2425,2417
2426,2417
2427,2418
2428,2420
2429,2418
2430,2422
2431,2419
2432,2424
2433,2422
2434,2425
2435,2426
2436,2425
2437,2426
2438,2428
2439,2430
2440,2431
2441,2440
2442,2434
2443,2434
2444,2435
2445,2436
2446,2436
2447,2438
2448,2438
2449,2439
2450,2440
2451,2443
2452,2442
2453,2444
2454,2446
2455,2444
2456,2445
2457,2446
2458,2448
2459,2449
2460,2450
2461,2452
2462,2451
2463,2454
2464,2453
2465,2455
2466,2457
2467,2460
2468,2458
2469,2460
2470,2460
2471,2461
2472,2461
2473,2465
2474,2472
2475,2464
2476,2466
2477,2466
2478,2468
2479,2458
2480,2471
2481,2471
2482,2472
2483,2474
2484,2476
2485,2476
2486,2475
2487,2475
2488,2478
2489,2478
2490,2479
2491,2482
2492,2483
2493,2482
2494,2486
2495,2485
2496,2480
2497,2488
2498,2488
2499,2488
2500,2490
2501,2490
2502,2491
2503,2495
2504,2493
2505,2494
2506,2496
2507,2496
2508,2499
2509,2499
2510,2501
2511,2502
2512,2502
2513,2502
2514,2504
2515,2507
2516,2506
2517,2507
2518,2508
2519,2479
2520,2511
2521,2511
2522,2512
2523,2512
2524,2512
2525,2515
2526,2518
2527,2517
2528,2515
2529,2520
2530,2520
2531,2522
2532,2523
2533,2528
2534,2524
2535,2524
2536,2526
2537,2527
2538,2528
2539,2529
2540,2529
2541,2529
2542,2532
2543,2533
2544,2534
2545,2538
2546,2535
2547,2537
2548,2538
2549,2540
2550,2542
2551,2539
2552,2542
2553,2542
2554,2544
2555,2545
2556,2546
2557,2559
2558,2547
2559,2550
2560,2548
2561,2549
2562,2553
2563,2553
2564,2555
2565,2555
2566,2556
2567,2558
2568,2558
2569,2558
2570,2559
2571,2562
2572,2564
2573,2563
2574,2555
2575,2565
2576,2568
2577,2565
2578,2568
2579,2569
2580,2570
2581,2575
2582,2572
2583,2565
2584,2574
2585,2574
2586,2576
2587,2577
2588,2575
2589,2579
2590,2580
2591,2580
2592,2582
2593,2582
2594,2583
2595,2584
2596,2587
2597,2587
2598,2586
2599,2589
2600,2590
2601,2590
2602,2591
2603,2591
2604,2594
2605,2594
2606,2596
2607,2596
2608,2598
2609,2602
2610,2600
2611,2600
2612,2601
2613,2602
2614,2605
2615,2604
2616,2594
2617,2604
2618,2606
2619,2610
2620,2610
2621,2609
2622,2612
2623,2613
2624,2610
2625,2615
2626,2610
2627,2616
2628,2618
2629,2617
2630,2621
2631,2622
2632,2622
2633,2624
2634,2623
2635,2624
2636,2625
2637,2627
2638,2624
2639,2630
2640,2629
2641,2631
2642,2632
2643,2634
2644,2634
2645,2635
2646,2637
2647,2636
2648,2639
2649,2637
2650,2638
2651,2641
2652,2643
2653,2643
2654,2644
2655,2645
2656,2646
2657,2646
2658,2648
2659,2645
2660,2649
2661,2650
2662,2651
2663,2652
2664,2656
2665,2654
2666,2656
2667,2656
2668,2658
2669,2658
2670,2659
2671,2662
2672,2662
2673,2663
2674,2662
2675,2663
2676,2665
2677,2667
2678,2671
2679,2668
2680,2669
2681,2674
2682,2671
2683,2673
2684,2674
2685,2674
2686,2675
2687,2676
2688,2676
2689,2679
2690,2679
2691,2680
2692,2682
2693,2681
2694,2684
2695,2684
2696,2685
2697,2686
2698,2688
2699,2688
2700,2689
2701,2691
2702,2690
2703,2693
2704,2699
2705,2695
2706,2707
2707,2696
2708,2698
2709,2697
2710,2700
2711,2699
2712,2702
2713,2706
2714,2702
2715,2705
2716,2704
2717,2706
2718,2706
2719,2708
2720,2710
2721,2708
2722,2712
2723,2712
2724,2714
2725,2715
2726,2715
2727,2716
2728,2716
2729,2717
2730,2723
2731,2720
2732,2722
2733,2722
2734,2724
2735,2723
2736,2726
2737,2726
2738,2727
2739,2727
2740,2728
2741,2730
2742,2729
2743,2732
2744,2727
2745,2734
2746,2736
2747,2735
2748,2737
2749,2747
2750,2740
2751,2741
2752,2741
2753,2742
2754,2742
2755,2744
2756,2760
2757,2746
2758,2748
2759,2748
2760,2748
2761,2751
2762,2752
2763,2753
2764,2754
2765,2755
2766,2755
2767,2757
2768,2751
2769,2759
2770,2761
2771,2760
2772,2760
2773,2762
2774,2764
2775,2761
2776,2766
2777,2770
2778,2766
2779,2769
2780,2769
2781,2770
2782,2774
2783,2772
2784,2773
2785,2774
2786,2776
2787,2778
2788,2778
2789,2779
2790,2780
2791,2780
2792,2780
2793,2782
2794,2784
2795,2784
2796,2785
2797,2786
2798,2787
2799,2790
2800,2790
2801,2791
2802,2792
2803,2793
2804,2794
2805,2796
2806,2796
2807,2796
2808,2798
2809,2799
2810,2814
2811,2800
2812,2802
2813,2802
2814,2804
2815,2804
2816,2807
2817,2805
2818,2808
2819,2809
2820,2809
2821,2811
2822,2810
2823,2812
2824,2814
2825,2812
2826,2815
2827,2816
2828,2817
2829,2818
2830,2821
2831,2820
2832,2821
2833,2823
2834,2822
2835,2826
2836,2826
2837,2825
2838,2827
2839,2828
2840,2830
2841,2832
2842,2832
2843,2832
2844,2833
2845,2835
2846,2836
2847,2835
2848,2838
2849,2838
2850,2840
2851,2842
2852,2841
2853,2843
2854,2844
2855,2844
2856,2845
2857,2846
2858,2848
2859,2848
2860,2849
2861,2851
2862,2851
2863,2854
2864,2854
2865,2855
2866,2856
2867,2858
2868,2855
2869,2858
2870,2859
2871,2860
2872,2861
2873,2861
2874,2864
2875,2860
2876,2864
2877,2867
2878,2868
2879,2868
2880,2868
2881,2870
2882,2868
2883,2873
2884,2873
2885,2874
2886,2874
2887,2876
2888,2876
2889,2880
2890,2880
2891,2880
2892,2881
2893,2880
2894,2886
2895,2884
2896,2884
2897,2886
2898,2886
2899,2888
2900,2906
2901,2891
2902,2891
2903,2894
2904,2892
2905,2896
2906,2897
2907,2892
2908,2897
2909,2898
2910,2899
2911,2900
2912,2902
2913,2904
2914,2904
2915,2903
2916,2904
2917,2908
2918,2906
2919,2909
2920,2908
2921,2909
2922,2912
2923,2912
2924,2918
2925,2914
2926,2915
2927,2914
2928,2918
2929,2918
2930,2919
2931,2921
2932,2923
2933,2921
2934,2924
2935,2924
2936,2917
2937,2926
2938,2930
2939,2929
2940,2930
2941,2930
2942,2931
2943,2932
2944,2931
2945,2928
2946,2937
2947,2936
2948,2936
2949,2938
2950,2937
2951,2939
2952,2940
2953,2941
2954,2944
2955,2944
2956,2945
2957,2947
2958,2947
2959,2953
2960,2949
2961,2950
2962,2950
2963,2952
2964,2952
2965,2954
2966,2946
2967,2956
2968,2957
2969,2958
2970,2959
2971,2960
2972,2960
2973,2962
2974,2963
2975,2964
2976,2963
2977,2965
2978,2968
2979,2967
2980,2969
2981,2970
2982,2971
2983,2972
2984,2973
2985,2974
2986,2975
2987,2976
2988,2977
2989,2977
2990,2978
2991,2980
2992,2982
2993,2981
2994,2984
2995,2984
2996,2985
2997,2988
2998,2986
2999,2989
3000,2990
3001,2991
3002,2994
3003,2992
3004,2991
3005,2993
3006,2992
3007,2996
3008,2997
3009,2997
3010,2998
3011,3002
3012,3000
3013,3000
3014,3003
3015,3005
3016,3004
3017,3006
3018,2998
3019,3007
3020,3007
3021,3010
3022,3011
3023,3011
3024,3014
3025,3013
3026,3016
3027,3017
3028,3015
3029,3016
3030,3018
3031,3020
3032,3019
3033,3022
3034,3024
3035,3023
3036,3026
3037,3025
3038,3027
3039,3016
3040,3029
3041,3030
3042,3031
3043,3032
3044,3032
3045,3034
3046,3035
3047,3036
3048,3036
3049,3037
3050,3039
3051,3040
3052,3040
3053,3042
3054,3040
3055,3042
3056,3045
3057,3045
3058,3047
3059,3048
3060,3049
3061,3050
3062,3050
3063,3052
3064,3053
3065,3052
3066,3053
3067,3054
3068,3058
3069,3058
3070,3059
3071,3058
3072,3059
3073,3060
3074,3063
3075,3064
3076,3065
3077,3066
3078,3067
3079,3068
3080,3068
3081,3074
3082,3073
3083,3072
3084,3071
3085,3074
3086,3072
3087,3076
3088,3077
3089,3077
3090,3080
3091,3080
3092,3080
3093,3082
3094,3083
3095,3084
3096,3084
3097,3085
3098,3087
3099,3088
3100,3089
3101,3088
3102,3091
3103,3095
3104,3093
3105,3094
3106,3092
3107,3096
3108,3101
3109,3098
3110,3097
3111,3100
3112,3101
3113,3101
3114,3103
3115,3102
3116,3104
3117,3106
3118,3105
3119,3108
3120,3109
3121,3109
3122,3109
3123,3115
3124,3112
3125,3115
3126,3115
3127,3115
3128,3120
3129,3118
3130,3119
3131,3120
3132,3119
3133,3121
3134,3126
3135,3124
3136,3124
3137,3125
3138,3126
3139,3127
3140,3129
3141,3130
3142,3130
3143,3131
3144,3132
3145,3136
3146,3133
3147,3134
3148,3135
3149,3137
3150,3138
3151,3142
3152,3141
3153,3146
3154,3142
3155,3142
3156,3146
3157,3145
3158,3147
3159,3147
3160,3148
3161,3148
3162,3150
3163,3150
3164,3152
3165,3152
3166,3154
3167,3156
3168,3155
3169,3158
3170,3159
3171,3159
3172,3160
3173,3161
3174,3162
3175,3164
3176,3162
3177,3165
3178,3166
3179,3167
3180,3168
3181,3158
3182,3170
3183,3172
3184,3172
3185,3173
3186,3174
3187,3178
3188,3176
3189,3179
3190,3178
3191,3178
3192,3180
3193,3183
3194,3180
3195,3186
3196,3184
3197,3185
3198,3185
3199,3187
3200,3188
3201,3190
3202,3190
3203,3190
3204,3192
3205,3191
3206,3194
3207,3194
3208,3198
3209,3188
3210,3196
3211,3198
3212,3198
3213,3200
3214,3208
3215,3204
3216,3192
3217,3205
3218,3203
3219,3206
3220,3207
3221,3212
3222,3209
3223,3211
3224,3211
3225,3213
3226,3213
3227,3214
3228,3215
3229,3216
3230,3218
3231,3219
3232,3220
3233,3221
3234,3221
3235,3223
3236,3226
3237,3228
3238,3227
3239,3227
3240,3226
3241,3226
3242,3229
3243,3230
3244,3232
3245,3237
3246,3234
3247,3234
3248,3235
3249,3235
3250,3238
3251,3238
3252,3232
3253,3241
3254,3242
3255,3241
3256,3244
3257,3244
3258,3245
3259,3251
3260,3249
3261,3249
3262,3248
3263,3251
3264,3252
3265,3253
3266,3254
3267,3254
3268,3256
3269,3257
3270,3262
3271,3260
3272,3261
3273,3261
3274,3263
3275,3265
3276,3264
3277,3266
3278,3265
3279,3267
3280,3267
3281,3266
3282,3270
3283,3270
3284,3270
3285,3273
3286,3274
3287,3274
3288,3276
3289,3277
3290,3278
3291,3279
3292,3281
3293,3282
3294,3281
3295,3283
3296,3285
3297,3286
3298,3286
3299,3287
3300,3288
3301,3289
3302,3288
3303,3290
3304,3290
3305,3292
3306,3292
3307,3294
3308,3293
3309,3297
3310,3297
3311,3296
3312,3300
3313,3302
3314,3303
3315,3303
3316,3302
3317,3304
3318,3304
3319,3308
3320,3313
3321,3308
3322,3310
3323,3306
3324,3312
3325,3304
3326,3314
3327,3320
3328,3316
3329,3317
3330,3317
3331,3318
3332,3313
3333,3320
3334,3320
3335,3322
3336,3324
3337,3324
3338,3327
3339,3326
3340,3328
3341,3329
3342,3330
3343,3331
3344,3335
3345,3334
3346,3334
3347,3335
3348,3336
3349,3337
3350,3338
3351,3337
3352,3340
3353,3340
3354,3340
3355,3343
3356,3344
3357,3343
3358,3346
3359,3346
3360,3348
3361,3350
3362,3349
3363,3349
3364,3351
3365,3342
3366,3355
3367,3355
3368,3356
3369,3355
3370,3357
3371,3359
3372,3360
3373,3360
3374,3361
3375,3365
3376,3364
3377,3365
3378,3365
3379,3367
3380,3366
3381,3368
3382,3372
3383,3374
3384,3370
3385,3373
3386,3374
3387,3374
3388,3375
3389,3376
3390,3378
3391,3377
3392,3380
3393,3379
3394,3382
3395,3382
3396,3384
3397,3384
3398,3385
3399,3386
3400,3387
3401,3388
3402,3390
3403,3387
3404,3391
3405,3391
3406,3394
3407,3393
3408,3395
3409,3397
3410,3394
3411,3399
3412,3400
3413,3399
3414,3400
3415,3403
3416,3404
3417,3392
3418,3406
3419,3407
3420,3407
3421,3409
3422,3408
3423,3411
3424,3411
3425,3413
3426,3414
3427,3419
3428,3416
3429,3417
3430,3424
3431,3418
3432,3418
3433,3421
3434,3421
3435,3419
3436,3423
3437,3426
3438,3426
3439,3426
3440,3428
3441,3429
3442,3430
3443,3431
3444,3436
3445,3433
3446,3433
3447,3428
3448,3433
3449,3435
3450,3437
3451,3426
3452,3439
3453,3440
3454,3442
3455,3442
3456,3443
3457,3444
3458,3445
3459,3446
3460,3445
3461,3448
3462,3449
3463,3450
3464,3451
3465,3450
3466,3452
3467,3455
3468,3454
3469,3457
3470,3459
3471,3459
3472,3458
3473,3460
3474,3461
3475,3461
3476,3463
3477,3464
3478,3465
3479,3465
3480,3467
3481,3468
3482,3469
3483,3470
3484,3470
3485,3472
3486,3472
3487,3473
3488,3475
3489,3477
3490,3477
3491,3477
3492,3479
3493,3479
3494,3483
3495,3482
3496,3484
3497,3483
3498,3483
3499,3486
3500,3493
3501,3489
3502,3490
3503,3489
3504,3491
3505,3490
3506,3494
3507,3495
3508,3494
3509,3496
3510,3498
3511,3498
3512,3499
3513,3499
3514,3502
3515,3503
3516,3505
3517,3518
3518,3505
3519,3506
3520,3505
3521,3510
3522,3511
3523,3510
3524,3508
3525,3512
3526,3514
3527,3518
3528,3516
3529,3516
3530,3517
3531,3517
3532,3520
3533,3521
3534,3521
3535,3522
3536,3526
3537,3523
3538,3524
3539,3527
3540,3527
3541,3528
3542,3530
3543,3528
3544,3542
3545,3532
3546,3535
3547,3537
3548,3535
3549,3538
3550,3537
3551,3539
3552,3539
3553,3540
3554,3541
3555,3538
3556,3544
3557,3545
3558,3545
3559,3545
3560,3547
3561,3547
3562,3550
3563,3550
3564,3550
3565,3552
3566,3552
3567,3554
3568,3554
3569,3555
3570,3555
3571,3558
3572,3558
3573,3560
3574,3563
3575,3563
3576,3563
3577,3564
3578,3565
3579,3564
3580,3567
3581,3567
3582,3568
3583,3568
3584,3570
3585,3571
3586,3573
3587,3573
3588,3576
3589,3576
3590,3578
3591,3578
3592,3578
3593,3578
3594,3581
3595,3583
3596,3581
3597,3584
3598,3582
3599,3584
3600,3588
3601,3589
3602,3591
3603,3589
3604,3590
3605,3594
3606,3593
3607,3593
3608,3594
3609,3596
3610,3595
3611,3597
3612,3598
3613,3599
3614,3601
3615,3603
3616,3603
3617,3603
3618,3607
3619,3606
3620,3607
3621,3608
3622,3610
3623,3610
3624,3613
3625,3612
3626,3614
3627,3614
3628,3615
3629,3615
3630,3616
3631,3618
3632,3619
3633,3620
3634,3622
3635,3623
3636,3622
3637,3622
3638,3626
3639,3624
3640,3626
3641,3626
3642,3627
3643,3629
3644,3630
3645,3631
3646,3633
3647,3633
3648,3636
3649,3635
3650,3637
3651,3637
3652,3639
3653,3640
3654,3641
3655,3642
3656,3641
3657,3642
3658,3644
3659,3646
3660,3645
3661,3649
3662,3648
3663,3650
3664,3650
3665,3653
3666,3654
3667,3654
3668,3655
3669,3655
3670,3656
3671,3657
3672,3657
3673,3658
3674,3661
3675,3660
3676,3663
3677,3663
3678,3668
3679,3666
3680,3665
3681,3666
3682,3668
3683,3667
3684,3670
3685,3672
3686,3672
3687,3674
3688,3672
3689,3676
3690,3674
3691,3677
3692,3678
3693,3678
3694,3680
3695,3687
3696,3684
3697,3684
3698,3685
3699,3690
3700,3688
3701,3687
3702,3688
3703,3689
3704,3690
3705,3693
3706,3691
3707,3693
3708,3693
3709,3696
3710,3695
3711,3697
3712,3698
3713,3698
3714,3700
3715,3700
3716,3701
3717,3703
3718,3704
3719,3704
3720,3704
3721,3706
3722,3708
3723,3708
3724,3709
3725,3712
3726,3717
3727,3714
3728,3714
3729,3715
3730,3715
3731,3718
3732,3717
3733,3710
3734,3720
3735,3720
3736,3722
3737,3724
3738,3720
3739,3725
3740,3726
3741,3727
3742,3727
3743,3728
3744,3730
3745,3731
3746,3728
3747,3732
3748,3738
3749,3733
3750,3736
3751,3737
3752,3738
3753,3740
3754,3745
3755,3741
3756,3742
3757,3740
3758,3744
3759,3743
3760,3744
3761,3743
3762,3748
3763,3750
3764,3752
3765,3752
3766,3753
3767,3752
3768,3755
3769,3755
3770,3757
3771,3757
3772,3757
3773,3758
3774,3760
3775,3761
3776,3761
3777,3762
3778,3765
3779,3765
3780,3765
3781,3766
3782,3768
3783,3769
3784,3770
3785,3773
3786,3772
3787,3773
3788,3773
3789,3774
3790,3777
3791,3778
3792,3781
3793,3779
3794,3779
3795,3779
3796,3782
3797,3781
3798,3784
3799,3780
3800,3786
3801,3787
3802,3787
3803,3789
3804,3790
3805,3791
3806,3793
3807,3792
3808,3794
3809,3799
3810,3795
3811,3798
3812,3798
3813,3798
3814,3801
3815,3803
3816,3802
3817,3803
3818,3804
3819,3805
3820,3805
3821,3804
3822,3807
3823,3808
3824,3809
3825,3811
3826,3812
3827,3814
3828,3814
3829,3814
3830,3815
3831,3816
3832,3818
3833,3819
3834,3820
3835,3821
3836,3822
3837,3823
3838,3822
3839,3826
3840,3826
3841,3821
3842,3828
3843,3829
3844,3828
3845,3830
3846,3835
3847,3833
3848,3833
3849,3835
3850,3836
3851,3841
3852,3836
3853,3839
3854,3841
3855,3841
3856,3841
3857,3843
3858,3844
3859,3846
3860,3846
3861,3846
3862,3848
3863,3850
3864,3850
3865,3855
3866,3852
3867,3852
3868,3854
3869,3854
3870,3851
3871,3857
3872,3858
3873,3858
3874,3860
3875,3860
3876,3861
3877,3862
3878,3865
3879,3867
3880,3865
3881,3866
3882,3867
3883,3869
3884,3868
3885,3870
3886,3872
3887,3873
3888,3874
3889,3866
3890,3874
3891,3876
3892,3876
3893,3878
3894,3880
3895,3881
3896,3881
3897,3884
3898,3883
3899,3886
3900,3884
3901,3887
3902,3889
3903,3888
3904,3889
3905,3894
3906,3901
3907,3891
3908,3893
3909,3894
3910,3896
3911,3895
3912,3897
3913,3898
3914,3899
3915,3894
3916,3902
3917,3903
3918,3905
3919,3904
3920,3906
3921,3906
3922,3909
3923,3908
3924,3909
3925,3912
3926,3911
3927,3913
3928,3913
3929,3914
3930,3916
3931,3916
3932,3918
3933,3917
3934,3919
3935,3920
3936,3921
3937,3922
3938,3924
3939,3923
3940,3925
3941,3926
3942,3928
3943,3931
3944,3929
3945,3930
3946,3928
3947,3931
3948,3933
3949,3934
3950,3936
3951,3936
3952,3938
3953,3936
3954,3940
3955,3940
3956,3941
3957,3942
3958,3942
3959,3944
3960,3945
3961,3947
3962,3948
3963,3949
3964,3949
3965,3950
3966,3950
3967,3957
3968,3952
3969,3954
3970,3956
3971,3956
3972,3958
3973,3959
3974,3948
3975,3960
3976,3961
3977,3962
3978,3963
3979,3964
3980,3965
3981,3965
3982,3967
3983,3968
3984,3968
3985,3970
3986,3972
3987,3971
3988,3976
3989,3974
3990,3974
3991,3976
3992,3977
3993,3982
3994,3978
3995,3979
3996,3981
3997,3982
3998,3992
3999,3984
4000,3985
4001,3988
4002,3987
4003,3989
4004,3989
4005,3990
4006,3991
4007,3989
4008,3992
4009,3997
4010,3995
4011,3997
4012,3998
4013,3997
4014,4000
4015,3999
4016,4002
4017,4003
4018,4002
4019,4004
4020,4006
4021,4006
4022,4008
4023,4007
4024,4009
4025,4010
4026,4011
4027,4013
4028,4016
4029,4014
4030,4015
4031,4016
4032,4017
4033,4017
4034,4019
4035,4022
4036,4022
4037,4023
4038,4022
4039,4024
4040,4027
4041,4027
4042,4028
4043,4027
4044,4030
4045,4030
4046,4032
4047,4032
4048,4033
4049,4035
4050,4034
4051,4034
4052,4040
4053,4039
4054,4039
4055,4039
4056,4041
4057,4043
4058,4043
4059,4045
4060,4046
4061,4046
4062,4047
4063,4048
4064,4049
4065,4052
4066,4052
4067,4052
4068,4056
4069,4055
4070,4055
4071,4058
4072,4057
4073,4058
4074,4059
4075,4061
4076,4062
4077,4062
4078,4065
4079,4065
4080,4065
4081,4069
4082,4067
4083,4070
4084,4069
4085,4071
4086,4071
4087,4072
4088,4081
4089,4074
4090,4076
4091,4075
4092,4076
4093,4077
4094,4077
4095,4078