0,4
1,5
2,5
3,4
4,5
5,4
6,6
7,6
8,6
9,10
10,8
11,9
12,10
13,11
14,13
15,14
16,14
17,16
18,17
19,18
20,19
21,19
22,21
23,22
24,22
25,24
26,24
27,26
28,29
29,28
30,28
31,29
32,31
33,33
34,32
35,34
36,36
37,37
38,37
39,37
40,38
41,40
42,39
43,42
44,44
45,44
46,45
47,45
48,46
49,49
50,48
51,49
52,50
53,51
54,54
55,53
56,54
57,55
58,56
59,58
60,58
61,60
62,60
63,61
64,62
65,64
66,64
67,65
68,66
69,67
70,68
71,69
72,71
73,71
74,72
75,74
76,74
77,76
78,76
79,77
80,78
81,79
82,80
83,82
84,82
85,83
86,85
87,89
88,87
89,89
90,90
91,90
92,89
93,92
94,93
95,99
96,95
97,94
98,97
99,97
100,98
101,100
102,90
103,100
104,102
105,105
106,105
107,105
108,107
109,108
110,109
111,109
112,103
113,110
114,112
115,114
116,115
117,114
118,117
119,116
120,117
121,120
122,120
123,122
124,123
125,124
126,125
127,126
128,127
129,127
130,128
131,130
132,130
133,133
134,132
135,133
136,135
137,133
138,136
139,138
140,138
141,139
142,139
143,141
144,142
145,144
146,143
147,145
148,146
149,148
150,148
151,150
152,151
153,151
154,153
155,153
156,155
157,155
158,154
159,159
160,158
161,159
162,161
163,164
164,164
165,150
166,163
167,165
168,167
169,168
170,170
171,169
172,170
173,172
174,173
175,171
176,175
177,175
178,176
179,176
180,179
181,180
182,180
183,182
184,182
185,184
186,184
187,185
188,185
189,187
190,188
191,189
192,191
193,191
194,192
195,193
196,194
197,197
198,195
199,197
200,199
201,200
202,200
203,200
204,202
205,204
206,204
207,211
208,205
209,206
210,208
211,209
212,210
213,211
214,212
215,213
216,215
217,216
218,216
219,217
220,219
221,217
222,220
223,221
224,221
225,222
226,223
227,225
228,226
229,227
230,228
231,229
232,235
233,231
234,233
235,232
236,235
237,235
238,236
239,237
240,237
241,241
242,240
243,240
244,242
245,243
246,245
247,244
248,246
249,247
250,247
251,248
252,250
253,252
254,252
255,253
256,253
257,255
258,259
259,258
260,259
261,260
262,260
263,274
264,261
265,263
266,264
267,265
268,266
269,268
270,268
271,267
272,271
273,274
274,272
275,273
276,274
277,274
278,274
279,280
280,277
281,279
282,281
283,282
284,283
285,283
286,283
287,285
288,281
289,288
290,288
291,289
292,290
293,296
294,292
295,306
296,294
297,295
298,283
299,298
300,299
301,298
302,299
303,300
304,303
305,307
306,304
307,305
308,309
309,308
310,308
311,309
312,310
313,311
314,314
315,313
316,313
317,315
318,317
319,316
320,318
321,316
322,320
323,308
324,321
325,323
326,324
327,324
328,327
329,327
330,328
331,326
332,330
333,332
334,332
335,333
336,334
337,335
338,335
339,337
340,329
341,339
342,339
343,340
344,342
345,342
346,342
347,345
348,346
349,346
350,348
351,352
352,350
353,351
354,354
355,352
356,353
357,354
358,356
359,356
360,357
361,358
362,358
363,360
364,361
365,361
366,365
367,367
368,367
369,377
370,368
371,368
372,369
373,370
374,371
375,373
376,374
377,374
378,375
379,376
380,379
381,379
382,379
383,378
384,377
385,383
386,385
387,385
388,386
389,386
390,388
391,388
392,392
393,390
394,393
395,392
396,386
397,395
398,395
399,397
400,398
401,398
402,400
403,401
404,400
405,401
406,404
407,404
408,406
409,407
410,408
411,408
412,410
413,411
414,412
415,413
416,413
417,415
418,416
419,416
420,418
421,418
422,419
423,422
424,423
425,424
426,426
427,424
428,425
429,427
430,427
431,426
432,429
433,431
434,433
435,432
436,433
437,438
438,435
439,436
440,437
441,439
442,438
443,440
444,442
445,443
446,444
447,443
448,446
449,447
450,447
451,448
452,448
453,449
454,451
455,451
456,453
457,455
458,454
459,456
460,463
461,458
462,458
463,460
464,461
465,465
466,465
467,464
468,464
469,466
470,465
471,468
472,469
473,470
474,469
475,473
476,471
477,473
478,475
479,476
480,476
481,477
482,478
483,481
484,480
485,482
486,483
487,483
488,484
489,485
490,486
491,487
492,489
493,489
494,491
495,491
496,492
497,493
498,492
499,496
500,497
501,498
502,501
503,499
504,502
505,504
506,502
507,503
508,506
509,505
510,509
511,510
512,507
513,510
514,513
515,512
516,514
517,514
518,515
519,516
520,516
521,518
522,520
523,518
524,521
525,523
526,522
527,537
528,523
529,526
530,526
531,527
532,528
533,529
534,531
535,534
536,534
537,535
538,535
539,536
540,535
541,537
542,539
543,540
544,540
545,543
546,542
547,543
548,545
549,545
550,546
551,546
552,549
553,548
554,561
555,551
556,552
557,552
558,555
559,558
560,556
561,557
562,558
563,560
564,560
565,563
566,562
567,563
568,566
569,566
570,565
571,567
572,567
573,571
574,571
575,571
576,571
577,572
578,575
579,575
580,576
581,578
582,578
583,578
584,583
585,581
586,581
587,581
588,582
589,588
590,587
591,586
592,589
593,593
594,593
595,591
596,593
597,592
598,595
599,595
600,596
601,597
602,599
603,600
604,603
605,603
606,603
607,601
608,603
609,604
610,605
611,601
612,608
613,606
614,610
615,612
616,612
617,614
618,614
619,615
620,615
621,612
622,618
623,619
624,619
625,622
626,623
627,624
628,623
629,625
630,627
631,628
632,628
633,630
634,628
635,632
636,633
637,634
638,632
639,630
640,636
641,636
642,638
643,639
644,640
645,641
646,642
647,644
648,645
649,646
650,668
651,647
652,647
653,651
654,650
655,651
656,653
657,653
658,654
659,655
660,656
661,658
662,659
663,657
664,660
665,660
666,663
667,663
668,664
669,663
670,667
671,668
672,668
673,674
674,670
675,671
676,672
677,673
678,669
679,675
680,675
681,678
682,675
683,679
684,680
685,680
686,682
687,682
688,683
689,684
690,687
691,687
692,688
693,688
694,690
695,695
696,693
697,694
698,696
699,695
700,694
701,697
702,698
703,698
704,700
705,692
706,701
707,702
708,703
709,705
710,711
711,706
712,707
713,708
714,709
715,710
716,712
717,725
718,713
719,716
720,715
721,718
722,717
723,719
724,720
725,719
726,723
727,723
728,724
729,726
730,727
731,727
732,728
733,727
734,730
735,731
736,733
737,734
738,735
739,734
740,737
741,736
742,737
743,740
744,740
745,741
746,742
747,742
748,745
749,746
750,746
751,746
752,749
753,749
754,749
755,752
756,724
757,752
758,755
759,754
760,756
761,758
762,758
763,760
764,760
765,761
766,763
767,764
768,764
769,764
770,766
771,767
772,767
773,771
774,771
775,773
776,771
777,773
778,774
779,776
780,776
781,776
782,779
783,779
784,779
785,784
786,782
787,783
788,783
789,785
790,797
791,787
792,789
793,791
794,789
795,791
796,791
797,793
798,793
799,795
800,797
801,797
802,798
803,800
804,799
805,798
806,802
807,803
808,805
809,804
810,808
811,807
812,807
813,810
814,810
815,807
816,812
817,814
818,815
819,815
820,821
821,817
822,818
823,817
824,819
825,820
826,823
827,823
828,824
829,825
830,823
831,828
832,828
833,827
834,830
835,831
836,831
837,831
838,834
839,836
840,834
841,837
842,837
843,839
844,840
845,840
846,841
847,841
848,843
849,846
850,845
851,846
852,847
853,849
854,851
855,851
856,852
857,852
858,855
859,854
860,855
861,857
862,858
863,859
864,860
865,861
866,859
867,862
868,863
869,864
870,866
871,868
872,868
873,870
874,870
875,872
876,874
877,872
878,872
879,872
880,876
881,867
882,878
883,879
884,879
885,881
886,874
887,883
888,883
889,884
890,886
891,887
892,887
893,888
894,890
895,890
896,892
897,894
898,894
899,893
900,896
901,896
902,899
903,900
904,900
905,901
906,902
907,903
908,903
909,899
910,905
911,865
912,909
913,909
914,908
915,911
916,911
917,912
918,913
919,913
920,915
921,916
922,917
923,919
924,920
925,920
926,921
927,922
928,923
929,931
930,925
931,926
932,929
933,928
934,924
935,930
936,932
937,931
938,933
939,934
940,936
941,936
942,938
943,938
944,939
945,937
946,942
947,942
948,942
949,944
950,948
951,946
952,947
953,948
954,950
955,950
956,952
957,952
958,952
959,954
960,953
961,957
962,958
963,957
964,959
965,957
966,962
967,962
968,963
969,965
970,967
971,966
972,968
973,967
974,968
975,970
976,972
977,972
978,972
979,973
980,976
981,976
982,977
983,978
984,978
985,979
986,981
987,982
988,984
989,986
990,985
991,986
992,987
993,989
994,988
995,990
996,993
997,991
998,993
999,994
1000,995
1001,996
1002,1002
1003,998
1004,999
1005,1002
1006,1002
1007,1002
1008,1005
1009,1005
1010,1006
1011,1006
1012,1008
1013,1009
1014,1009
1015,1010
1016,1009
1017,1015
1018,1015
1019,1013
1020,1016
1021,1017
1022,1018
1023,1019
1024,1019
1025,1015
1026,1022
1027,1023
1028,1024
1029,1024
1030,1027
1031,1028
1032,1028
1033,1029
1034,1042
1035,1031
1036,1032
1037,1033
1038,1034
1039,1035
1040,1037
1041,1038
1042,1038
1043,1038
1044,1041
1045,1039
1046,1042
1047,1043
1048,1044
1049,1044
1050,1052
1051,1047
1052,1047
1053,1048
1054,1049
1055,1051
1056,1053
1057,1053
1058,1054
1059,1055
1060,1056
1061,1058
1062,1058
1063,1057
1064,1058
1065,1060
1066,1061
1067,1064
1068,1064
1069,1065
1070,1065
1071,1070
1072,1068
1073,1069
1074,1069
1075,1070
1076,1071
1077,1073
1078,1074
1079,1073
1080,1076
1081,1073
1082,1079
1083,1080
1084,1078
1085,1080
1086,1082
1087,1082
1088,1085
1089,1084
1090,1085
1091,1085
1092,1088
1093,1087
1094,1089
1095,1090
1096,1091
1097,1092
1098,1093
1099,1095
1100,1095
1101,1096
1102,1097
1103,1096
1104,1099
1105,1102
1106,1102
1107,1102
1108,1103
1109,1105
1110,1105
1111,1107
1112,1107
1113,1108
1114,1110
1115,1113
1116,1111
1117,1113
1118,1113
1119,1114
1120,1114
1121,1117
1122,1117
1123,1120
1124,1120
1125,1120
1126,1121
1127,1111
1128,1123
1129,1125
1130,1124
1131,1126
1132,1127
1133,1130
1134,1129
1135,1130
1136,1132
1137,1133
1138,1134
1139,1135
1140,1135
1141,1138
1142,1138
1143,1139
1144,1141
1145,1146
1146,1140
1147,1143
1148,1135
1149,1144
1150,1146
1151,1147
1152,1148
1153,1148
1154,1148
1155,1150
1156,1151
1157,1138
1158,1152
1159,1155
1160,1154
1161,1156
1162,1157
1163,1158
1164,1159
1165,1160
1166,1162
1167,1163
1168,1163
1169,1164
1170,1164
1171,1166
1172,1166
1173,1169
1174,1171
1175,1169
1176,1171
1177,1171
1178,1174
1179,1176
1180,1175
1181,1173
1182,1176
1183,1179
1184,1177
1185,1180
1186,1182
1187,1182
1188,1184
1189,1182
1190,1185
1191,1186
1192,1187
1193,1188
1194,1190
1195,1190
1196,1193
1197,1193
1198,1189
1199,1193
1200,1195
1201,1190
1202,1197
1203,1197
1204,1201
1205,1200
1206,1195
1207,1201
1208,1203
1209,1203
1210,1205
1211,1206
1212,1207
1213,1207
1214,1208
1215,1210
1216,1208
1217,1210
1218,1213
1219,1214
1220,1213
1221,1215
1222,1216
1223,1215
1224,1219
1225,1218
1226,1221
1227,1220
1228,1223
1229,1224
1230,1225
1231,1227
1232,1227
1233,1227
1234,1232
1235,1231
1236,1230
1237,1231
1238,1232
1239,1234
1240,1233
1241,1234
1242,1235
1243,1237
1244,1238
1245,1239
1246,1240
1247,1241
1248,1242
1249,1245
1250,1246
1251,1247
1252,1247
1253,1249
1254,1248
1255,1250
1256,1248
1257,1252
1258,1253
1259,1258
1260,1256
1261,1257
1262,1257
1263,1259
1264,1258
1265,1260
1266,1262
1267,1262
1268,1262
1269,1264
1270,1266
1271,1266
1272,1267
1273,1267
1274,1269
1275,1269
1276,1271
1277,1272
1278,1273
1279,1274
1280,1275
1281,1277
1282,1276
1283,1279
1284,1278
1285,1279
1286,1283
1287,1282
1288,1283
1289,1285
1290,1285
1291,1286
1292,1289
1293,1289
1294,1288
1295,1290
1296,1292
1297,1291
1298,1292
1299,1294
1300,1295
1301,1296
1302,1297
1303,1298
1304,1298
1305,1299
1306,1301
1307,1302
1308,1297
1309,1305
1310,1304
1311,1306
1312,1306
1313,1307
1314,1309
1315,1309
1316,1310
1317,1311
1318,1311
1319,1314
1320,1314
1321,1315
1322,1316
1323,1318
1324,1319
1325,1320
1326,1320
1327,1323
1328,1323
1329,1324
1330,1324
1331,1327
1332,1327
1333,1328
1334,1330
1335,1328
1336,1331
1337,1332
1338,1333
1339,1334
1340,1335
1341,1336
1342,1336
1343,1338
1344,1341
1345,1340
1346,1342
1347,1342
1348,1343
1349,1344
1350,1346
1351,1344
1352,1347
1353,1345
1354,1349
1355,1350
1356,1350
1357,1351
1358,1354
1359,1354
1360,1354
1361,1356
1362,1358
1363,1358
1364,1359
1365,1359
1366,1361
1367,1362
1368,1363
1369,1364
1370,1363
1371,1365
1372,1367
1373,1365
1374,1369
1375,1368
1376,1369
1377,1369
1378,1377
1379,1373
1380,1372
1381,1376
1382,1374
1383,1377
1384,1379
1385,1379
1386,1381
1387,1381
1388,1383
1389,1384
1390,1384
1391,1387
1392,1392
1393,1387
1394,1389
1395,1389
1396,1391
1397,1391
1398,1392
1399,1395
1400,1394
1401,1396
1402,1396
1403,1396
1404,1399
1405,1398
1406,1401
1407,1402
1408,1403
1409,1394
1410,1405
1411,1407
1412,1406
1413,1407
1414,1408
1415,1409
1416,1410
1417,1413
1418,1413
1419,1414
1420,1416
1421,1416
1422,1415
1423,1417
1424,1417
1425,1420
1426,1418
1427,1422
1428,1423
1429,1423
1430,1423
1431,1425
1432,1427
1433,1427
1434,1428
1435,1430
1436,1431
1437,1431
1438,1432
1439,1433
1440,1434
1441,1436
1442,1438
1443,1437
1444,1438
1445,1439
1446,1439
1447,1441
1448,1443
1449,1443
1450,1444
1451,1444
1452,1446
1453,1447
1454,1435
1455,1449
1456,1450
1457,1451
1458,1453
1459,1451
1460,1454
1461,1458
1462,1457
1463,1457
1464,1457
1465,1458
1466,1460
1467,1459
1468,1463
1469,1462
1470,1464
1471,1466
1472,1466
1473,1471
1474,1469
1475,1470
1476,1470
1477,1471
1478,1472
1479,1473
1480,1473
1481,1475
1482,1476
1483,1476
1484,1477
1485,1478
1486,1480
1487,1480
1488,1481
1489,1483
1490,1481
1491,1483
1492,1488
1493,1488
1494,1477
1495,1488
1496,1489
1497,1491
1498,1490
1499,1493
1500,1494
1501,1495
1502,1495
1503,1497
1504,1501
1505,1498
1506,1500
1507,1501
1508,1501
1509,1498
1510,1506
1511,1504
1512,1500
1513,1507
1514,1507
1515,1509
1516,1510
1517,1511
1518,1512
1519,1513
1520,1502
1521,1515
1522,1515
1523,1516
1524,1519
1525,1516
1526,1521
1527,1525
1528,1521
1529,1523
1530,1526
1531,1525
1532,1523
1533,1528
1534,1529
1535,1529
1536,1530
1537,1531
1538,1532
1539,1535
1540,1536
1541,1534
1542,1536
1543,1537
1544,1538
1545,1539
1546,1529
1547,1542
1548,1551
1549,1542
1550,1545
1551,1545
1552,1546
1553,1549
1554,1548
1555,1550
1556,1550
1557,1550
1558,1551
1559,1554
1560,1554
1561,1555
1562,1556
1563,1556
1564,1557
1565,1559
1566,1560
1567,1559
1568,1563
1569,1563
1570,1561
1571,1565
1572,1564
1573,1564
1574,1571
1575,1569
1576,1571
1577,1571
1578,1571
1579,1574
1580,1575
1581,1574
1582,1575
1583,1578
1584,1577
1585,1576
1586,1580
1587,1580
1588,1581
1589,1581
1590,1584
1591,1583
1592,1584
1593,1586
1594,1588
1595,1588
1596,1588
1597,1591
1598,1591
1599,1592
1600,1591
1601,1595
1602,1596
1603,1597
1604,1598
1605,1591
1606,1598
1607,1600
1608,1603
1609,1602
1610,1603
1611,1605
1612,1604
1613,1606
1614,1607
1615,1609
1616,1610
1617,1606
1618,1610
1619,1612
1620,1614
1621,1611
1622,1615
1623,1615
1624,1617
1625,1618
1626,1619
1627,1621
1628,1621
1629,1621
1630,1623
1631,1625
1632,1626
1633,1629
1634,1627
1635,1628
1636,1629
1637,1631
1638,1632
1639,1633
1640,1634
1641,1634
1642,1635
1643,1635
1644,1639
1645,1641
1646,1640
1647,1638
1648,1641
1649,1643
1650,1644
1651,1644
1652,1643
1653,1646
1654,1647
1655,1648
1656,1649
1657,1651
1658,1652
1659,1652
1660,1652
1661,1655
1662,1657
1663,1656
1664,1657
1665,1657
1666,1661
1667,1660
1668,1661
1669,1662
1670,1663
1671,1663
1672,1665
1673,1660
1674,1667
1675,1667
1676,1670
1677,1671
1678,1662
1679,1669
1680,1673
1681,1674
1682,1677
1683,1677
1684,1677
1685,1679
1686,1680
1687,1683
1688,1682
1689,1682
1690,1683
1691,1685
1692,1684
1693,1687
1694,1686
1695,1686
1696,1690
1697,1691
1698,1692
1699,1692
1700,1693
1701,1693
1702,1695
1703,1695
1704,1697
1705,1699
1706,1700
1707,1700
1708,1705
1709,1703
1710,1703
1711,1706
1712,1704
1713,1707
1714,1708
1715,1713
1716,1709
1717,1710
1718,1711
1719,1712
1720,1714
1721,1714
1722,1716
1723,1715
1724,1716
1725,1717
1726,1719
1727,1726
1728,1720
1729,1722
1730,1723
1731,1723
1732,1725
1733,1726
1734,1727
1735,1728
1736,1728
1737,1717
1738,1731
1739,1730
1740,1732
1741,1735
1742,1733
1743,1736
1744,1737
1745,1737
1746,1731
1747,1744
1748,1740
1749,1740
1750,1743
1751,1744
1752,1745
1753,1746
1754,1747
1755,1749
1756,1748
1757,1748
1758,1753
1759,1753
1760,1753
1761,1754
1762,1756
1763,1756
1764,1758
1765,1758
1766,1758
1767,1761
1768,1761
1769,1763
1770,1763
1771,1763
1772,1766
1773,1765
1774,1767
1775,1759
1776,1769
1777,1771
1778,1771
1779,1772
1780,1773
1781,1775
1782,1775
1783,1775
1784,1779
1785,1793
1786,1779
1787,1776
1788,1780
1789,1781
1790,1784
1791,1785
1792,1787
1793,1787
1794,1787
1795,1787
1796,1790
1797,1791
1798,1791
1799,1790
1800,1794
1801,1794
1802,1796
1803,1796
1804,1798
1805,1799
1806,1799
1807,1800
1808,1804
1809,1802
1810,1803
1811,1803
1812,1804
1813,1807
1814,1808
1815,1808
1816,1809
1817,1810
1818,1811
1819,1811
1820,1812
1821,1814
1822,1822
1823,1815
1824,1817
1825,1817
1826,1819
1827,1837
1828,1821
1829,1822
1830,1824
1831,1823
1832,1825
1833,1826
1834,1826
1835,1828
1836,1829
1837,1830
1838,1832
1839,1831
1840,1834
1841,1834
1842,1835
1843,1837
1844,1837
1845,1838
1846,1840
1847,1841
1848,1839
1849,1841
1850,1843
1851,1843
1852,1841
1853,1845
1854,1848
1855,1849
1856,1848
1857,1850
1858,1850
1859,1854
1860,1853
1861,1853
1862,1855
1863,1855
1864,1856
1865,1858
1866,1859
1867,1860
1868,1861
1869,1863
1870,1861
1871,1863
1872,1866
1873,1866
1874,1867
1875,1867
1876,1868
1877,1870
1878,1871
1879,1872
1880,1873
1881,1874
1882,1875
1883,1876
1884,1880
1885,1878
1886,1879
1887,1879
1888,1882
1889,1881
1890,1883
1891,1884
1892,1885
1893,1886
1894,1886
1895,1887
1896,1888
1897,1888
1898,1892
1899,1893
1900,1891
1901,1893
1902,1895
1903,1895
1904,1897
1905,1900
1906,1898
1907,1900
1908,1899
1909,1901
1910,1903
1911,1903
1912,1907
1913,1907
1914,1907
1915,1909
1916,1909
1917,1909
1918,1910
1919,1912
1920,1912
1921,1914
1922,1915
1923,1914
1924,1917
1925,1916
1926,1918
1927,1935
1928,1921
1929,1924
1930,1922
1931,1923
1932,1924
1933,1926
1934,1928
1935,1928
1936,1928
1937,1931
1938,1931
1939,1931
1940,1931
1941,1934
1942,1935
1943,1935
1944,1935
1945,1936
1946,1941
1947,1939
1948,1936
1949,1942
1950,1943
1951,1942
1952,1945
1953,1947
1954,1953
1955,1949
1956,1947
1957,1948
1958,1950
1959,1952
1960,1973
1961,1954
1962,1955
1963,1955
1964,1956
1965,1958
1966,1957
1967,1960
1968,1960
1969,1963
1970,1961
1971,1961
1972,1964
1973,1965
1974,1972
1975,1969
1976,1969
1977,1969
1978,1970
1979,1975
1980,1973
1981,1974
1982,1974
1983,1975
1984,1976
1985,1977
1986,1978
1987,1983
1988,1981
1989,1981
1990,1982
1991,1983
1992,1982
1993,1986
1994,1986
1995,1987
1996,1988
1997,1990
1998,1989
1999,1991
2000,1992
2001,1993
2002,1994
2003,1995
2004,1996
2005,1997
2006,1999
2007,1997
2008,1999
2009,1999
2010,2003
2011,2002
2012,2004
2013,2006
2014,2001
2015,2008
2016,2008
2017,2007
2018,2010
2019,2010
2020,2013
2021,2016
2022,2015
2023,2015
2024,2016
2025,2017
2026,2018
2027,2020
2028,2021
2029,2022
2030,2022
2031,2024
2032,2024
2033,2025
2034,2026
2035,2029
2036,2030
2037,2029
2038,2030
2039,2033
2040,2034
2041,2032
2042,2035
2043,2035
2044,2036
2045,2037
2046,2038
2047,2039
2048,2039
2049,2042
2050,2037
2051,2045
2052,2045
2053,2044
2054,2047
2055,2049
2056,2049
2057,2049
2058,2051
2059,2052
2060,2052
2061,2053
2062,2059
2063,2054
2064,2057
2065,2057
2066,2058
2067,2060
2068,2060
2069,2062
2070,2063
2071,2063
2072,2064
2073,2069
2074,2066
2075,2066
2076,2068
2077,2069
2078,2073
2079,2074
2080,2071
2081,2073
2082,2074
2083,2074
2084,2077
2085,2076
2086,2078
2087,2079
2088,2082
2089,2081
2090,2073
2091,2083
2092,2088
2093,2085
2094,2085
2095,2091
2096,2088
2097,2088
2098,2093
2099,2091
2100,2092
2101,2093
2102,2094
2103,2095
2104,2095
2105,2098
2106,2098
2107,2099
2108,2101
2109,2103
2110,2103
2111,2103
2112,2105
2113,2096
2114,2104
2115,2106
2116,2108
2117,2110
2118,2108
2119,2112
2120,2111
2121,2112
2122,2116
2123,2114
2124,2116
2125,2117
2126,2118
2127,2120
2128,2120
2129,2122
2130,2122
2131,2123
2132,2122
2133,2126
2134,2125
2135,2127
2136,2128
2137,2128
2138,2129
2139,2131
2140,2132
2141,2133
2142,2135
2143,2134
2144,2136
2145,2132
2146,2137
2147,2138
2148,2139
2149,2142
2150,2143
2151,2142
2152,2144
2153,2145
2154,2146
2155,2143
2156,2146
2157,2148
2158,2150
2159,2152
2160,2152
2161,2153
2162,2154
2163,2155
2164,2156
2165,2156
2166,2158
2167,2159
2168,2160
2169,2161
2170,2162
2171,2164
2172,2166
2173,2164
2174,2165
2175,2166
2176,2168
2177,2168
2178,2169
2179,2171
2180,2172
2181,2172
2182,2174
2183,2174
2184,2176
2185,2178
2186,2178
2187,2178
2188,2175
2189,2183
2190,2173
2191,2183
2192,2183
2193,2183
2194,2186
2195,2191
2196,2188
2197,2188
2198,2189
2199,2191
2200,2189
2201,2192
2202,2196
2203,2194
2204,2194
2205,2194
2206,2199
2207,2196
2208,2200
2209,2202
2210,2202
2211,2202
2212,2204
2213,2200
2214,2203
2215,2205
2216,2207
2217,2208
2218,2208
2219,2211
2220,2211
2221,2213
2222,2214
2223,2215
2224,2215
2225,2216
2226,2209
2227,2221
2228,2207
2229,2221
2230,2220
2231,2223
2232,2224
2233,2223
2234,2226
2235,2226
2236,2224
2237,2228
2238,2229
2239,2230
2240,2232
2241,2232
2242,2234
2243,2235
2244,2236
2245,2224
2246,2238
2247,2239
2248,2239
2249,2239
2250,2240
2251,2242
2252,2242
2253,2245
2254,2244
2255,2247
2256,2249
2257,2249
2258,2250
2259,2253
2260,2253
2261,2252
2262,2253
2263,2256
2264,2260
2265,2255
2266,2258
2267,2259
2268,2260
2269,2263
2270,2261
2271,2261
2272,2263
2273,2265
2274,2265
2275,2266
2276,2267
2277,2269
2278,2269
2279,2270
2280,2272
2281,2273
2282,2274
2283,2274
2284,2275
2285,2277
2286,2278
2287,2278
2288,2280
2289,2281
2290,2280
2291,2283
2292,2285
2293,2285
2294,2286
2295,2286
2296,2288
2297,2289
2298,2289
2299,2306
2300,2292
2301,2292
2302,2293
2303,2296
2304,2296
2305,2297
2306,2297
2307,2298
2308,2300
2309,2300
2310,2302
2311,2301
2312,2303
2313,2305
2314,2305
2315,2307
2316,2307
2317,2309
2318,2311
2319,2310
2320,2312
2321,2311
2322,2313
2323,2313
2324,2316
2325,2316
2326,2322
2327,2317
2328,2320
2329,2320
2330,2321
2331,2321
2332,2323
2333,2323
2334,2326
2335,2326
2336,2327
2337,2328
2338,2329
2339,2330
2340,2332
2341,2332
2342,2332
2343,2334
2344,2335
2345,2329
2346,2338
2347,2339
2348,2338
2349,2341
2350,2342
2351,2344
2352,2343
2353,2343
2354,2345
2355,2346
2356,2347
2357,2349
2358,2349
2359,2350
2360,2351
2361,2353
2362,2352
2363,2354
2364,2359
2365,2356
2366,2358
2367,2358
2368,2357
2369,2361
2370,2361
2371,2362
2372,2364
2373,2366
2374,2363
2375,2365
2376,2366
2377,2368
2378,2368
2379,2371
2380,2372
2381,2372
2382,2373
2383,2372
2384,2376
2385,2376
2386,2377
2387,2379
2388,2378
2389,2380
2390,2379
2391,2381
2392,2383
2393,2379
2394,2385
2395,2387
2396,2388
2397,2387
2398,2390
2399,2390
2400,2394
2401,2391
2402,2392
2403,2395
2404,2396
2405,2396
2406,2395
2407,2397
2408,2398
2409,2401
2410,2400
2411,2401
2412,2404
2413,2404
2414,2406
2415,2407
2416,2407
2417,2407
2418,2410
2419,2410
2420,2412
2421,2411
2422,2412
2423,2404
2424,2415
2425,2416
2426,2417
2427,2417
2428,2420
2429,2425
2430,2421
2431,2422
2432,2422
2433,2425
2434,2425
2435,2426
2436,2426
2437,2428
2438,2429
2439,2430
2440,2432
2441,2433
2442,2432
2443,2433
2444,2436
2445,2436
2446,2435
2447,2438
2448,2438
2449,2439
2450,2438
2451,2442
2452,2442
2453,2442
2454,2445
2455,2445
2456,2447
2457,2450
2458,2448
2459,2450
2460,2449
2461,2451
2462,2451
2463,2453
2464,2454
2465,2455
2466,2456
2467,2458
2468,2458
2469,2459
2470,2460
2471,2467
2472,2463
2473,2461
2474,2463
2475,2466
2476,2465
2477,2466
2478,2468
2479,2471
2480,2469
2481,2470
2482,2472
2483,2470
2484,2476
2485,2476
2486,2476
2487,2477
2488,2479
2489,2480
2490,2483
2491,2482
2492,2483
2493,2483
2494,2485
2495,2485
2496,2486
2497,2485
2498,2489
2499,2489
2500,2489
2501,2492
2502,2489
2503,2493
2504,2495
2505,2497
2506,2496
2507,2505
2508,2499
2509,2500
2510,2502
2511,2503
2512,2505
2513,2503
2514,2506
2515,2506
2516,2506
2517,2507
2518,2508
2519,2471
2520,2511
2521,2511
2522,2508
2523,2513
2524,2515
2525,2516
2526,2517
2527,2521
2528,2518
2529,2520
2530,2521
2531,2521
2532,2523
2533,2523
2534,2525
2535,2525
2536,2526
2537,2528
2538,2519
2539,2530
2540,2530
2541,2530
2542,2532
2543,2533
2544,2535
2545,2538
2546,2536
2547,2538
2548,2537
2549,2540
2550,2540
2551,2539
2552,2542
2553,2544
2554,2543
2555,2545
2556,2546
2557,2547
2558,2548
2559,2550
2560,2549
2561,2551
2562,2551
2563,2552
2564,2555
2565,2556
2566,2548
2567,2556
2568,2558
2569,2559
2570,2561
2571,2561
2572,2563
2573,2566
2574,2564
2575,2565
2576,2566
2577,2568
2578,2566
2579,2569
2580,2569
2581,2572
2582,2572
2583,2571
2584,2574
2585,2576
2586,2576
2587,2577
2588,2578
2589,2579
2590,2581
2591,2580
2592,2582
2593,2583
2594,2583
2595,2583
2596,2586
2597,2587
2598,2587
2599,2589
2600,2592
2601,2591
2602,2593
2603,2594
2604,2594
2605,2595
2606,2595
2607,2596
2608,2598
2609,2599
2610,2599
2611,2601
2612,2599
2613,2603
2614,2605
2615,2604
2616,2606
2617,2606
2618,2610
2619,2624
2620,2609
2621,2612
2622,2613
2623,2612
2624,2613
2625,2615
2626,2615
2627,2618
2628,2616
2629,2620
2630,2619
2631,2618
2632,2622
2633,2623
2634,2624
2635,2624
2636,2624
2637,2628
2638,2625
2639,2630
2640,2630
2641,2632
2642,2632
2643,2633
2644,2634
2645,2634
2646,2636
2647,2637
2648,2638
2649,2639
2650,2639
2651,2641
2652,2642
2653,2644
2654,2642
2655,2646
2656,2646
2657,2647
2658,2648
2659,2649
2660,2650
2661,2652
2662,2652
2663,2656
2664,2651
2665,2656
2666,2654
2667,2657
2668,2655
2669,2657
2670,2664
2671,2660
2672,2661
2673,2661
2674,2665
2675,2664
2676,2666
2677,2668
2678,2665
2679,2668
2680,2657
2681,2670
2682,2672
2683,2672
2684,2672
2685,2672
2686,2676
2687,2677
2688,2678
2689,2679
2690,2679
2691,2680
2692,2686
2693,2682
2694,2684
2695,2685
2696,2687
2697,2689
2698,2687
2699,2689
2700,2690
2701,2691
2702,2692
2703,2693
2704,2693
2705,2695
2706,2697
2707,2696
2708,2698
2709,2698
2710,2701
2711,2701
2712,2701
2713,2702
2714,2703
2715,2705
2716,2707
2717,2706
2718,2707
2719,2708
2720,2710
2721,2709
2722,2710
2723,2709
2724,2713
2725,2715
2726,2734
2727,2716
2728,2716
2729,2719
2730,2718
2731,2720
2732,2722
2733,2725
2734,2722
2735,2724
2736,2724
2737,2726
2738,2742
2739,2728
2740,2730
2741,2731
2742,2731
2743,2731
2744,2732
2745,2736
2746,2736
2747,2737
2748,2738
2749,2739
2750,2739
2751,2741
2752,2742
2753,2743
2754,2740
2755,2743
2756,2749
2757,2749
2758,2759
2759,2748
2760,2750
2761,2750
2762,2751
2763,2752
2764,2753
2765,2768
2766,2755
2767,2756
2768,2758
2769,2759
2770,2759
2771,2762
2772,2762
2773,2761
2774,2764
2775,2765
2776,2767
2777,2767
2778,2766
2779,2768
2780,2769
2781,2770
2782,2771
2783,2773
2784,2774
2785,2777
2786,2775
2787,2776
2788,2780
2789,2779
2790,2777
2791,2781
2792,2782
2793,2783
2794,2796
2795,2785
2796,2786
2797,2786
2798,2788
2799,2789
2800,2792
2801,2791
2802,2794
2803,2793
2804,2791
2805,2795
2806,2796
2807,2792
2808,2797
2809,2797
2810,2800
2811,2798
2812,2802
2813,2803
2814,2805
2815,2807
2816,2804
2817,2807
2818,2807
2819,2808
2820,2809
2821,2809
2822,2811
2823,2812
2824,2814
2825,2817
2826,2815
2827,2818
2828,2815
2829,2819
2830,2817
2831,2820
2832,2822
2833,2822
2834,2822
2835,2822
2836,2826
2837,2826
2838,2827
2839,2828
2840,2829
2841,2830
2842,2830
2843,2833
2844,2833
2845,2834
2846,2835
2847,2836
2848,2838
2849,2838
2850,2839
2851,2840
2852,2840
2853,2842
2854,2846
2855,2844
2856,2845
2857,2845
2858,2846
2859,2848
2860,2849
2861,2849
2862,2851
2863,2852
2864,2855
2865,2854
2866,2856
2867,2856
2868,2857
2869,2858
2870,2859
2871,2861
2872,2862
2873,2863
2874,2863
2875,2864
2876,2859
2877,2867
2878,2867
2879,2867
2880,2880
2881,2871
2882,2872
2883,2872
2884,2872
2885,2875
2886,2876
2887,2876
2888,2876
2889,2878
2890,2873
2891,2881
2892,2880
2893,2883
2894,2882
2895,2884
2896,2885
2897,2887
2898,2887
2899,2888
2900,2889
2901,2891
2902,2892
2903,2892
2904,2893
2905,2895
2906,2894
2907,2898
2908,2898
2909,2898
2910,2899
2911,2900
2912,2901
2913,2902
2914,2905
2915,2904
2916,2903
2917,2908
2918,2907
2919,2908
2920,2908
2921,2911
2922,2910
2923,2912
2924,2911
2925,2915
2926,2914
2927,2916
2928,2918
2929,2917
2930,2919
2931,2920
2932,2922
2933,2924
2934,2922
2935,2924
2936,2924
2937,2926
2938,2927
2939,2928
2940,2928
2941,2930
2942,2932
2943,2932
2944,2935
2945,2934
2946,2935
2947,2936
2948,2937
2949,2938
2950,2938
2951,2940
2952,2941
2953,2942
2954,2944
2955,2946
2956,2945
2957,2948
2958,2948
2959,2946
2960,2949
2961,2950
2962,2952
2963,2952
2964,2955
2965,2953
2966,2956
2967,2955
2968,2957
2969,2959
2970,2957
2971,2960
2972,2952
2973,2962
2974,2962
2975,2963
2976,2969
2977,2964
2978,2967
2979,2956
2980,2969
2981,2969
2982,2971
2983,2971
2984,2973
2985,2974
2986,2987
2987,2975
2988,2977
2989,2980
2990,2980
2991,2981
2992,2983
2993,2974
2994,2982
2995,2984
2996,2985
2997,2985
2998,2986
2999,2988
3000,2988
3001,2991
3002,2993
3003,2992
3004,2993
3005,2993
3006,2996
3007,2995
3008,2997
3009,2998
3010,2999
3011,3000
3012,3000
3013,2999
3014,3002
3015,2999
3016,3006
3017,3006
3018,3006
3019,3008
3020,3011
3021,3010
3022,3015
3023,3014
3024,3013
3025,3013
3026,3015
3027,3017
3028,3018
3029,3018
3030,3019
3031,3022
3032,3021
3033,3022
3034,3025
3035,3025
3036,3025
3037,3026
3038,3028
3039,3028
3040,3031
3041,3030
3042,3031
3043,3032
3044,3033
3045,3036
3046,3035
3047,3036
3048,3039
3049,3038
3050,3040
3051,3040
3052,3042
3053,3043
3054,3044
3055,3043
3056,3046
3057,3047
3058,3046
3059,3047
3060,3042
3061,3050
3062,3053
3063,3053
3064,3055
3065,3049
3066,3056
3067,3056
3068,3060
3069,3059
3070,3059
3071,3061
3072,3063
3073,3062
3074,3068
3075,3065
3076,3066
3077,3066
3078,3066
3079,3067
3080,3073
3081,3070
3082,3071
3083,3072
3084,3069
3085,3073
3086,3074
3087,3075
3088,3077
3089,3076
3090,3080
3091,3086
3092,3081
3093,3083
3094,3082
3095,3083
3096,3083
3097,3086
3098,3086
3099,3089
3100,3089
3101,3090
3102,3091
3103,3092
3104,3094
3105,3108
3106,3096
3107,3096
3108,3100
3109,3099
3110,3099
3111,3107
3112,3102
3113,3103
3114,3103
3115,3105
3116,3105
3117,3106
3118,3107
3119,3108
3120,3111
3121,3111
3122,3111
3123,3111
3124,3114
3125,3114
3126,3115
3127,3115
3128,3118
3129,3118
3130,3118
3131,3120
3132,3121
3133,3122
3134,3123
3135,3129
3136,3125
3137,3127
3138,3128
3139,3128
3140,3116
3141,3129
3142,3131
3143,3131
3144,3133
3145,3133
3146,3137
3147,3138
3148,3136
3149,3139
3150,3139
3151,3140
3152,3142
3153,3141
3154,3143
3155,3144
3156,3146
3157,3146
3158,3146
3159,3146
3160,3148
3161,3150
3162,3151
3163,3151
3164,3153
3165,3154
3166,3158
3167,3156
3168,3157
3169,3157
3170,3158
3171,3160
3172,3161
3173,3163
3174,3164
3175,3165
3176,3162
3177,3167
3178,3166
3179,3168
3180,3168
3181,3170
3182,3171
3183,3172
3184,3172
3185,3174
3186,3175
3187,3175
3188,3177
3189,3178
3190,3180
3191,3176
3192,3181
3193,3183
3194,3183
3195,3184
3196,3185
3197,3186
3198,3183
3199,3188
3200,3191
3201,3190
3202,3190
3203,3193
3204,3193
3205,3180
3206,3195
3207,3195
3208,3196
3209,3198
3210,3203
3211,3199
3212,3194
3213,3201
3214,3202
3215,3204
3216,3205
3217,3206
3218,3206
3219,3210
3220,3209
3221,3209
3222,3211
3223,3211
3224,3212
3225,3213
3226,3214
3227,3216
3228,3216
3229,3217
3230,3216
3231,3219
3232,3222
3233,3222
3234,3222
3235,3222
3236,3226
3237,3225
3238,3224
3239,3227
3240,3228
3241,3234
3242,3230
3243,3231
3244,3232
3245,3234
3246,3234
3247,3235
3248,3236
3249,3243
3250,3238
3251,3227
3252,3240
3253,3242
3254,3243
3255,3244
3256,3243
3257,3246
3258,3248
3259,3246
3260,3247
3261,3248
3262,3251
3263,3251
3264,3251
3265,3252
3266,3254
3267,3256
3268,3257
3269,3257
3270,3259
3271,3259
3272,3261
3273,3263
3274,3264
3275,3265
3276,3265
3277,3269
3278,3267
3279,3268
3280,3269
3281,3271
3282,3271
3283,3272
3284,3276
3285,3274
3286,3275
3287,3275
3288,3275
3289,3278
3290,3277
3291,3280
3292,3287
3293,3281
3294,3285
3295,3282
3296,3285
3297,3292
3298,3285
3299,3292
3300,3288
3301,3291
3302,3289
3303,3290
3304,3294
3305,3294
3306,3297
3307,3294
3308,3297
3309,3297
3310,3298
3311,3300
3312,3300
3313,3301
3314,3302
3315,3303
3316,3303
3317,3306
3318,3307
3319,3307
3320,3307
3321,3308
3322,3311
3323,3311
3324,3311
3325,3314
3326,3314
3327,3315
3328,3315
3329,3320
3330,3319
3331,3319
3332,3319
3333,3322
3334,3322
3335,3324
3336,3324
3337,3326
3338,3329
3339,3327
3340,3328
3341,3327
3342,3330
3343,3320
3344,3330
3345,3333
3346,3334
3347,3339
3348,3334
3349,3338
3350,3337
3351,3339
3352,3340
3353,3343
3354,3343
3355,3343
3356,3343
3357,3345
3358,3349
3359,3347
3360,3348
3361,3349
3362,3350
3363,3350
3364,3352
3365,3353
3366,3359
3367,3356
3368,3356
3369,3357
3370,3359
3371,3359
3372,3360
3373,3360
3374,3362
3375,3364
3376,3366
3377,3366
3378,3367
3379,3367
3380,3357
3381,3369
3382,3371
3383,3371
3384,3371
3385,3372
3386,3375
3387,3380
3388,3377
3389,3378
3390,3384
3391,3379
3392,3380
3393,3383
3394,3382
3395,3382
3396,3385
3397,3374
3398,3388
3399,3386
3400,3387
3401,3389
3402,3386
3403,3391
3404,3391
3405,3390
3406,3394
3407,3396
3408,3396
3409,3396
3410,3397
3411,3398
3412,3401
3413,3400
3414,3401
3415,3403
3416,3403
3417,3405
3418,3404
3419,3407
3420,3408
3421,3407
3422,3411
3423,3411
3424,3411
3425,3412
3426,3413
3427,3415
3428,3412
3429,3417
3430,3417
3431,3421
3432,3421
3433,3420
3434,3423
3435,3424
3436,3424
3437,3425
3438,3427
3439,3428
3440,3429
3441,3429
3442,3430
3443,3432
3444,3432
3445,3433
3446,3434
3447,3435
3448,3436
3449,3437
3450,3439
3451,3440
3452,3439
3453,3440
3454,3442
3455,3437
3456,3443
3457,3433
3458,3447
3459,3446
3460,3437
3461,3449
3462,3450
3463,3450
3464,3457
3465,3452
3466,3452
3467,3456
3468,3456
3469,3457
3470,3456
3471,3458
3472,3459
3473,3460
3474,3462
3475,3462
3476,3464
3477,3463
3478,3466
3479,3467
3480,3468
3481,3469
3482,3471
3483,3470
3484,3470
3485,3473
3486,3480
3487,3474
3488,3476
3489,3476
3490,3478
3491,3477
3492,3479
3493,3481
3494,3481
3495,3484
3496,3484
3497,3484
3498,3485
3499,3485
3500,3488
3501,3488
3502,3489
3503,3491
3504,3491
3505,3494
3506,3495
3507,3495
3508,3494
3509,3494
3510,3497
3511,3498
3512,3499
3513,3500
3514,3501
3515,3502
3516,3515
3517,3503
3518,3505
3519,3506
3520,3507
3521,3509
3522,3509
3523,3510
3524,3512
3525,3514
3526,3511
3527,3515
3528,3514
3529,3515
3530,3517
3531,3511
3532,3518
3533,3508
3534,3522
3535,3523
3536,3523
3537,3525
3538,3524
3539,3527
3540,3527
3541,3529
3542,3530
3543,3530
3544,3531
3545,3531
3546,3533
3547,3538
3548,3535
3549,3536
3550,3537
3551,3539
3552,3539
3553,3541
3554,3542
3555,3542
3556,3544
3557,3545
3558,3547
3559,3547
3560,3547
3561,3547
3562,3552
3563,3551
3564,3543
3565,3553
3566,3553
3567,3554
3568,3556
3569,3556
3570,3559
3571,3558
3572,3557
3573,3560
3574,3560
3575,3563
3576,3569
3577,3563
3578,3565
3579,3565
3580,3567
3581,3571
3582,3566
3583,3571
3584,3570
3585,3572
3586,3572
3587,3574
3588,3580
3589,3576
3590,3581
3591,3577
3592,3579
3593,3581
3594,3581
3595,3581
3596,3583
3597,3581
3598,3584
3599,3586
3600,3586
3601,3588
3602,3591
3603,3589
3604,3591
3605,3593
3606,3594
3607,3594
3608,3594
3609,3596
3610,3596
3611,3595
3612,3598
3613,3601
3614,3601
3615,3602
3616,3602
3617,3604
3618,3604
3619,3606
3620,3606
3621,3607
3622,3609
3623,3610
3624,3612
3625,3610
3626,3611
3627,3613
3628,3616
3629,3615
3630,3618
3631,3617
3632,3619
3633,3621
3634,3621
3635,3621
3636,3623
3637,3624
3638,3623
3639,3627
3640,3630
3641,3630
3642,3628
3643,3630
3644,3631
3645,3631
3646,3634
3647,3635
3648,3635
3649,3636
3650,3635
3651,3639
3652,3634
3653,3639
3654,3641
3655,3645
3656,3646
3657,3643
3658,3644
3659,3646
3660,3646
3661,3647
3662,3649
3663,3651
3664,3646
3665,3651
3666,3652
3667,3654
3668,3655
3669,3655
3670,3656
3671,3669
3672,3656
3673,3661
3674,3660
3675,3662
3676,3662
3677,3665
3678,3666
3679,3665
3680,3667
3681,3668
3682,3669
3683,3671
3684,3671
3685,3671
3686,3673
3687,3674
3688,3674
3689,3676
3690,3677
3691,3678
3692,3679
3693,3680
3694,3679
3695,3683
3696,3683
3697,3686
3698,3684
3699,3686
3700,3686
3701,3688
3702,3688
3703,3689
3704,3691
3705,3692
3706,3697
3707,3693
3708,3695
3709,3695
3710,3696
3711,3697
3712,3697
3713,3696
3714,3700
3715,3701
3716,3700
3717,3703
3718,3704
3719,3705
3720,3707
3721,3707
3722,3709
3723,3709
3724,3710
3725,3710
3726,3713
3727,3712
3728,3717
3729,3715
3730,3715
3731,3716
3732,3717
3733,3720
3734,3719
3735,3722
3736,3723
3737,3723
3738,3725
3739,3724
3740,3722
3741,3727
3742,3727
3743,3728
3744,3729
3745,3730
3746,3731
3747,3735
3748,3735
3749,3727
3750,3737
3751,3737
3752,3737
3753,3738
3754,3734
3755,3739
3756,3741
3757,3741
3758,3745
3759,3742
3760,3746
3761,3748
3762,3748
3763,3749
3764,3749
3765,3754
3766,3751
3767,3752
3768,3757
3769,3755
3770,3757
3771,3758
3772,3758
3773,3759
3774,3761
3775,3761
3776,3761
3777,3763
3778,3765
3779,3764
3780,3766
3781,3767
3782,3771
3783,3764
3784,3770
3785,3771
3786,3772
3787,3774
3788,3773
3789,3774
3790,3777
3791,3777
3792,3779
3793,3777
3794,3779
3795,3782
3796,3782
3797,3783
3798,3784
3799,3785
3800,3786
3801,3787
3802,3788
3803,3789
3804,3788
3805,3791
3806,3792
3807,3794
3808,3783
3809,3796
3810,3797
3811,3797
3812,3796
3813,3800
3814,3799
3815,3805
3816,3803
3817,3802
3818,3806
3819,3805
3820,3807
3821,3807
3822,3808
3823,3809
3824,3809
3825,3814
3826,3813
3827,3813
3828,3813
3829,3816
3830,3817
3831,3814
3832,3815
3833,3821
3834,3820
3835,3822
3836,3822
3837,3823
3838,3823
3839,3825
3840,3828
3841,3827
3842,3828
3843,3830
3844,3831
3845,3831
3846,3833
3847,3833
3848,3835
3849,3831
3850,3836
3851,3836
3852,3837
3853,3839
3854,3843
3855,3841
3856,3843
3857,3843
3858,3844
3859,3845
3860,3845
3861,3847
3862,3848
3863,3848
3864,3849
3865,3851
3866,3851
3867,3851
3868,3853
3869,3855
3870,3856
3871,3856
3872,3858
3873,3859
3874,3860
3875,3855
3876,3861
3877,3861
3878,3863
3879,3864
3880,3859
3881,3866
3882,3868
3883,3869
3884,3870
3885,3872
3886,3872
3887,3877
3888,3875
3889,3875
3890,3876
3891,3877
3892,3878
3893,3879
3894,3879
3895,3881
3896,3875
3897,3883
3898,3887
3899,3884
3900,3885
3901,3887
3902,3888
3903,3879
3904,3887
3905,3891
3906,3892
3907,3892
3908,3895
3909,3895
3910,3894
3911,3898
3912,3898
3913,3898
3914,3901
3915,3900
3916,3901
3917,3903
3918,3903
3919,3905
3920,3907
3921,3907
3922,3906
3923,3909
3924,3909
3925,3910
3926,3912
3927,3913
3928,3913
3929,3915
3930,3915
3931,3916
3932,3918
3933,3918
3934,3919
3935,3919
3936,3921
3937,3921
3938,3923
3939,3924
3940,3927
3941,3928
3942,3929
3943,3929
3944,3932
3945,3930
3946,3933
3947,3932
3948,3933
3949,3935
3950,3935
3951,3937
3952,3937
3953,3939
3954,3949
3955,3941
3956,3942
3957,3942
3958,3944
3959,3944
3960,3945
3961,3945
3962,3947
3963,3948
3964,3949
3965,3950
3966,3956
3967,3952
3968,3953
3969,3954
3970,3956
3971,3956
3972,3956
3973,3958
3974,3959
3975,3959
3976,3960
3977,3963
3978,3961
3979,3965
3980,3964
3981,3965
3982,3968
3983,3968
3984,3970
3985,3971
3986,3970
3987,3972
3988,3973
3989,3973
3990,3974
3991,3975
3992,3977
3993,3977
3994,3980
3995,3980
3996,3986
3997,3981
3998,3983
3999,3983
4000,3985
4001,3987
4002,3987
4003,3989
4004,3991
4005,3990
4006,3991
4007,3992
4008,3993
4009,3992
4010,3994
4011,3997
4012,3997
4013,3998
4014,3997
4015,4000
4016,4000
4017,4004
4018,4002
4019,4003
4020,4005
4021,4005
4022,4007
4023,4011
4024,4010
4025,4010
4026,4011
4027,4013
4028,4012
4029,4016
4030,4016
4031,4017
4032,4015
4033,4019
4034,4020
4035,4019
4036,4019
4037,4024
4038,4024
4039,4024
4040,4026
4041,4026
4042,4022
4043,4027
4044,4029
4045,4030
4046,4031
4047,4033
4048,4033
4049,4035
4050,4036
4051,4037
4052,4037
4053,4038
4054,4040
4055,4041
4056,4041
4057,4045
4058,4044
4059,4045
4060,4046
4061,4046
4062,4048
4063,4048
4064,4052
4065,4051
4066,4052
4067,4051
4068,4056
4069,4051
4070,4055
4071,4057
4072,4058
4073,4060
4074,4060
4075,4061
4076,4061
4077,4061
4078,4067
4079,4065
4080,4065
4081,4067
4082,4067
4083,4068
4084,4069
4085,4071
4086,4070
4087,4072
4088,4073
4089,4074
4090,4075
4091,4076
4092,4076
4093,4076
4094,4074
4095,4075