0,4
1,3
2,5
3,3
4,4
5,5
6,3
7,6
8,8
9,7
10,8
11,12
12,12
13,11
14,13
15,14
16,16
17,16
18,18
19,17
20,19
21,35
22,22
23,23
24,22
25,24
26,45
27,25
28,26
29,27
30,29
31,29
32,31
33,30
34,33
35,33
36,35
37,36
38,37
39,38
40,39
41,40
42,40
43,42
44,40
45,44
46,48
47,46
48,47
49,49
50,51
51,49
52,51
53,51
54,60
55,54
56,54
57,55
58,57
59,57
60,59
61,60
62,60
63,61
64,56
65,64
66,65
67,65
68,67
69,75
70,69
71,70
72,70
73,72
74,90
75,73
76,75
77,85
78,77
79,78
80,78
81,80
82,82
83,82
84,82
85,84
86,85
87,85
88,87
89,88
90,88
91,89
92,90
93,91
94,91
95,94
96,95
97,96
98,96
99,98
100,100
101,84
102,99
103,101
104,102
105,103
106,104
107,106
108,106
109,113
110,108
111,110
112,110
113,111
114,114
115,113
116,115
117,114
118,117
119,117
120,118
121,136
122,120
123,121
124,123
125,124
126,125
127,126
128,127
129,127
130,130
131,129
132,130
133,122
134,136
135,133
136,136
137,134
138,137
139,139
140,139
141,139
142,141
143,142
144,142
145,144
146,145
147,147
148,144
149,147
150,149
151,148
152,150
153,151
154,152
155,154
156,154
157,157
158,157
159,154
160,159
161,160
162,163
163,162
164,162
165,163
166,165
167,167
168,167
169,166
170,169
171,171
172,170
173,171
174,174
175,173
176,175
177,176
178,176
179,177
180,178
181,179
182,180
183,182
184,182
185,183
186,184
187,188
188,186
189,187
190,188
191,189
192,193
193,191
194,192
195,192
196,193
197,194
198,196
199,199
200,199
201,199
202,200
203,201
204,200
205,203
206,204
207,205
208,206
209,206
210,208
211,209
212,209
213,212
214,218
215,214
216,212
217,216
218,217
219,216
220,219
221,219
222,219
223,222
224,223
225,225
226,224
227,224
228,226
229,227
230,227
231,232
232,230
233,231
234,232
235,233
236,233
237,236
238,236
239,236
240,237
241,239
242,240
243,241
244,242
245,243
246,244
247,244
248,246
249,246
250,249
251,249
252,249
253,251
254,252
255,254
256,255
257,254
258,256
259,258
260,259
261,258
262,260
263,262
264,262
265,263
266,265
267,267
268,266
269,268
270,267
271,269
272,268
273,269
274,271
275,273
276,276
277,274
278,276
279,278
280,277
281,279
282,278
283,281
284,283
285,283
286,282
287,284
288,286
289,287
290,290
291,288
292,291
293,293
294,293
295,297
296,297
297,295
298,295
299,297
300,297
301,300
302,300
303,301
304,302
305,303
306,305
307,305
308,305
309,307
310,310
311,309
312,309
313,312
314,312
315,314
316,314
317,315
318,316
319,316
320,317
321,319
322,323
323,321
324,321
325,326
326,325
327,329
328,323
329,329
330,329
331,329
332,335
333,331
334,334
335,332
336,334
337,336
338,336
339,336
340,337
341,339
342,344
343,342
344,338
345,343
346,342
347,344
348,345
349,343
350,347
351,349
352,349
353,351
354,355
355,352
356,353
357,355
358,356
359,360
360,357
361,357
362,360
363,360
364,358
365,362
366,363
367,365
368,366
369,366
370,368
371,369
372,370
373,370
374,370
375,373
376,376
377,375
378,375
379,378
380,378
381,379
382,380
383,381
384,382
385,383
386,384
387,384
388,385
389,387
390,387
391,388
392,390
393,391
394,392
395,393
396,394
397,394
398,395
399,397
400,398
401,399
402,403
403,401
404,402
405,402
406,405
407,404
408,405
409,407
410,409
411,408
412,410
413,408
414,412
415,412
416,413
417,416
418,415
419,416
420,418
421,419
422,420
423,420
424,421
425,421
426,425
427,425
428,425
429,426
430,425
431,428
432,430
433,431
434,432
435,431
436,434
437,433
438,436
439,437
440,434
441,439
442,442
443,440
444,442
445,442
446,443
447,444
448,443
449,446
450,454
451,447
452,450
453,451
454,450
455,454
456,454
457,454
458,455
459,455
460,456
461,459
462,465
463,461
464,462
465,460
466,463
467,463
468,464
469,466
470,470
471,469
472,468
473,469
474,470
475,474
476,473
477,474
478,473
479,475
480,477
481,477
482,479
483,479
484,480
485,482
486,478
487,482
488,485
489,486
490,488
491,486
492,488
493,490
494,492
495,493
496,493
497,494
498,494
499,495
500,496
501,497
502,498
503,499
504,499
505,503
506,502
507,504
508,514
509,504
510,507
511,508
512,509
513,514
514,511
515,511
516,513
517,513
518,515
519,515
520,516
521,518
522,520
523,520
524,520
525,522
526,524
527,525
528,524
529,526
530,526
531,527
532,529
533,531
534,530
535,534
536,534
537,534
538,534
539,536
540,537
541,538
542,539
543,539
544,541
545,542
546,543
547,544
548,543
549,546
550,547
551,547
552,550
553,550
554,550
555,552
556,552
557,555
558,558
559,558
560,556
561,556
562,559
563,559
564,560
565,563
566,562
567,564
568,565
569,566
570,566
571,562
572,569
573,569
574,571
575,572
576,574
577,574
578,574
579,575
580,576
581,577
582,579
583,580
584,581
585,581
586,583
587,583
588,584
589,585
590,588
591,588
592,589
593,589
594,590
595,591
596,593
597,594
598,595
599,595
600,598
601,598
602,597
603,598
604,602
605,601
606,603
607,604
608,603
609,604
610,606
611,608
612,610
613,609
614,610
615,610
616,612
617,613
618,614
619,614
620,615
621,618
622,619
623,620
624,620
625,621
626,622
627,621
628,626
629,625
630,626
631,627
632,628
633,629
634,630
635,631
636,633
637,633
638,635
639,636
640,636
641,637
642,638
643,641
644,640
645,642
646,642
647,643
648,645
649,646
650,646
651,648
652,651
653,649
654,650
655,651
656,653
657,653
658,655
659,656
660,655
661,658
662,659
663,659
664,662
665,660
666,661
667,664
668,664
669,665
670,666
671,668
672,667
673,669
674,672
675,674
676,672
677,673
678,674
679,674
680,677
681,677
682,678
683,669
684,679
685,680
686,681
687,683
688,684
689,685
690,687
691,686
692,687
693,685
694,690
695,691
696,691
697,693
698,692
699,694
700,696
701,696
702,698
703,698
704,700
705,702
706,701
707,702
708,701
709,704
710,705
711,705
712,709
713,710
714,710
715,712
716,711
717,713
718,714
719,715
720,716
721,718
722,718
723,719
724,719
725,721
726,723
727,722
728,725
729,726
730,726
731,725
732,728
733,737
734,731
735,732
736,731
737,734
738,733
739,735
740,736
741,739
742,739
743,740
744,741
745,742
746,741
747,745
748,744
749,745
750,747
751,746
752,750
753,749
754,749
755,756
756,753
757,752
758,754
759,753
760,759
761,757
762,758
763,760
764,761
765,762
766,763
767,764
768,753
769,766
770,767
771,767
772,766
773,755
774,770
775,771
776,773
777,773
778,775
779,775
780,776
781,777
782,779
783,779
784,780
785,782
786,781
787,781
788,784
789,785
790,786
791,787
792,786
793,789
794,788
795,791
796,792
797,791
798,795
799,796
800,796
801,797
802,797
803,799
804,801
805,799
806,802
807,802
808,803
809,805
810,807
811,808
812,808
813,810
814,799
815,811
816,811
817,813
818,814
819,813
820,816
821,817
822,819
823,818
824,821
825,820
826,822
827,821
828,823
829,824
830,827
831,826
832,827
833,830
834,829
835,831
836,832
837,833
838,834
839,835
840,836
841,837
842,838
843,838
844,839
845,840
846,841
847,844
848,844
849,844
850,846
851,847
852,848
853,848
854,849
855,851
856,853
857,852
858,853
859,855
860,856
861,854
862,858
863,859
864,860
865,861
866,862
867,863
868,867
869,865
870,866
871,866
872,867
873,869
874,869
875,871
876,873
877,872
878,873
879,872
880,875
881,877
882,877
883,879
884,879
885,881
886,882
887,882
888,883
889,884
890,885
891,887
892,887
893,888
894,890
895,891
896,891
897,892
898,893
899,891
900,896
901,896
902,898
903,898
904,900
905,901
906,906
907,902
908,904
909,906
910,905
911,906
912,903
913,907
914,916
915,911
916,912
917,914
918,914
919,915
920,916
921,917
922,917
923,919
924,924
925,920
926,921
927,923
928,923
929,926
930,927
931,928
932,928
933,928
934,929
935,930
936,934
937,932
938,934
939,934
940,936
941,936
942,938
943,938
944,939
945,940
946,942
947,940
948,943
949,945
950,946
951,944
952,948
953,947
954,949
955,952
956,953
957,952
958,953
959,954
960,954
961,956
962,958
963,957
964,961
965,959
966,960
967,962
968,970
969,964
970,965
971,966
972,966
973,968
974,969
975,969
976,971
977,970
978,973
979,973
980,972
981,977
982,967
983,978
984,979
985,979
986,981
987,982
988,982
989,984
990,986
991,987
992,987
993,987
994,989
995,990
996,992
997,995
998,994
999,994
1000,995
1001,996
1002,988
1003,997
1004,1000
1005,999
1006,1003
1007,1003
1008,1005
1009,1005
1010,1013
1011,1007
1012,1013
1013,1010
1014,1008
1015,1008
1016,1011
1017,1012
1018,1015
1019,1014
1020,1016
1021,1015
1022,1025
1023,1019
1024,1020
1025,1021
1026,1020
1027,1023
1028,1024
1029,1025
1030,1026
1031,1027
1032,1028
1033,1029
1034,1030
1035,1031
1036,1032
1037,1034
1038,1031
1039,1034
1040,1036
1041,1037
1042,1052
1043,1038
1044,1040
1045,1051
1046,1042
1047,1043
1048,1044
1049,1046
1050,1045
1051,1047
1052,1048
1053,1048
1054,1051
1055,1051
1056,1052
1057,1049
1058,1053
1059,1055
1060,1056
1061,1056
1062,1060
1063,1058
1064,1062
1065,1061
1066,1062
1067,1063
1068,1063
1069,1065
1070,1065
1071,1067
1072,1068
1073,1069
1074,1070
1075,1070
1076,1071
1077,1071
1078,1072
1079,1075
1080,1075
1081,1076
1082,1077
1083,1073
1084,1078
1085,1081
1086,1085
1087,1082
1088,1082
1089,1086
1090,1086
1091,1088
1092,1088
1093,1088
1094,1090
1095,1089
1096,1090
1097,1092
1098,1094
1099,1095
1100,1095
1101,1095
1102,1096
1103,1099
1104,1098
1105,1100
1106,1101
1107,1102
1108,1103
1109,1102
1110,1105
1111,1112
1112,1108
1113,1107
1114,1109
1115,1111
1116,1103
1117,1113
1118,1114
1119,1113
1120,1114
1121,1115
1122,1117
1123,1114
1124,1119
1125,1121
1126,1122
1127,1123
1128,1128
1129,1124
1130,1125
1131,1126
1132,1128
1133,1129
1134,1130
1135,1131
1136,1131
1137,1131
1138,1132
1139,1133
1140,1136
1141,1137
1142,1136
1143,1138
1144,1140
1145,1139
1146,1141
1147,1142
1148,1142
1149,1144
1150,1146
1151,1147
1152,1147
1153,1149
1154,1148
1155,1151
1156,1152
1157,1151
1158,1153
1159,1154
1160,1155
1161,1156
1162,1157
1163,1159
1164,1159
1165,1160
1166,1161
1167,1162
1168,1163
1169,1163
1170,1166
1171,1167
1172,1168
1173,1167
1174,1169
1175,1169
1176,1172
1177,1174
1178,1173
1179,1175
1180,1176
1181,1175
1182,1178
1183,1177
1184,1182
1185,1180
1186,1180
1187,1181
1188,1183
1189,1181
1190,1186
1191,1186
1192,1187
1193,1188
1194,1190
1195,1191
1196,1191
1197,1192
1198,1193
1199,1196
1200,1194
1201,1196
1202,1197
1203,1198
1204,1199
1205,1200
1206,1204
1207,1201
1208,1204
1209,1205
1210,1204
1211,1207
1212,1208
1213,1220
1214,1209
1215,1210
1216,1211
1217,1214
1218,1212
1219,1214
1220,1215
1221,1216
1222,1217
1223,1219
1224,1219
1225,1219
1226,1219
1227,1221
1228,1223
1229,1225
1230,1225
1231,1224
1232,1227
1233,1227
1234,1228
1235,1229
1236,1233
1237,1230
1238,1233
1239,1234
1240,1234
1241,1236
1242,1238
1243,1238
1244,1241
1245,1240
1246,1241
1247,1241
1248,1243
1249,1244
1250,1247
1251,1246
1252,1246
1253,1247
1254,1248
1255,1250
1256,1251
1257,1253
1258,1253
1259,1256
1260,1255
1261,1257
1262,1248
1263,1256
1264,1259
1265,1261
1266,1261
1267,1264
1268,1263
1269,1261
1270,1264
1271,1267
1272,1266
1273,1269
1274,1262
1275,1268
1276,1273
1277,1274
1278,1274
1279,1273
1280,1272
1281,1276
1282,1276
1283,1277
1284,1278
1285,1278
1286,1282
1287,1281
1288,1284
1289,1285
1290,1286
1291,1287
1292,1287
1293,1288
1294,1290
1295,1291
1296,1292
1297,1293
1298,1294
1299,1300
1300,1292
1301,1297
1302,1297
1303,1300
1304,1298
1305,1299
1306,1301
1307,1301
1308,1305
1309,1304
1310,1306
1311,1306
1312,1307
1313,1308
1314,1310
1315,1310
1316,1309
1317,1312
1318,1313
1319,1314
1320,1314
1321,1315
1322,1319
1323,1322
1324,1320
1325,1320
1326,1320
1327,1321
1328,1323
1329,1324
1330,1325
1331,1327
1332,1326
1333,1329
1334,1329
1335,1328
1336,1331
1337,1335
1338,1332
1339,1334
1340,1333
1341,1336
1342,1336
1343,1339
1344,1339
1345,1340
1346,1340
1347,1341
1348,1344
1349,1345
1350,1346
1351,1346
1352,1346
1353,1347
1354,1349
1355,1350
1356,1353
1357,1351
1358,1350
1359,1355
1360,1353
1361,1354
1362,1356
1363,1357
1364,1358
1365,1360
1366,1361
1367,1362
1368,1362
1369,1365
1370,1365
1371,1366
1372,1366
1373,1367
1374,1369
1375,1369
1376,1371
1377,1372
1378,1373
1379,1374
1380,1375
1381,1376
1382,1377
1383,1377
1384,1378
1385,1379
1386,1381
1387,1381
1388,1382
1389,1372
1390,1385
1391,1386
1392,1387
1393,1387
1394,1390
1395,1390
1396,1387
1397,1390
1398,1392
1399,1393
1400,1395
1401,1394
1402,1397
1403,1398
1404,1398
1405,1399
1406,1401
1407,1402
1408,1402
1409,1402
1410,1405
1411,1405
1412,1406
1413,1405
1414,1409
1415,1409
1416,1410
1417,1410
1418,1415
1419,1414
1420,1415
1421,1416
1422,1416
1423,1416
1424,1419
1425,1420
1426,1420
1427,1421
1428,1422
1429,1423
1430,1425
1431,1426
1432,1427
1433,1428
1434,1429
1435,1428
1436,1430
1437,1430
1438,1432
1439,1433
1440,1434
1441,1435
1442,1437
1443,1437
1444,1438
1445,1438
1446,1440
1447,1442
1448,1442
1449,1443
1450,1444
1451,1444
1452,1449
1453,1449
1454,1447
1455,1450
1456,1449
1457,1450
1458,1451
1459,1453
1460,1459
1461,1455
1462,1456
1463,1456
1464,1458
1465,1459
1466,1460
1467,1461
1468,1463
1469,1462
1470,1468
1471,1467
1472,1467
1473,1467
1474,1468
1475,1469
1476,1470
1477,1469
1478,1472
1479,1473
1480,1473
1481,1475
1482,1477
1483,1478
1484,1478
1485,1478
1486,1479
1487,1481
1488,1483
1489,1482
1490,1483
1491,1485
1492,1485
1493,1487
1494,1483
1495,1488
1496,1490
1497,1489
1498,1492
1499,1492
1500,1494
1501,1495
1502,1492
1503,1497
1504,1499
1505,1498
1506,1500
1507,1500
1508,1501
1509,1501
1510,1504
1511,1504
1512,1507
1513,1508
1514,1507
1515,1509
1516,1510
1517,1511
1518,1512
1519,1512
1520,1513
1521,1513
1522,1518
1523,1518
1524,1519
1525,1518
1526,1520
1527,1521
1528,1522
1529,1522
1530,1524
1531,1526
1532,1526
1533,1528
1534,1529
1535,1529
1536,1530
1537,1529
1538,1532
1539,1532
1540,1537
1541,1535
1542,1535
1543,1537
1544,1538
1545,1539
1546,1541
1547,1541
1548,1543
1549,1542
1550,1544
1551,1546
1552,1545
1553,1546
1554,1548
1555,1549
1556,1552
1557,1552
1558,1545
1559,1550
1560,1554
1561,1553
1562,1555
1563,1557
1564,1558
1565,1559
1566,1560
1567,1560
1568,1565
1569,1564
1570,1563
1571,1565
1572,1566
1573,1567
1574,1568
1575,1568
1576,1570
1577,1571
1578,1571
1579,1573
1580,1574
1581,1576
1582,1576
1583,1577
1584,1579
1585,1579
1586,1579
1587,1581
1588,1582
1589,1584
1590,1584
1591,1584
1592,1586
1593,1585
1594,1587
1595,1587
1596,1590
1597,1572
1598,1591
1599,1593
1600,1593
1601,1594
1602,1594
1603,1596
1604,1598
1605,1597
1606,1598
1607,1601
1608,1601
1609,1602
1610,1603
1611,1603
1612,1605
1613,1607
1614,1608
1615,1608
1616,1608
1617,1610
1618,1612
1619,1614
1620,1614
1621,1614
1622,1615
1623,1616
1624,1617
1625,1618
1626,1619
1627,1620
1628,1622
1629,1623
1630,1624
1631,1625
1632,1626
1633,1621
1634,1627
1635,1627
1636,1629
1637,1630
1638,1632
1639,1632
1640,1632
1641,1634
1642,1636
1643,1637
1644,1637
1645,1638
1646,1640
1647,1641
1648,1641
1649,1641
1650,1643
1651,1644
1652,1645
1653,1646
1654,1647
1655,1648
1656,1649
1657,1651
1658,1652
1659,1651
1660,1657
1661,1655
1662,1655
1663,1656
1664,1657
1665,1657
1666,1659
1667,1661
1668,1662
1669,1662
1670,1664
1671,1664
1672,1668
1673,1667
1674,1671
1675,1669
1676,1670
1677,1670
1678,1671
1679,1672
1680,1676
1681,1675
1682,1676
1683,1675
1684,1677
1685,1679
1686,1680
1687,1680
1688,1683
1689,1682
1690,1683
1691,1687
1692,1686
1693,1684
1694,1687
1695,1688
1696,1688
1697,1688
1698,1692
1699,1692
1700,1693
1701,1693
1702,1696
1703,1696
1704,1697
1705,1699
1706,1700
1707,1701
1708,1701
1709,1703
1710,1702
1711,1705
1712,1707
1713,1707
1714,1707
1715,1708
1716,1711
1717,1709
1718,1712
1719,1712
1720,1712
1721,1714
1722,1715
1723,1716
1724,1717
1725,1718
1726,1719
1727,1726
1728,1721
1729,1723
1730,1723
1731,1724
1732,1725
1733,1727
1734,1727
1735,1728
1736,1729
1737,1729
1738,1730
1739,1731
1740,1724
1741,1734
1742,1736
1743,1735
1744,1736
1745,1734
1746,1739
1747,1739
1748,1742
1749,1741
1750,1742
1751,1745
1752,1747
1753,1745
1754,1746
1755,1747
1756,1748
1757,1751
1758,1752
1759,1753
1760,1753
1761,1755
1762,1755
1763,1755
1764,1758
1765,1757
1766,1759
1767,1760
1768,1763
1769,1761
1770,1763
1771,1764
1772,1764
1773,1766
1774,1768
1775,1767
1776,1769
1777,1771
1778,1770
1779,1772
1780,1774
1781,1774
1782,1775
1783,1775
1784,1778
1785,1779
1786,1773
1787,1780
1788,1778
1789,1783
1790,1783
1791,1784
1792,1785
1793,1785
1794,1788
1795,1787
1796,1789
1797,1790
1798,1791
1799,1792
1800,1793
1801,1793
1802,1791
1803,1795
1804,1797
1805,1798
1806,1799
1807,1790
1808,1802
1809,1802
1810,1802
1811,1804
1812,1806
1813,1806
1814,1808
1815,1808
1816,1810
1817,1809
1818,1813
1819,1816
1820,1811
1821,1814
1822,1813
1823,1815
1824,1818
1825,1819
1826,1819
1827,1820
1828,1821
1829,1822
1830,1823
1831,1824
1832,1825
1833,1825
1834,1826
1835,1828
1836,1831
1837,1830
1838,1829
1839,1832
1840,1832
1841,1834
1842,1834
1843,1836
1844,1837
1845,1840
1846,1839
1847,1840
1848,1840
1849,1844
1850,1843
1851,1844
1852,1845
1853,1846
1854,1845
1855,1847
1856,1848
1857,1850
1858,1853
1859,1853
1860,1852
1861,1855
1862,1855
1863,1855
1864,1856
1865,1857
1866,1859
1867,1860
1868,1861
1869,1859
1870,1864
1871,1863
1872,1865
1873,1865
1874,1868
1875,1867
1876,1869
1877,1866
1878,1868
1879,1872
1880,1872
1881,1873
1882,1873
1883,1875
1884,1877
1885,1876
1886,1879
1887,1880
1888,1880
1889,1882
1890,1883
1891,1883
1892,1886
1893,1885
1894,1887
1895,1888
1896,1890
1897,1890
1898,1890
1899,1892
1900,1892
1901,1894
1902,1893
1903,1911
1904,1897
1905,1898
1906,1899
1907,1899
1908,1901
1909,1902
1910,1897
1911,1903
1912,1904
1913,1907
1914,1905
1915,1901
1916,1908
1917,1910
1918,1898
1919,1912
1920,1912
1921,1914
1922,1915
1923,1915
1924,1915
1925,1917
1926,1918
1927,1921
1928,1920
1929,1921
1930,1923
1931,1924
1932,1923
1933,1926
1934,1931
1935,1928
1936,1929
1937,1930
1938,1930
1939,1933
1940,1932
1941,1932
1942,1935
1943,1934
1944,1937
1945,1937
1946,1938
1947,1941
1948,1940
1949,1942
1950,1942
1951,1943
1952,1945
1953,1945
1954,1947
1955,1947
1956,1949
1957,1949
1958,1951
1959,1954
1960,1951
1961,1965
1962,1955
1963,1956
1964,1958
1965,1958
1966,1954
1967,1958
1968,1959
1969,1962
1970,1963
1971,1962
1972,1963
1973,1965
1974,1966
1975,1967
1976,1968
1977,1970
1978,1970
1979,1970
1980,1972
1981,1976
1982,1974
1983,1971
1984,1977
1985,1978
1986,1978
1987,1979
1988,1980
1989,1982
1990,1983
1991,1983
1992,1984
1993,1986
1994,1987
1995,1987
1996,1988
1997,1990
1998,1992
1999,1992
2000,1993
2001,1993
2002,1995
2003,1996
2004,1996
2005,1995
2006,1999
2007,1999
2008,2000
2009,2001
2010,2001
2011,2004
2012,1999
2013,2006
2014,2006
2015,2008
2016,2010
2017,2010
2018,2010
2019,2011
2020,2012
2021,2013
2022,2014
2023,2017
2024,2015
2025,2018
2026,2018
2027,2020
2028,2022
2029,2021
2030,2023
2031,2023
2032,2024
2033,2025
2034,2026
2035,2028
2036,2028
2037,2030
2038,2030
2039,2031
2040,2032
2041,2034
2042,2035
2043,2034
2044,2036
2045,2029
2046,2038
2047,2037
2048,2040
2049,2042
2050,2043
2051,2043
2052,2045
2053,2044
2054,2047
2055,2047
2056,2049
2057,2050
2058,2050
2059,2051
2060,2052
2061,2053
2062,2054
2063,2055
2064,2053
2065,2058
2066,2062
2067,2071
2068,2059
2069,2061
2070,2064
2071,2064
2072,2064
2073,2070
2074,2063
2075,2067
2076,2068
2077,2069
2078,2071
2079,2070
2080,2072
2081,2072
2082,2075
2083,2075
2084,2076
2085,2076
2086,2077
2087,2079
2088,2080
2089,2085
2090,2081
2091,2079
2092,2085
2093,2092
2094,2086
2095,2087
2096,2089
2097,2087
2098,2090
2099,2089
2100,2091
2101,2094
2102,2095
2103,2095
2104,2096
2105,2096
2106,2097
2107,2099
2108,2099
2109,2102
2110,2101
2111,2104
2112,2102
2113,2105
2114,2106
2115,2108
2116,2108
2117,2108
2118,2110
2119,2115
2120,2112
2121,2112
2122,2113
2123,2116
2124,2113
2125,2117
2126,2118
2127,2119
2128,2120
2129,2120
2130,2122
2131,2121
2132,2123
2133,2125
2134,2123
2135,2125
2136,2127
2137,2129
2138,2129
2139,2131
2140,2132
2141,2131
2142,2134
2143,2134
2144,2134
2145,2137
2146,2138
2147,2139
2148,2140
2149,2139
2150,2140
2151,2141
2152,2144
2153,2147
2154,2145
2155,2144
2156,2147
2157,2148
2158,2150
2159,2152
2160,2152
2161,2153
2162,2153
2163,2155
2164,2155
2165,2157
2166,2157
2167,2159
2168,2160
2169,2155
2170,2161
2171,2163
2172,2162
2173,2164
2174,2165
2175,2167
2176,2167
2177,2168
2178,2168
2179,2168
2180,2172
2181,2172
2182,2175
2183,2175
2184,2180
2185,2177
2186,2179
2187,2176
2188,2180
2189,2182
2190,2181
2191,2194
2192,2184
2193,2185
2194,2186
2195,2187
2196,2186
2197,2188
2198,2190
2199,2190
2200,2192
2201,2191
2202,2194
2203,2195
2204,2196
2205,2196
2206,2197
2207,2200
2208,2200
2209,2202
2210,2202
2211,2204
2212,2203
2213,2205
2214,2205
2215,2206
2216,2208
2217,2208
2218,2210
2219,2210
2220,2209
2221,2212
2222,2214
2223,2213
2224,2215
2225,2214
2226,2218
2227,2217
2228,2220
2229,2212
2230,2220
2231,2222
2232,2223
2233,2223
2234,2225
2235,2226
2236,2227
2237,2225
2238,2230
2239,2229
2240,2232
2241,2231
2242,2233
2243,2234
2244,2234
2245,2236
2246,2238
2247,2238
2248,2240
2249,2240
2250,2241
2251,2234
2252,2243
2253,2246
2254,2244
2255,2246
2256,2246
2257,2248
2258,2255
2259,2251
2260,2251
2261,2253
2262,2254
2263,2255
2264,2255
2265,2242
2266,2255
2267,2258
2268,2259
2269,2261
2270,2261
2271,2261
2272,2264
2273,2264
2274,2267
2275,2267
2276,2268
2277,2266
2278,2270
2279,2270
2280,2272
2281,2273
2282,2284
2283,2276
2284,2276
2285,2276
2286,2277
2287,2275
2288,2280
2289,2275
2290,2282
2291,2282
2292,2284
2293,2284
2294,2285
2295,2287
2296,2286
2297,2289
2298,2290
2299,2290
2300,2292
2301,2294
2302,2291
2303,2295
2304,2296
2305,2296
2306,2297
2307,2298
2308,2300
2309,2300
2310,2299
2311,2302
2312,2304
2313,2305
2314,2308
2315,2326
2316,2308
2317,2307
2318,2310
2319,2311
2320,2312
2321,2312
2322,2314
2323,2314
2324,2314
2325,2316
2326,2318
2327,2317
2328,2320
2329,2319
2330,2322
2331,2321
2332,2320
2333,2325
2334,2319
2335,2326
2336,2327
2337,2327
2338,2329
2339,2329
2340,2331
2341,2331
2342,2330
2343,2336
2344,2335
2345,2335
2346,2338
2347,2338
2348,2340
2349,2339
2350,2342
2351,2358
2352,2311
2353,2345
2354,2343
2355,2346
2356,2345
2357,2348
2358,2349
2359,2351
2360,2352
2361,2349
2362,2353
2363,2354
2364,2356
2365,2356
2366,2358
2367,2359
2368,2359
2369,2360
2370,2361
2371,2363
2372,2364
2373,2365
2374,2366
2375,2366
2376,2368
2377,2369
2378,2369
2379,2370
2380,2371
2381,2372
2382,2373
2383,2373
2384,2376
2385,2388
2386,2376
2387,2377
2388,2379
2389,2380
2390,2381
2391,2383
2392,2383
2393,2386
2394,2385
2395,2387
2396,2388
2397,2387
2398,2390
2399,2390
2400,2391
2401,2392
2402,2393
2403,2393
2404,2394
2405,2396
2406,2387
2407,2397
2408,2405
2409,2401
2410,2401
2411,2401
2412,2403
2413,2401
2414,2405
2415,2406
2416,2406
2417,2408
2418,2409
2419,2410
2420,2411
2421,2411
2422,2415
2423,2412
2424,2415
2425,2417
2426,2417
2427,2417
2428,2417
2429,2421
2430,2423
2431,2422
2432,2423
2433,2424
2434,2424
2435,2413
2436,2432
2437,2424
2438,2427
2439,2430
2440,2431
2441,2432
2442,2432
2443,2435
2444,2434
2445,2435
2446,2437
2447,2438
2448,2436
2449,2440
2450,2441
2451,2442
2452,2442
2453,2447
2454,2444
2455,2446
2456,2447
2457,2446
2458,2450
2459,2451
2460,2450
2461,2454
2462,2453
2463,2454
2464,2454
2465,2455
2466,2456
2467,2458
2468,2457
2469,2457
2470,2460
2471,2463
2472,2463
2473,2456
2474,2462
2475,2465
2476,2467
2477,2467
2478,2470
2479,2470
2480,2474
2481,2470
2482,2471
2483,2473
2484,2474
2485,2475
2486,2477
2487,2477
2488,2478
2489,2479
2490,2474
2491,2481
2492,2483
2493,2484
2494,2484
2495,2485
2496,2486
2497,2487
2498,2489
2499,2488
2500,2492
2501,2492
2502,2493
2503,2494
2504,2493
2505,2495
2506,2485
2507,2497
2508,2498
2509,2498
2510,2501
2511,2500
2512,2502
2513,2506
2514,2504
2515,2506
2516,2506
2517,2508
2518,2509
2519,2511
2520,2513
2521,2512
2522,2512
2523,2515
2524,2513
2525,2518
2526,2517
2527,2517
2528,2515
2529,2521
2530,2520
2531,2522
2532,2524
2533,2523
2534,2525
2535,2524
2536,2526
2537,2534
2538,2529
2539,2530
2540,2530
2541,2531
2542,2530
2543,2534
2544,2533
2545,2535
2546,2536
2547,2536
2548,2539
2549,2539
2550,2542
2551,2542
2552,2546
2553,2544
2554,2544
2555,2545
2556,2545
2557,2549
2558,2549
2559,2551
2560,2550
2561,2551
2562,2553
2563,2556
2564,2554
2565,2556
2566,2554
2567,2557
2568,2556
2569,2560
2570,2560
2571,2562
2572,2561
2573,2565
2574,2565
2575,2564
2576,2565
2577,2567
2578,2567
2579,2570
2580,2572
2581,2571
2582,2571
2583,2572
2584,2574
2585,2573
2586,2576
2587,2576
2588,2579
2589,2579
2590,2580
2591,2581
2592,2583
2593,2583
2594,2585
2595,2586
2596,2585
2597,2586
2598,2588
2599,2590
2600,2590
2601,2584
2602,2590
2603,2594
2604,2594
2605,2595
2606,2603
2607,2597
2608,2602
2609,2598
2610,2600
2611,2601
2612,2602
2613,2605
2614,2603
2615,2605
2616,2604
2617,2607
2618,2606
2619,2608
2620,2609
2621,2608
2622,2612
2623,2617
2624,2614
2625,2614
2626,2618
2627,2617
2628,2618
2629,2620
2630,2619
2631,2622
2632,2621
2633,2624
2634,2625
2635,2625
2636,2625
2637,2627
2638,2628
2639,2628
2640,2629
2641,2631
2642,2631
2643,2631
2644,2634
2645,2636
2646,2633
2647,2638
2648,2637
2649,2637
2650,2641
2651,2641
2652,2642
2653,2643
2654,2644
2655,2647
2656,2646
2657,2648
2658,2647
2659,2648
2660,2647
2661,2650
2662,2652
2663,2653
2664,2653
2665,2653
2666,2657
2667,2655
2668,2657
2669,2660
2670,2659
2671,2661
2672,2661
2673,2663
2674,2664
2675,2666
2676,2666
2677,2667
2678,2666
2679,2668
2680,2668
2681,2670
2682,2672
2683,2673
2684,2675
2685,2674
2686,2676
2687,2676
2688,2677
2689,2679
2690,2679
2691,2680
2692,2681
2693,2682
2694,2685
2695,2684
2696,2686
2697,2686
2698,2689
2699,2689
2700,2689
2701,2692
2702,2689
2703,2691
2704,2694
2705,2694
2706,2696
2707,2696
2708,2697
2709,2700
2710,2700
2711,2701
2712,2699
2713,2704
2714,2703
2715,2704
2716,2704
2717,2707
2718,2708
2719,2709
2720,2708
2721,2713
2722,2710
2723,2716
2724,2714
2725,2713
2726,2728
2727,2718
2728,2716
2729,2719
2730,2711
2731,2720
2732,2721
2733,2719
2734,2724
2735,2724
2736,2725
2737,2726
2738,2727
2739,2728
2740,2731
2741,2730
2742,2727
2743,2733
2744,2733
2745,2735
2746,2724
2747,2735
2748,2737
2749,2739
2750,2740
2751,2741
2752,2741
2753,2741
2754,2744
2755,2744
2756,2744
2757,2746
2758,2760
2759,2748
2760,2750
2761,2749
2762,2750
2763,2753
2764,2753
2765,2753
2766,2755
2767,2758
2768,2764
2769,2758
2770,2760
2771,2759
2772,2762
2773,2762
2774,2764
2775,2765
2776,2765
2777,2767
2778,2769
2779,2768
2780,2770
2781,2771
2782,2772
2783,2773
2784,2775
2785,2775
2786,2775
2787,2776
2788,2778
2789,2777
2790,2782
2791,2780
2792,2782
2793,2783
2794,2785
2795,2786
2796,2787
2797,2788
2798,2787
2799,2786
2800,2790
2801,2784
2802,2792
2803,2794
2804,2794
2805,2795
2806,2792
2807,2796
2808,2797
2809,2798
2810,2800
2811,2802
2812,2800
2813,2802
2814,2803
2815,2804
2816,2808
2817,2806
2818,2808
2819,2808
2820,2809
2821,2811
2822,2811
2823,2820
2824,2815
2825,2815
2826,2816
2827,2816
2828,2816
2829,2819
2830,2812
2831,2820
2832,2822
2833,2823
2834,2824
2835,2826
2836,2826
2837,2827
2838,2827
2839,2830
2840,2830
2841,2830
2842,2836
2843,2834
2844,2832
2845,2833
2846,2835
2847,2835
2848,2836
2849,2839
2850,2839
2851,2840
2852,2842
2853,2844
2854,2844
2855,2845
2856,2846
2857,2846
2858,2847
2859,2848
2860,2851
2861,2853
2862,2851
2863,2853
2864,2853
2865,2853
2866,2855
2867,2855
2868,2858
2869,2858
2870,2860
2871,2861
2872,2861
2873,2865
2874,2863
2875,2864
2876,2865
2877,2866
2878,2867
2879,2868
2880,2869
2881,2870
2882,2858
2883,2872
2884,2874
2885,2874
2886,2876
2887,2865
2888,2878
2889,2878
2890,2878
2891,2881
2892,2880
2893,2882
2894,2884
2895,2883
2896,2884
2897,2886
2898,2887
2899,2888
2900,2890
2901,2891
2902,2891
2903,2892
2904,2891
2905,2895
2906,2895
2907,2894
2908,2898
2909,2898
2910,2900
2911,2907
2912,2901
2913,2902
2914,2901
2915,2905
2916,2903
2917,2907
2918,2908
2919,2909
2920,2909
2921,2910
2922,2912
2923,2911
2924,2911
2925,2915
2926,2916
2927,2916
2928,2916
2929,2923
2930,2920
2931,2920
2932,2921
2933,2925
2934,2923
2935,2925
2936,2924
2937,2926
2938,2928
2939,2928
2940,2930
2941,2929
2942,2932
2943,2926
2944,2933
2945,2937
2946,2937
2947,2935
2948,2938
2949,2938
2950,2939
2951,2941
2952,2943
2953,2941
2954,2944
2955,2946
2956,2944
2957,2943
2958,2946
2959,2948
2960,2950
2961,2950
2962,2951
2963,2952
2964,2953
2965,2956
2966,2954
2967,2956
2968,2956
2969,2957
2970,2959
2971,2960
2972,2960
2973,2962
2974,2964
2975,2963
2976,2965
2977,2965
2978,2967
2979,2969
2980,2970
2981,2964
2982,2970
2983,2971
2984,2973
2985,2974
2986,2975
2987,2976
2988,2979
2989,2979
2990,2979
2991,2978
2992,2981
2993,2981
2994,2983
2995,2983
2996,2986
2997,2987
2998,2986
2999,2988
3000,2990
3001,2990
3002,2996
3003,2992
3004,2991
3005,2994
3006,2995
3007,2995
3008,2996
3009,2997
3010,2999
3011,2999
3012,3000
3013,3002
3014,3004
3015,3006
3016,3007
3017,3008
3018,3009
3019,3008
3020,3011
3021,3011
3022,3011
3023,3013
3024,3012
3025,3014
3026,3006
3027,3017
3028,3017
3029,3017
3030,3021
3031,3021
3032,3022
3033,3023
3034,3022
3035,3024
3036,3027
3037,3027
3038,3030
3039,3030
3040,3029
3041,3030
3042,3031
3043,3034
3044,3035
3045,3035
3046,3036
3047,3038
3048,3038
3049,3039
3050,3039
3051,3041
3052,3042
3053,3043
3054,3044
3055,3046
3056,3046
3057,3048
3058,3048
3059,3049
3060,3051
3061,3052
3062,3050
3063,3055
3064,3053
3065,3091
3066,3056
3067,3056
3068,3057
3069,3058
3070,3060
3071,3059
3072,3062
3073,3064
3074,3064
3075,3065
3076,3065
3077,3066
3078,3069
3079,3069
3080,3069
3081,3071
3082,3072
3083,3071
3084,3074
3085,3074
3086,3076
3087,3077
3088,3077
3089,3079
3090,3077
3091,3081
3092,3081
3093,3082
3094,3083
3095,3085
3096,3085
3097,3087
3098,3087
3099,3088
3100,3091
3101,3091
3102,3089
3103,3093
3104,3093
3105,3095
3106,3095
3107,3099
3108,3099
3109,3099
3110,3103
3111,3101
3112,3103
3113,3102
3114,3104
3115,3103
3116,3105
3117,3106
3118,3105
3119,3107
3120,3110
3121,3111
3122,3111
3123,3112
3124,3114
3125,3115
3126,3115
3127,3117
3128,3118
3129,3140
3130,3119
3131,3120
3132,3122
3133,3122
3134,3123
3135,3124
3136,3125
3137,3125
3138,3128
3139,3128
3140,3131
3141,3127
3142,3131
3143,3131
3144,3134
3145,3134
3146,3135
3147,3137
3148,3138
3149,3138
3150,3147
3151,3139
3152,3141
3153,3136
3154,3143
3155,3143
3156,3146
3157,3146
3158,3146
3159,3147
3160,3149
3161,3151
3162,3151
3163,3152
3164,3153
3165,3153
3166,3154
3167,3155
3168,3156
3169,3156
3170,3160
3171,3160
3172,3161
3173,3163
3174,3161
3175,3164
3176,3164
3177,3166
3178,3167
3179,3168
3180,3168
3181,3167
3182,3171
3183,3172
3184,3173
3185,3175
3186,3176
3187,3177
3188,3177
3189,3178
3190,3177
3191,3180
3192,3181
3193,3183
3194,3185
3195,3184
3196,3183
3197,3186
3198,3187
3199,3189
3200,3188
3201,3188
3202,3190
3203,3191
3204,3192
3205,3193
3206,3194
3207,3196
3208,3192
3209,3199
3210,3198
3211,3199
3212,3201
3213,3201
3214,3202
3215,3205
3216,3204
3217,3205
3218,3206
3219,3207
3220,3208
3221,3209
3222,3210
3223,3211
3224,3211
3225,3213
3226,3213
3227,3216
3228,3216
3229,3212
3230,3218
3231,3221
3232,3220
3233,3221
3234,3223
3235,3223
3236,3226
3237,3225
3238,3227
3239,3227
3240,3227
3241,3231
3242,3231
3243,3232
3244,3232
3245,3234
3246,3235
3247,3235
3248,3245
3249,3237
3250,3239
3251,3239
3252,3241
3253,3240
3254,3241
3255,3243
3256,3244
3257,3246
3258,3246
3259,3247
3260,3249
3261,3248
3262,3251
3263,3251
3264,3254
3265,3254
3266,3255
3267,3255
3268,3257
3269,3256
3270,3258
3271,3259
3272,3261
3273,3263
3274,3261
3275,3263
3276,3271
3277,3265
3278,3267
3279,3267
3280,3268
3281,3269
3282,3271
3283,3285
3284,3273
3285,3273
3286,3273
3287,3275
3288,3276
3289,3277
3290,3279
3291,3279
3292,3280
3293,3281
3294,3283
3295,3283
3296,3284
3297,3285
3298,3287
3299,3288
3300,3287
3301,3287
3302,3292
3303,3295
3304,3294
3305,3295
3306,3293
3307,3295
3308,3296
3309,3297
3310,3294
3311,3300
3312,3300
3313,3301
3314,3303
3315,3311
3316,3304
3317,3306
3318,3306
3319,3310
3320,3308
3321,3310
3322,3309
3323,3310
3324,3315
3325,3314
3326,3314
3327,3314
3328,3316
3329,3316
3330,3317
3331,3312
3332,3320
3333,3324
3334,3323
3335,3323
3336,3326
3337,3327
3338,3327
3339,3327
3340,3329
3341,3328
3342,3331
3343,3331
3344,3331
3345,3332
3346,3333
3347,3336
3348,3336
3349,3336
3350,3337
3351,3339
3352,3343
3353,3342
3354,3343
3355,3342
3356,3344
3357,3345
3358,3346
3359,3348
3360,3348
3361,3349
3362,3348
3363,3352
3364,3353
3365,3353
3366,3344
3367,3354
3368,3357
3369,3358
3370,3358
3371,3358
3372,3357
3373,3362
3374,3359
3375,3364
3376,3367
3377,3365
3378,3366
3379,3368
3380,3368
3381,3368
3382,3370
3383,3371
3384,3372
3385,3374
3386,3374
3387,3375
3388,3384
3389,3380
3390,3377
3391,3379
3392,3381
3393,3380
3394,3381
3395,3383
3396,3385
3397,3382
3398,3385
3399,3375
3400,3388
3401,3389
3402,3390
3403,3392
3404,3397
3405,3393
3406,3395
3407,3394
3408,3395
3409,3395
3410,3399
3411,3398
3412,3399
3413,3402
3414,3401
3415,3403
3416,3405
3417,3407
3418,3405
3419,3407
3420,3409
3421,3411
3422,3409
3423,3411
3424,3411
3425,3414
3426,3415
3427,3415
3428,3413
3429,3417
3430,3417
3431,3419
3432,3415
3433,3410
3434,3423
3435,3423
3436,3424
3437,3424
3438,3426
3439,3427
3440,3428
3441,3426
3442,3430
3443,3432
3444,3432
3445,3432
3446,3431
3447,3439
3448,3435
3449,3437
3450,3439
3451,3439
3452,3439
3453,3441
3454,3442
3455,3444
3456,3445
3457,3445
3458,3445
3459,3446
3460,3448
3461,3448
3462,3449
3463,3451
3464,3455
3465,3452
3466,3457
3467,3455
3468,3455
3469,3458
3470,3458
3471,3461
3472,3460
3473,3461
3474,3461
3475,3462
3476,3465
3477,3464
3478,3464
3479,3467
3480,3466
3481,3469
3482,3470
3483,3472
3484,3472
3485,3472
3486,3472
3487,3473
3488,3471
3489,3477
3490,3478
3491,3480
3492,3481
3493,3479
3494,3481
3495,3483
3496,3482
3497,3487
3498,3485
3499,3493
3500,3486
3501,3487
3502,3488
3503,3490
3504,3491
3505,3492
3506,3494
3507,3499
3508,3495
3509,3497
3510,3495
3511,3496
3512,3503
3513,3500
3514,3500
3515,3502
3516,3505
3517,3505
3518,3505
3519,3518
3520,3507
3521,3508
3522,3510
3523,3510
3524,3511
3525,3512
3526,3513
3527,3513
3528,3517
3529,3518
3530,3519
3531,3518
3532,3519
3533,3522
3534,3522
3535,3522
3536,3524
3537,3524
3538,3525
3539,3526
3540,3528
3541,3529
3542,3529
3543,3529
3544,3531
3545,3533
3546,3533
3547,3534
3548,3535
3549,3537
3550,3530
3551,3538
3552,3541
3553,3540
3554,3540
3555,3543
3556,3543
3557,3545
3558,3545
3559,3545
3560,3546
3561,3548
3562,3549
3563,3549
3564,3549
3565,3551
3566,3552
3567,3555
3568,3555
3569,3556
3570,3557
3571,3560
3572,3559
3573,3560
3574,3562
3575,3561
3576,3556
3577,3563
3578,3565
3579,3565
3580,3567
3581,3567
3582,3570
3583,3570
3584,3570
3585,3572
3586,3573
3587,3574
3588,3575
3589,3578
3590,3577
3591,3577
3592,3580
3593,3581
3594,3581
3595,3582
3596,3583
3597,3585
3598,3587
3599,3587
3600,3587
3601,3587
3602,3589
3603,3593
3604,3591
3605,3596
3606,3591
3607,3594
3608,3596
3609,3596
3610,3597
3611,3597
3612,3600
3613,3598
3614,3601
3615,3601
3616,3603
3617,3603
3618,3605
3619,3606
3620,3604
3621,3608
3622,3610
3623,3610
3624,3610
3625,3612
3626,3613
3627,3613
3628,3610
3629,3618
3630,3616
3631,3618
3632,3619
3633,3619
3634,3619
3635,3621
3636,3622
3637,3623
3638,3623
3639,3625
3640,3627
3641,3627
3642,3629
3643,3630
3644,3630
3645,3633
3646,3634
3647,3634
3648,3634
3649,3637
3650,3637
3651,3637
3652,3639
3653,3641
3654,3639
3655,3642
3656,3643
3657,3643
3658,3643
3659,3646
3660,3647
3661,3648
3662,3652
3663,3647
3664,3650
3665,3653
3666,3653
3667,3654
3668,3655
3669,3655
3670,3656
3671,3657
3672,3659
3673,3661
3674,3660
3675,3664
3676,3661
3677,3667
3678,3665
3679,3667
3680,3669
3681,3669
3682,3668
3683,3669
3684,3669
3685,3671
3686,3671
3687,3675
3688,3674
3689,3676
3690,3676
3691,3676
3692,3677
3693,3680
3694,3680
3695,3682
3696,3685
3697,3684
3698,3683
3699,3684
3700,3687
3701,3686
3702,3687
3703,3688
3704,3691
3705,3688
3706,3693
3707,3694
3708,3693
3709,3696
3710,3697
3711,3696
3712,3699
3713,3701
3714,3698
3715,3701
3716,3700
3717,3703
3718,3703
3719,3703
3720,3706
3721,3706
3722,3706
3723,3710
3724,3710
3725,3705
3726,3710
3727,3713
3728,3714
3729,3714
3730,3716
3731,3720
3732,3718
3733,3718
3734,3719
3735,3722
3736,3721
3737,3721
3738,3724
3739,3725
3740,3726
3741,3727
3742,3727
3743,3730
3744,3729
3745,3732
3746,3733
3747,3733
3748,3735
3749,3735
3750,3734
3751,3736
3752,3737
3753,3739
3754,3746
3755,3741
3756,3741
3757,3743
3758,3743
3759,3745
3760,3745
3761,3751
3762,3747
3763,3748
3764,3749
3765,3750
3766,3753
3767,3754
3768,3767
3769,3753
3770,3758
3771,3757
3772,3758
3773,3760
3774,3760
3775,3762
3776,3763
3777,3765
3778,3766
3779,3766
3780,3767
3781,3766
3782,3769
3783,3769
3784,3770
3785,3771
3786,3772
3787,3773
3788,3774
3789,3774
3790,3777
3791,3778
3792,3778
3793,3777
3794,3781
3795,3780
3796,3783
3797,3784
3798,3784
3799,3785
3800,3785
3801,3787
3802,3788
3803,3789
3804,3789
3805,3790
3806,3792
3807,3790
3808,3796
3809,3791
3810,3796
3811,3796
3812,3797
3813,3799
3814,3800
3815,3800
3816,3802
3817,3803
3818,3804
3819,3787
3820,3805
3821,3807
3822,3808
3823,3809
3824,3811
3825,3812
3826,3813
3827,3812
3828,3814
3829,3814
3830,3815
3831,3817
3832,3818
3833,3819
3834,3820
3835,3834
3836,3823
3837,3824
3838,3823
3839,3827
3840,3828
3841,3827
3842,3827
3843,3827
3844,3830
3845,3831
3846,3833
3847,3833
3848,3833
3849,3834
3850,3835
3851,3836
3852,3838
3853,3839
3854,3839
3855,3839
3856,3842
3857,3842
3858,3843
3859,3846
3860,3845
3861,3846
3862,3847
3863,3848
3864,3850
3865,3851
3866,3853
3867,3852
3868,3854
3869,3853
3870,3856
3871,3855
3872,3858
3873,3859
3874,3860
3875,3861
3876,3861
3877,3862
3878,3865
3879,3863
3880,3867
3881,3867
3882,3868
3883,3868
3884,3868
3885,3869
3886,3872
3887,3873
3888,3874
3889,3875
3890,3877
3891,3877
3892,3878
3893,3879
3894,3879
3895,3879
3896,3883
3897,3883
3898,3885
3899,3885
3900,3886
3901,3886
3902,3888
3903,3889
3904,3889
3905,3890
3906,3891
3907,3884
3908,3894
3909,3895
3910,3894
3911,3897
3912,3897
3913,3899
3914,3899
3915,3900
3916,3902
3917,3902
3918,3904
3919,3904
3920,3905
3921,3907
3922,3907
3923,3909
3924,3909
3925,3911
3926,3911
3927,3912
3928,3913
3929,3914
3930,3915
3931,3917
3932,3917
3933,3949
3934,3921
3935,3921
3936,3921
3937,3922
3938,3923
3939,3926
3940,3925
3941,3929
3942,3926
3943,3926
3944,3931
3945,3929
3946,3931
3947,3932
3948,3933
3949,3933
3950,3941
3951,3937
3952,3938
3953,3937
3954,3939
3955,3953
3956,3941
3957,3943
3958,3944
3959,3944
3960,3945
3961,3943
3962,3947
3963,3947
3964,3949
3965,3950
3966,3952
3967,3952
3968,3952
3969,3953
3970,3953
3971,3957
3972,3957
3973,3957
3974,3960
3975,3964
3976,3961
3977,3962
3978,3965
3979,3965
3980,3965
3981,3965
3982,3967
3983,3968
3984,3970
3985,3968
3986,3971
3987,3971
3988,3973
3989,3972
3990,3977
3991,3976
3992,3980
3993,3979
3994,3980
3995,3979
3996,3981
3997,3981
3998,3982
3999,3982
4000,3986
4001,3989
4002,3987
4003,3989
4004,3985
4005,3990
4006,3990
4007,3992
4008,3992
4009,3993
4010,3996
4011,3997
4012,3997
4013,3999
4014,3990
4015,3999
4016,3999
4017,4003
4018,4003
4019,4003
4020,4004
4021,4007
4022,4008
4023,4008
4024,4010
4025,4011
4026,4010
4027,4009
4028,4013
4029,4014
4030,4015
4031,4016
4032,4017
4033,4019
4034,4021
4035,4021
4036,4025
4037,4021
4038,4023
4039,4025
4040,4025
4041,4030
4042,4028
4043,4029
4044,4029
4045,4030
4046,4035
4047,4034
4048,4031
4049,4034
4050,4035
4051,4036
4052,4038
4053,4040
4054,4040
4055,4041
4056,4038
4057,4042
4058,4043
4059,4045
4060,4047
4061,4047
4062,4048
4063,4048
4064,4050
4065,4048
4066,4052
4067,4052
4068,4052
4069,4055
4070,4059
4071,4058
4072,4057
4073,4053
4074,4059
4075,4061
4076,4060
4077,4061
4078,4063
4079,4065
4080,4065
4081,4067
4082,4067
4083,4068
4084,4076
4085,4070
4086,4070
4087,4073
4088,4074
4089,4075
4090,4075
4091,4076
4092,4078
4093,4077
4094,4076
4095,4077