0,1
1,1
2,1
3,1
4,1
5,1
6,1
7,1
8,1
9,1
10,1
11,1
12,1
13,1
14,1
15,2
16,4
17,3
18,4
19,7
20,8
21,10
22,9
23,10
24,11
25,13
26,13
27,13
28,14
29,17
30,17
31,19
32,20
33,21
34,20
35,22
36,23
37,26
38,25
39,27
40,27
41,28
42,29
43,30
44,31
45,32
46,33
47,35
48,35
49,37
50,37
51,38
52,40
53,41
54,42
55,44
56,43
57,44
58,46
59,45
60,47
61,49
62,50
63,49
64,51
65,53
66,53
67,54
68,55
69,55
70,57
71,58
72,58
73,60
74,61
75,61
76,64
77,63
78,65
79,65
80,67
81,66
82,67
83,70
84,71
85,71
86,72
87,74
88,74
89,75
90,77
91,78
92,79
93,80
94,82
95,82
96,83
97,83
98,83
99,86
100,86
101,87
102,89
103,91
104,91
105,91
106,95
107,93
108,94
109,98
110,98
111,97
112,99
113,99
114,101
115,105
116,106
117,104
118,105
119,106
120,107
121,109
122,110
123,109
124,111
125,111
126,113
127,116
128,115
129,116
130,117
131,117
132,119
133,120
134,121
135,121
136,123
137,124
138,123
139,125
140,126
141,129
142,130
143,129
144,131
145,132
146,133
147,133
148,133
149,135
150,137
151,137
152,138
153,141
154,141
155,143
156,142
157,141
158,145
159,146
160,146
161,148
162,151
163,150
164,150
165,152
166,152
167,154
168,156
169,156
170,157
171,158
172,158
173,160
174,161
175,162
176,162
177,164
178,165
179,166
180,166
181,165
182,169
183,170
184,171
185,172
186,172
187,174
188,174
189,175
190,180
191,179
192,178
193,180
194,180
195,181
196,180
197,184
198,185
199,185
200,186
201,191
202,190
203,190
204,191
205,190
206,192
207,194
208,194
209,195
210,196
211,196
212,199
213,198
214,199
215,201
216,203
217,204
218,205
219,205
220,206
221,208
222,209
223,209
224,209
225,212
226,213
227,214
228,215
229,215
230,218
231,218
232,219
233,220
234,224
235,221
236,222
237,225
238,224
239,225
240,226
241,228
242,229
243,229
244,231
245,232
246,233
247,234
248,234
249,237
250,237
251,238
252,238
253,238
254,240
255,243
256,241
257,245
258,246
259,245
260,247
261,248
262,251
263,251
264,252
265,252
266,253
267,255
268,256
269,256
270,258
271,259
272,260
273,260
274,262
275,263
276,263
277,265
278,264
279,266
280,268
281,269
282,269
283,271
284,272
285,274
286,274
287,274
288,274
289,277
290,277
291,279
292,282
293,283
294,282
295,281
296,284
297,285
298,286
299,285
300,285
301,289
302,290
303,290
304,292
305,293
306,294
307,295
308,297
309,297
310,299
311,299
312,299
313,301
314,301
315,302
316,303
317,308
318,306
319,308
320,308
321,308
322,310
323,311
324,313
325,313
326,314
327,315
328,316
329,316
330,317
331,319
332,320
333,321
334,323
335,322
336,323
337,325
338,326
339,327
340,326
341,328
342,330
343,331
344,332
345,332
346,333
347,335
348,335
349,337
350,337
351,340
352,340
353,340
354,341
355,343
356,343
357,344
358,347
359,348
360,348
361,348
362,349
363,351
364,351
365,352
366,355
367,355
368,355
369,355
370,358
371,359
372,359
373,358
374,362
375,363
376,364
377,365
378,367
379,365
380,367
381,370
382,370
383,371
384,373
385,375
386,374
387,375
388,376
389,376
390,379
391,378
392,380
393,380
394,381
395,383
396,383
397,384
398,386
399,387
400,387
401,390
402,390
403,389
404,392
405,392
406,394
407,395
408,396
409,396
410,398
411,399
412,399
413,400
414,402
415,403
416,403
417,406
418,405
419,407
420,408
421,409
422,410
423,410
424,412
425,414
426,414
427,415
428,414
429,417
430,417
431,418
432,420
433,421
434,422
435,424
436,424
437,425
438,425
439,427
440,427
441,428
442,431
443,432
444,432
445,433
446,433
447,434
448,433
449,437
450,436
451,440
452,439
453,440
454,442
455,442
456,444
457,444
458,446
459,449
460,448
461,447
462,449
463,450
464,451
465,453
466,454
467,455
468,456
469,457
470,457
471,458
472,461
473,461
474,461
475,463
476,464
477,464
478,466
479,464
480,467
481,469
482,475
483,470
484,472
485,473
486,474
487,475
488,477
489,477
490,477
491,479
492,480
493,478
494,481
495,483
496,485
497,485
498,487
499,487
500,488
501,487
502,491
503,491
504,492
505,493
506,493
507,495
508,496
509,498
510,499
511,499
512,501
513,501
514,502
515,502
516,504
517,505
518,506
519,506
520,507
521,508
522,509
523,510
524,513
525,513
526,513
527,514
528,516
529,517
530,519
531,519
532,520
533,524
534,522
535,521
536,524
537,526
538,526
539,527
540,528
541,528
542,529
543,531
544,531
545,532
546,533
547,535
548,535
549,537
550,538
551,540
552,540
553,540
554,542
555,541
556,544
557,545
558,544
559,547
560,546
561,552
562,549
563,552
564,552
565,552
566,555
567,554
568,556
569,557
570,558
571,558
572,558
573,561
574,562
575,563
576,564
577,566
578,566
579,566
580,568
581,570
582,570
583,572
584,573
585,573
586,573
587,574
588,576
589,576
590,577
591,580
592,579
593,581
594,581
595,582
596,584
597,586
598,586
599,587
600,589
601,589
602,590
603,591
604,592
605,593
606,593
607,594
608,595
609,596
610,598
611,598
612,600
613,601
614,601
615,604
616,604
617,605
618,606
619,607
620,609
621,608
622,610
623,610
624,612
625,614
626,616
627,615
628,616
629,617
630,617
631,621
632,620
633,620
634,623
635,623
636,623
637,624
638,626
639,626
640,628
641,629
642,629
643,630
644,631
645,633
646,634
647,635
648,637
649,636
650,638
651,638
652,640
653,642
654,643
655,643
656,644
657,645
658,645
659,648
660,648
661,648
662,650
663,650
664,653
665,653
666,655
667,656
668,657
669,656
670,657
671,658
672,661
673,661
674,662
675,663
676,665
677,665
678,666
679,667
680,670
681,668
682,670
683,672
684,676
685,673
686,674
687,674
688,675
689,676
690,678
691,680
692,681
693,681
694,681
695,684
696,684
697,686
698,687
699,687
700,688
701,689
702,690
703,691
704,692
705,694
706,694
707,696
708,696
709,697
710,698
711,699
712,700
713,700
714,703
715,704
716,704
717,705
718,707
719,707
720,709
721,710
722,709
723,712
724,712
725,715
726,714
727,715
728,717
729,717
730,719
731,719
732,720
733,719
734,723
735,724
736,723
737,725
738,726
739,727
740,727
741,730
742,731
743,731
744,732
745,734
746,731
747,735
748,736
749,737
750,738
751,739
752,741
753,742
754,743
755,743
756,745
757,745
758,746
759,748
760,747
761,749
762,752
763,751
764,752
765,754
766,754
767,756
768,757
769,757
770,759
771,759
772,761
773,762
774,763
775,764
776,766
777,765
778,766
779,768
780,769
781,770
782,772
783,773
784,772
785,774
786,776
787,775
788,777
789,779
790,780
791,780
792,785
793,782
794,782
795,785
796,787
797,786
798,790
799,788
800,789
801,790
802,791
803,794
804,794
805,794
806,795
807,797
808,797
809,799
810,800
811,800
812,801
813,802
814,802
815,805
816,806
817,808
818,808
819,808
820,811
821,811
822,810
823,810
824,813
825,815
826,814
827,817
828,817
829,819
830,824
831,821
832,822
833,823
834,824
835,825
836,825
837,827
838,829
839,828
840,828
841,831
842,831
843,833
844,832
845,834
846,836
847,836
848,837
849,839
850,840
851,842
852,842
853,842
854,843
855,845
856,845
857,847
858,848
859,849
860,849
861,850
862,852
863,853
864,853
865,856
866,855
867,857
868,859
869,859
870,861
871,861
872,861
873,867
874,865
875,864
876,866
877,867
878,868
879,871
880,871
881,871
882,873
883,874
884,874
885,874
886,877
887,877
888,877
889,880
890,880
891,882
892,882
893,885
894,883
895,886
896,885
897,888
898,889
899,889
900,891
901,891
902,893
903,892
904,894
905,896
906,895
907,898
908,898
909,900
910,901
911,902
912,901
913,904
914,904
915,906
916,907
917,908
918,908
919,910
920,911
921,911
922,913
923,913
924,914
925,916
926,915
927,918
928,917
929,920
930,920
931,923
932,923
933,924
934,925
935,925
936,925
937,927
938,930
939,931
940,929
941,932
942,932
943,934
944,934
945,935
946,938
947,939
948,938
949,938
950,941
951,942
952,943
953,944
954,943
955,945
956,946
957,949
958,948
959,949
960,950
961,951
962,953
963,953
964,954
965,955
966,955
967,959
968,958
969,960
970,960
971,962
972,964
973,963
974,965
975,966
976,967
977,967
978,969
979,969
980,971
981,972
982,973
983,972
984,975
985,974
986,976
987,977
988,978
989,980
990,980
991,982
992,984
993,982
994,985
995,986
996,988
997,988
998,988
999,990
1000,990
1001,989
1002,993
1003,995
1004,996
1005,994
1006,996
1007,998
1008,999
1009,997
1010,1002
1011,1002
1012,1003
1013,1003
1014,1003
1015,1005
1016,1007
1017,1005
1018,1009
1019,1009
1020,1011
1021,1012
1022,1012
1023,1013
1024,1014
1025,1016
1026,1017
1027,1017
1028,1019
1029,1018
1030,1020
1031,1022
1032,1023
1033,1024
1034,1024
1035,1025
1036,1028
1037,1028
1038,1027
1039,1029
1040,1031
1041,1031
1042,1033
1043,1034
1044,1034
1045,1036
1046,1036
1047,1037
1048,1037
1049,1039
1050,1040
1051,1041
1052,1042
1053,1042
1054,1045
1055,1047
1056,1045
1057,1045
1058,1049
1059,1050
1060,1050
1061,1051
1062,1052
1063,1053
1064,1053
1065,1055
1066,1056
1067,1057
1068,1059
1069,1060
1070,1061
1071,1061
1072,1062
1073,1064
1074,1064
1075,1066
1076,1066
1077,1067
1078,1069
1079,1069
1080,1072
1081,1072
1082,1072
1083,1072
1084,1074
1085,1076
1086,1076
1087,1078
1088,1078
1089,1079
1090,1079
1091,1082
1092,1082
1093,1084
1094,1085
1095,1086
1096,1088
1097,1088
1098,1089
1099,1090
1100,1090
1101,1091
1102,1091
1103,1095
1104,1094
1105,1096
1106,1097
1107,1097
1108,1099
1109,1102
1110,1099
1111,1102
1112,1104
1113,1103
1114,1105
1115,1107
1116,1107
1117,1108
1118,1110
1119,1110
1120,1112
1121,1111
1122,1113
1123,1113
1124,1114
1125,1115
1126,1116
1127,1120
1128,1118
1129,1120
1130,1122
1131,1124
1132,1122
1133,1124
1134,1122
1135,1125
1136,1126
1137,1127
1138,1129
1139,1130
1140,1131
1141,1131
1142,1133
1143,1134
1144,1132
1145,1133
1146,1137
1147,1138
1148,1142
1149,1138
1150,1141
1151,1143
1152,1143
1153,1143
1154,1144
1155,1145
1156,1147
1157,1147
1158,1149
1159,1149
1160,1151
1161,1151
1162,1152
1163,1154
1164,1154
1165,1156
1166,1157
1167,1158
1168,1159
1169,1161
1170,1160
1171,1162
1172,1162
1173,1162
1174,1165
1175,1166
1176,1168
1177,1166
1178,1168
1179,1169
1180,1170
1181,1171
1182,1172
1183,1171
1184,1174
1185,1175
1186,1176
1187,1178
1188,1178
1189,1180
1190,1181
1191,1180
1192,1184
1193,1185
1194,1185
1195,1186
1196,1186
1197,1186
1198,1189
1199,1188
1200,1191
1201,1191
1202,1192
1203,1193
1204,1194
1205,1195
1206,1197
1207,1198
1208,1199
1209,1201
1210,1201
1211,1201
1212,1201
1213,1204
1214,1206
1215,1205
1216,1206
1217,1208
1218,1208
1219,1210
1220,1212
1221,1212
1222,1212
1223,1214
1224,1215
1225,1216
1226,1217
1227,1218
1228,1219
1229,1221
1230,1220
1231,1222
1232,1222
1233,1224
1234,1225
1235,1226
1236,1226
1237,1228
1238,1230
1239,1230
1240,1230
1241,1232
1242,1234
1243,1232
1244,1236
1245,1235
1246,1238
1247,1237
1248,1238
1249,1241
1250,1239
1251,1247
1252,1243
1253,1242
1254,1245
1255,1245
1256,1247
1257,1249
1258,1250
1259,1251
1260,1253
1261,1252
1262,1254
1263,1254
1264,1256
1265,1258
1266,1258
1267,1259
1268,1261
1269,1261
1270,1261
1271,1263
1272,1264
1273,1265
1274,1266
1275,1267
1276,1267
1277,1267
1278,1268
1279,1271
1280,1271
1281,1273
1282,1275
1283,1274
1284,1276
1285,1275
1286,1278
1287,1277
1288,1278
1289,1280
1290,1280
1291,1283
1292,1283
1293,1284
1294,1285
1295,1287
1296,1286
1297,1287
1298,1290
1299,1291
1300,1292
1301,1292
1302,1294
1303,1295
1304,1296
1305,1296
1306,1298
1307,1299
1308,1301
1309,1300
1310,1303
1311,1302
1312,1304
1313,1305
1314,1304
1315,1306
1316,1306
1317,1308
1318,1310
1319,1310
1320,1308
1321,1311
1322,1313
1323,1314
1324,1312
1325,1316
1326,1319
1327,1317
1328,1320
1329,1320
1330,1322
1331,1322
1332,1321
1333,1323
1334,1325
1335,1326
1336,1327
1337,1330
1338,1329
1339,1331
1340,1331
1341,1333
1342,1332
1343,1334
1344,1336
1345,1336
1346,1336
1347,1338
1348,1338
1349,1341
1350,1341
1351,1343
1352,1343
1353,1344
1354,1346
1355,1347
1356,1348
1357,1348
1358,1349
1359,1350
1360,1351
1361,1352
1362,1354
1363,1353
1364,1355
1365,1357
1366,1357
1367,1359
1368,1360
1369,1360
1370,1360
1371,1362
1372,1363
1373,1363
1374,1364
1375,1367
1376,1367
1377,1368
1378,1369
1379,1371
1380,1371
1381,1373
1382,1374
1383,1374
1384,1376
1385,1376
1386,1378
1387,1378
1388,1379
1389,1380
1390,1382
1391,1383
1392,1382
1393,1383
1394,1386
1395,1386
1396,1388
1397,1388
1398,1391
1399,1390
1400,1389
1401,1393
1402,1392
1403,1395
1404,1396
1405,1398
1406,1398
1407,1399
1408,1398
1409,1401
1410,1401
1411,1403
1412,1404
1413,1404
1414,1405
1415,1407
1416,1407
1417,1408
1418,1410
1419,1412
1420,1412
1421,1412
1422,1413
1423,1414
1424,1415
1425,1418
1426,1417
1427,1419
1428,1420
1429,1420
1430,1421
1431,1423
1432,1423
1433,1424
1434,1425
1435,1425
1436,1428
1437,1428
1438,1430
1439,1430
1440,1431
1441,1431
1442,1435
1443,1434
1444,1436
1445,1435
1446,1438
1447,1438
1448,1439
1449,1439
1450,1440
1451,1442
1452,1442
1453,1444
1454,1445
1455,1447
1456,1446
1457,1448
1458,1450
1459,1449
1460,1451
1461,1451
1462,1452
1463,1454
1464,1455
1465,1457
1466,1456
1467,1459
1468,1460
1469,1460
1470,1460
1471,1462
1472,1461
1473,1464
1474,1466
1475,1466
1476,1466
1477,1468
1478,1468
1479,1470
1480,1471
1481,1473
1482,1474
1483,1475
1484,1475
1485,1476
1486,1477
1487,1480
1488,1479
1489,1480
1490,1480
1491,1483
1492,1482
1493,1484
1494,1484
1495,1487
1496,1486
1497,1487
1498,1490
1499,1489
1500,1490
1501,1492
1502,1492
1503,1494
1504,1495
1505,1497
1506,1498
1507,1498
1508,1501
1509,1500
1510,1500
1511,1502
1512,1502
1513,1503
1514,1505
1515,1505
1516,1507
1517,1506
1518,1509
1519,1510
1520,1511
1521,1512
1522,1512
1523,1513
1524,1514
1525,1516
1526,1517
1527,1522
1528,1518
1529,1518
1530,1521
1531,1521
1532,1523
1533,1522
1534,1524
1535,1526
1536,1527
1537,1526
1538,1529
1539,1529
1540,1530
1541,1532
1542,1532
1543,1535
1544,1534
1545,1536
1546,1537
1547,1538
1548,1538
1549,1539
1550,1540
1551,1542
1552,1543
1553,1543
1554,1546
1555,1545
1556,1547
1557,1547
1558,1548
1559,1549
1560,1552
1561,1551
1562,1552
1563,1554
1564,1554
1565,1555
1566,1557
1567,1557
1568,1558
1569,1560
1570,1560
1571,1562
1572,1562
1573,1565
1574,1565
1575,1567
1576,1567
1577,1567
1578,1568
1579,1569
1580,1571
1581,1573
1582,1573
1583,1574
1584,1574
1585,1574
1586,1577
1587,1576
1588,1577
1589,1579
1590,1581
1591,1581
1592,1583
1593,1584
1594,1585
1595,1585
1596,1588
1597,1587
1598,1588
1599,1589
1600,1591
1601,1593
1602,1592
1603,1593
1604,1595
1605,1595
1606,1596
1607,1598
1608,1598
1609,1600
1610,1602
1611,1601
1612,1601
1613,1605
1614,1605
1615,1605
1616,1607
1617,1610
1618,1608
1619,1608
1620,1611
1621,1613
1622,1613
1623,1613
1624,1616
1625,1614
1626,1615
1627,1617
1628,1620
1629,1619
1630,1620
1631,1621
1632,1621
1633,1624
1634,1625
1635,1624
1636,1624
1637,1628
1638,1628
1639,1630
1640,1629
1641,1631
1642,1633
1643,1633
1644,1635
1645,1635
1646,1635
1647,1637
1648,1639
1649,1639
1650,1639
1651,1642
1652,1643
1653,1644
1654,1644
1655,1647
1656,1647
1657,1647
1658,1649
1659,1650
1660,1649
1661,1651
1662,1652
1663,1654
1664,1655
1665,1655
1666,1657
1667,1658
1668,1659
1669,1660
1670,1661
1671,1661
1672,1662
1673,1663
1674,1664
1675,1666
1676,1668
1677,1668
1678,1670
1679,1670
1680,1670
1681,1671
1682,1672
1683,1673
1684,1674
1685,1675
1686,1677
1687,1677
1688,1679
1689,1681
1690,1680
1691,1680
1692,1682
1693,1683
1694,1685
1695,1686
1696,1686
1697,1687
1698,1689
1699,1689
1700,1691
1701,1692
1702,1693
1703,1693
1704,1695
1705,1694
1706,1696
1707,1700
1708,1699
1709,1700
1710,1701
1711,1702
1712,1702
1713,1704
1714,1704
1715,1706
1716,1710
1717,1707
1718,1709
1719,1709
1720,1712
1721,1710
1722,1713
1723,1713
1724,1715
1725,1716
1726,1717
1727,1717
1728,1718
1729,1719
1730,1720
1731,1721
1732,1721
1733,1723
1734,1723
1735,1726
1736,1727
1737,1730
1738,1726
1739,1728
1740,1729
1741,1732
1742,1732
1743,1730
1744,1735
1745,1737
1746,1737
1747,1738
1748,1739
1749,1739
1750,1739
1751,1743
1752,1742
1753,1743
1754,1745
1755,1746
1756,1746
1757,1749
1758,1746
1759,1750
1760,1751
1761,1751
1762,1753
1763,1754
1764,1755
1765,1757
1766,1757
1767,1757
1768,1758
1769,1760
1770,1761
1771,1761
1772,1763
1773,1764
1774,1766
1775,1766
1776,1767
1777,1768
1778,1770
1779,1770
1780,1770
1781,1773
1782,1774
1783,1774
1784,1775
1785,1777
1786,1777
1787,1776
1788,1778
1789,1780
1790,1781
1791,1781
1792,1783
1793,1783
1794,1786
1795,1783
1796,1786
1797,1787
1798,1789
1799,1791
1800,1791
1801,1792
1802,1794
1803,1793
1804,1795
1805,1797
1806,1796
1807,1799
1808,1800
1809,1799
1810,1801
1811,1800
1812,1803
1813,1803
1814,1805
1815,1806
1816,1807
1817,1807
1818,1808
1819,1811
1820,1810
1821,1811
1822,1813
1823,1813
1824,1815
1825,1815
1826,1818
1827,1818
1828,1818
1829,1820
1830,1821
1831,1821
1832,1824
1833,1825
1834,1825
1835,1827
1836,1827
1837,1829
1838,1828
1839,1831
1840,1830
1841,1831
1842,1832
1843,1833
1844,1835
1845,1835
1846,1839
1847,1836
1848,1840
1849,1840
1850,1840
1851,1843
1852,1842
1853,1846
1854,1844
1855,1846
1856,1847
1857,1848
1858,1848
1859,1850
1860,1851
1861,1851
1862,1853
1863,1852
1864,1857
1865,1856
1866,1856
1867,1857
1868,1859
1869,1861
1870,1862
1871,1863
1872,1862
1873,1864
1874,1864
1875,1866
1876,1868
1877,1868
1878,1869
1879,1869
1880,1870
1881,1872
1882,1873
1883,1874
1884,1875
1885,1877
1886,1877
1887,1877
1888,1881
1889,1882
1890,1882
1891,1883
1892,1884
1893,1883
1894,1883
1895,1886
1896,1888
1897,1889
1898,1889
1899,1888
1900,1892
1901,1891
1902,1893
1903,1894
1904,1895
1905,1895
1906,1897
1907,1900
1908,1899
1909,1901
1910,1901
1911,1900
1912,1904
1913,1903
1914,1904
1915,1906
1916,1908
1917,1909
1918,1908
1919,1910
1920,1912
1921,1916
1922,1914
1923,1916
1924,1914
1925,1916
1926,1919
1927,1917
1928,1918
1929,1920
1930,1922
1931,1922
1932,1922
1933,1925
1934,1925
1935,1927
1936,1927
1937,1928
1938,1929
1939,1930
1940,1931
1941,1933
1942,1933
1943,1935
1944,1935
1945,1933
1946,1936
1947,1937
1948,1939
1949,1939
1950,1940
1951,1940
1952,1944
1953,1944
1954,1944
1955,1946
1956,1948
1957,1948
1958,1949
1959,1951
1960,1950
1961,1952
1962,1953
1963,1955
1964,1955
1965,1956
1966,1956
1967,1958
1968,1959
1969,1960
1970,1961
1971,1962
1972,1963
1973,1963
1974,1963
1975,1966
1976,1967
1977,1967
1978,1969
1979,1969
1980,1968
1981,1972
1982,1972
1983,1973
1984,1976
1985,1975
1986,1976
1987,1978
1988,1978
1989,1978
1990,1981
1991,1982
1992,1982
1993,1983
1994,1984
1995,1987
1996,1986
1997,1990
1998,1988
1999,1989
2000,1990
2001,1990
2002,1992
2003,1996
2004,1996
2005,1995
2006,2000
2007,1999
2008,1999
2009,1999
2010,2001
2011,1999
2012,2004
2013,2004
2014,2005
2015,2005
2016,2007
2017,2008
2018,2009
2019,2009
2020,2011
2021,2012
2022,2012
2023,2014
2024,2017
2025,2016
2026,2016
2027,2018
2028,2018
2029,2020
2030,2020
2031,2023
2032,2022
2033,2023
2034,2024
2035,2025
2036,2029
2037,2028
2038,2028
2039,2030
2040,2031
2041,2032
2042,2033
2043,2033
2044,2035
2045,2036
2046,2038
2047,2036
2048,2039
2049,2039
2050,2042
2051,2043
2052,2043
2053,2045
2054,2046
2055,2045
2056,2047
2057,2047
2058,2048
2059,2051
2060,2051
2061,2051
2062,2054
2063,2054
2064,2054
2065,2054
2066,2055
2067,2057
2068,2060
2069,2062
2070,2061
2071,2060
2072,2064
2073,2063
2074,2065
2075,2066
2076,2066
2077,2068
2078,2069
2079,2069
2080,2072
2081,2071
2082,2072
2083,2074
2084,2073
2085,2076
2086,2075
2087,2078
2088,2079
2089,2079
2090,2081
2091,2082
2092,2082
2093,2085
2094,2085
2095,2085
2096,2087
2097,2089
2098,2089
2099,2089
2100,2091
2101,2092
2102,2093
2103,2092
2104,2096
2105,2095
2106,2097
2107,2099
2108,2099
2109,2100
2110,2102
2111,2102
2112,2103
2113,2104
2114,2105
2115,2106
2116,2107
2117,2108
2118,2108
2119,2111
2120,2110
2121,2111
2122,2112
2123,2114
2124,2114
2125,2116
2126,2117
2127,2117
2128,2119
2129,2121
2130,2121
2131,2122
2132,2124
2133,2123
2134,2125
2135,2124
2136,2127
2137,2128
2138,2129
2139,2128
2140,2131
2141,2134
2142,2132
2143,2135
2144,2134
2145,2136
2146,2137
2147,2137
2148,2139
2149,2139
2150,2141
2151,2142
2152,2143
2153,2146
2154,2144
2155,2145
2156,2149
2157,2148
2158,2149
2159,2150
2160,2151
2161,2152
2162,2154
2163,2154
2164,2154
2165,2156
2166,2156
2167,2158
2168,2158
2169,2158
2170,2161
2171,2162
2172,2163
2173,2161
2174,2163
2175,2167
2176,2168
2177,2166
2178,2169
2179,2169
2180,2170
2181,2172
2182,2171
2183,2174
2184,2175
2185,2176
2186,2178
2187,2178
2188,2178
2189,2180
2190,2181
2191,2182
2192,2184
2193,2184
2194,2185
2195,2187
2196,2187
2197,2187
2198,2189
2199,2189
2200,2194
2201,2191
2202,2193
2203,2193
2204,2194
2205,2196
2206,2198
2207,2198
2208,2199
2209,2198
2210,2201
2211,2202
2212,2203
2213,2202
2214,2204
2215,2207
2216,2206
2217,2208
2218,2209
2219,2209
2220,2211
2221,2213
2222,2212
2223,2213
2224,2215
2225,2217
2226,2218
2227,2217
2228,2219
2229,2221
2230,2221
2231,2223
2232,2224
2233,2223
2234,2226
2235,2225
2236,2226
2237,2229
2238,2229
2239,2230
2240,2231
2241,2232
2242,2234
2243,2234
2244,2238
2245,2236
2246,2237
2247,2237
2248,2239
2249,2238
2250,2239
2251,2242
2252,2242
2253,2245
2254,2246
2255,2243
2256,2247
2257,2248
2258,2249
2259,2248
2260,2253
2261,2254
2262,2252
2263,2253
2264,2255
2265,2257
2266,2257
2267,2258
2268,2259
2269,2261
2270,2261
2271,2263
2272,2265
2273,2263
2274,2266
2275,2266
2276,2267
2277,2270
2278,2271
2279,2269
2280,2270
2281,2272
2282,2272
2283,2275
2284,2275
2285,2276
2286,2278
2287,2278
2288,2279
2289,2281
2290,2279
2291,2282
2292,2283
2293,2285
2294,2285
2295,2287
2296,2288
2297,2287
2298,2290
2299,2291
2300,2292
2301,2293
2302,2292
2303,2293
2304,2296
2305,2297
2306,2297
2307,2299
2308,2299
2309,2298
2310,2304
2311,2301
2312,2303
2313,2305
2314,2307
2315,2307
2316,2308
2317,2310
2318,2309
2319,2309
2320,2311
2321,2312
2322,2312
2323,2316
2324,2316
2325,2317
2326,2317
2327,2320
2328,2320
2329,2319
2330,2321
2331,2322
2332,2324
2333,2323
2334,2326
2335,2328
2336,2326
2337,2329
2338,2330
2339,2331
2340,2331
2341,2332
2342,2332
2343,2335
2344,2336
2345,2336
2346,2338
2347,2338
2348,2338
2349,2343
2350,2342
2351,2342
2352,2342
2353,2344
2354,2345
2355,2347
2356,2347
2357,2348
2358,2349
2359,2350
2360,2351
2361,2351
2362,2352
2363,2354
2364,2355
2365,2356
2366,2358
2367,2358
2368,2359
2369,2360
2370,2363
2371,2363
2372,2363
2373,2364
2374,2366
2375,2366
2376,2367
2377,2369
2378,2371
2379,2371
2380,2371
2381,2371
2382,2372
2383,2375
2384,2374
2385,2377
2386,2377
2387,2378
2388,2380
2389,2380
2390,2381
2391,2381
2392,2383
2393,2384
2394,2385
2395,2386
2396,2385
2397,2388
2398,2389
2399,2390
2400,2390
2401,2393
2402,2394
2403,2393
2404,2394
2405,2397
2406,2397
2407,2398
2408,2399
2409,2400
2410,2400
2411,2402
2412,2403
2413,2405
2414,2405
2415,2405
2416,2407
2417,2407
2418,2410
2419,2411
2420,2410
2421,2412
2422,2412
2423,2415
2424,2414
2425,2417
2426,2417
2427,2417
2428,2419
2429,2420
2430,2421
2431,2422
2432,2423
2433,2424
2434,2425
2435,2425
2436,2427
2437,2429
2438,2428
2439,2431
2440,2430
2441,2431
2442,2433
2443,2434
2444,2436
2445,2437
2446,2437
2447,2438
2448,2440
2449,2439
2450,2441
2451,2439
2452,2442
2453,2443
2454,2444
2455,2446
2456,2447
2457,2447
2458,2449
2459,2450
2460,2451
2461,2451
2462,2452
2463,2454
2464,2455
2465,2457
2466,2457
2467,2459
2468,2459
2469,2460
2470,2462
2471,2462
2472,2463
2473,2465
2474,2465
2475,2466
2476,2467
2477,2468
2478,2468
2479,2470
2480,2472
2481,2471
2482,2474
2483,2474
2484,2475
2485,2477
2486,2477
2487,2479
2488,2478
2489,2478
2490,2478
2491,2482
2492,2482
2493,2484
2494,2484
2495,2487
2496,2487
2497,2487
2498,2488
2499,2490
2500,2491
2501,2492
2502,2493
2503,2493
2504,2495
2505,2495
2506,2496
2507,2497
2508,2498
2509,2500
2510,2500
2511,2501
2512,2502
2513,2503
2514,2505
2515,2507
2516,2505
2517,2507
2518,2508
2519,2509
2520,2510
2521,2510
2522,2512
2523,2513
2524,2514
2525,2515
2526,2515
2527,2517
2528,2519
2529,2520
2530,2520
2531,2524
2532,2523
2533,2523
2534,2523
2535,2526
2536,2526
2537,2528
2538,2528
2539,2527
2540,2530
2541,2532
2542,2534
2543,2532
2544,2535
2545,2535
2546,2537
2547,2538
2548,2539
2549,2539
2550,2541
2551,2541
2552,2543
2553,2544
2554,2544
2555,2545
2556,2547
2557,2548
2558,2549
2559,2550
2560,2552
2561,2552
2562,2554
2563,2553
2564,2555
2565,2555
2566,2555
2567,2556
2568,2560
2569,2560
2570,2561
2571,2563
2572,2562
2573,2563
2574,2564
2575,2566
2576,2566
2577,2566
2578,2568
2579,2570
2580,2571
2581,2572
2582,2571
2583,2571
2584,2574
2585,2576
2586,2577
2587,2576
2588,2578
2589,2577
2590,2579
2591,2582
2592,2583
2593,2583
2594,2585
2595,2584
2596,2585
2597,2588
2598,2587
2599,2589
2600,2591
2601,2591
2602,2593
2603,2593
2604,2595
2605,2596
2606,2596
2607,2597
2608,2599
2609,2600
2610,2599
2611,2602
2612,2602
2613,2603
2614,2605
2615,2605
2616,2606
2617,2607
2618,2607
2619,2609
2620,2608
2621,2612
2622,2612
2623,2613
2624,2615
2625,2616
2626,2618
2627,2618
2628,2620
2629,2620
2630,2621
2631,2620
2632,2623
2633,2623
2634,2625
2635,2623
2636,2625
2637,2632
2638,2629
2639,2630
2640,2631
2641,2631
2642,2632
2643,2634
2644,2634
2645,2635
2646,2638
2647,2638
2648,2639
2649,2641
2650,2640
2651,2642
2652,2643
2653,2642
2654,2643
2655,2645
2656,2646
2657,2647
2658,2648
2659,2650
2660,2649
2661,2651
2662,2654
2663,2654
2664,2655
2665,2655
2666,2656
2667,2657
2668,2658
2669,2658
2670,2659
2671,2662
2672,2663
2673,2663
2674,2663
2675,2664
2676,2666
2677,2668
2678,2668
2679,2669
2680,2670
2681,2672
2682,2673
2683,2671
2684,2674
2685,2676
2686,2677
2687,2678
2688,2678
2689,2679
2690,2680
2691,2681
2692,2684
2693,2683
2694,2684
2695,2685
2696,2684
2697,2687
2698,2688
2699,2688
2700,2689
2701,2690
2702,2691
2703,2694
2704,2695
2705,2696
2706,2695
2707,2696
2708,2696
2709,2701
2710,2699
2711,2702
2712,2702
2713,2703
2714,2704
2715,2704
2716,2705
2717,2707
2718,2707
2719,2708
2720,2710
2721,2711
2722,2711
2723,2713
2724,2714
2725,2713
2726,2716
2727,2717
2728,2716
2729,2718
2730,2721
2731,2722
2732,2723
2733,2724
2734,2723
2735,2724
2736,2725
2737,2727
2738,2728
2739,2729
2740,2730
2741,2732
2742,2732
2743,2732
2744,2733
2745,2735
2746,2736
2747,2738
2748,2738
2749,2739
2750,2739
2751,2741
2752,2741
2753,2742
2754,2744
2755,2743
2756,2747
2757,2744
2758,2749
2759,2750
2760,2751
2761,2752
2762,2753
2763,2753
2764,2754
2765,2754
2766,2757
2767,2757
2768,2760
2769,2760
2770,2760
2771,2762
2772,2762
2773,2764
2774,2765
2775,2764
2776,2766
2777,2767
2778,2769
2779,2771
2780,2770
2781,2771
2782,2772
2783,2774
2784,2775
2785,2776
2786,2777
2787,2778
2788,2777
2789,2781
2790,2779
2791,2780
2792,2782
2793,2784
2794,2786
2795,2785
2796,2787
2797,2788
2798,2789
2799,2789
2800,2789
2801,2791
2802,2792
2803,2795
2804,2795
2805,2796
2806,2797
2807,2797
2808,2799
2809,2799
2810,2801
2811,2802
2812,2804
2813,2804
2814,2805
2815,2807
2816,2807
2817,2807
2818,2808
2819,2809
2820,2810
2821,2810
2822,2813
2823,2813
2824,2814
2825,2816
2826,2815
2827,2817
2828,2819
2829,2819
2830,2819
2831,2821
2832,2824
2833,2824
2834,2822
2835,2826
2836,2825
2837,2828
2838,2828
2839,2830
2840,2829
2841,2830
2842,2832
2843,2835
2844,2833
2845,2835
2846,2836
2847,2837
2848,2839
2849,2839
2850,2841
2851,2842
2852,2842
2853,2843
2854,2844
2855,2846
2856,2846
2857,2847
2858,2849
2859,2849
2860,2851
2861,2852
2862,2853
2863,2852
2864,2854
2865,2854
2866,2855
2867,2857
2868,2858
2869,2860
2870,2861
2871,2862
2872,2862
2873,2865
2874,2865
2875,2864
2876,2866
2877,2866
2878,2868
2879,2870
2880,2870
2881,2872
2882,2873
2883,2874
2884,2874
2885,2876
2886,2876
2887,2876
2888,2878
2889,2879
2890,2880
2891,2881
2892,2881
2893,2883
2894,2885
2895,2885
2896,2885
2897,2887
2898,2889
2899,2888
2900,2891
2901,2892
2902,2893
2903,2893
2904,2893
2905,2896
2906,2896
2907,2895
2908,2897
2909,2899
2910,2902
2911,2901
2912,2902
2913,2904
2914,2903
2915,2905
2916,2906
2917,2906
2918,2907
2919,2910
2920,2910
2921,2909
2922,2912
2923,2911
2924,2914
2925,2916
2926,2916
2927,2918
2928,2919
2929,2919
2930,2918
2931,2921
2932,2922
2933,2924
2934,2923
2935,2923
2936,2925
2937,2928
2938,2929
2939,2929
2940,2931
2941,2932
2942,2933
2943,2933
2944,2935
2945,2935
2946,2935
2947,2937
2948,2936
2949,2940
2950,2939
2951,2942
2952,2942
2953,2943
2954,2944
2955,2944
2956,2945
2957,2948
2958,2949
2959,2950
2960,2949
2961,2951
2962,2951
2963,2956
2964,2954
2965,2957
2966,2957
2967,2956
2968,2959
2969,2960
2970,2960
2971,2960
2972,2961
2973,2962
2974,2964
2975,2964
2976,2967
2977,2967
2978,2969
2979,2971
2980,2969
2981,2971
2982,2973
2983,2973
2984,2974
2985,2975
2986,2976
2987,2978
2988,2977
2989,2980
2990,2979
2991,2981
2992,2983
2993,2982
2994,2983
2995,2983
2996,2986
2997,2986
2998,2989
2999,2989
3000,2990
3001,2994
3002,2993
3003,2992
3004,2995
3005,2994
3006,2996
3007,2997
3008,2994
3009,2998
3010,3000
3011,3000
3012,3002
3013,3001
3014,3004
3015,3004
3016,3006
3017,3004
3018,3008
3019,3007
3020,3008
3021,3010
3022,3011
3023,3013
3024,3015
3025,3013
3026,3014
3027,3016
3028,3016
3029,3019
3030,3020
3031,3022
3032,3023
3033,3022
3034,3023
3035,3025
3036,3025
3037,3026
3038,3029
3039,3028
3040,3030
3041,3031
3042,3032
3043,3032
3044,3033
3045,3034
3046,3036
3047,3038
3048,3038
3049,3039
3050,3039
3051,3038
3052,3042
3053,3043
3054,3043
3055,3042
3056,3045
3057,3046
3058,3048
3059,3048
3060,3049
3061,3050
3062,3051
3063,3053
3064,3055
3065,3053
3066,3055
3067,3055
3068,3057
3069,3058
3070,3061
3071,3061
3072,3062
3073,3062
3074,3063
3075,3064
3076,3065
3077,3066
3078,3066
3079,3069
3080,3071
3081,3071
3082,3072
3083,3073
3084,3074
3085,3075
3086,3076
3087,3077
3088,3077
3089,3076
3090,3080
3091,3080
3092,3079
3093,3082
3094,3082
3095,3083
3096,3086
3097,3086
3098,3088
3099,3089
3100,3089
3101,3090
3102,3091
3103,3094
3104,3094
3105,3094
3106,3095
3107,3096
3108,3097
3109,3097
3110,3101
3111,3101
3112,3102
3113,3105
3114,3102
3115,3105
3116,3106
3117,3103
3118,3108
3119,3108
3120,3108
3121,3110
3122,3111
3123,3111
3124,3113
3125,3114
3126,3115
3127,3117
3128,3116
3129,3119
3130,3120
3131,3119
3132,3121
3133,3122
3134,3123
3135,3126
3136,3125
3137,3127
3138,3128
3139,3128
3140,3130
3141,3131
3142,3133
3143,3132
3144,3134
3145,3136
3146,3135
3147,3136
3148,3135
3149,3138
3150,3141
3151,3140
3152,3140
3153,3142
3154,3144
3155,3143
3156,3145
3157,3147
3158,3148
3159,3148
3160,3148
3161,3150
3162,3151
3163,3153
3164,3153
3165,3155
3166,3156
3167,3157
3168,3158
3169,3158
3170,3160
3171,3161
3172,3163
3173,3166
3174,3164
3175,3164
3176,3165
3177,3165
3178,3166
3179,3168
3180,3169
3181,3170
3182,3175
3183,3174
3184,3174
3185,3175
3186,3174
3187,3178
3188,3179
3189,3178
3190,3180
3191,3181
3192,3182
3193,3182
3194,3183
3195,3185
3196,3185
3197,3183
3198,3187
3199,3188
3200,3190
3201,3189
3202,3189
3203,3191
3204,3192
3205,3194
3206,3195
3207,3195
3208,3197
3209,3199
3210,3199
3211,3200
3212,3203
3213,3199
3214,3206
3215,3204
3216,3205
3217,3206
3218,3208
3219,3207
3220,3208
3221,3210
3222,3211
3223,3212
3224,3213
3225,3213
3226,3215
3227,3218
3228,3217
3229,3218
3230,3219
3231,3219
3232,3220
3233,3222
3234,3223
3235,3223
3236,3223
3237,3226
3238,3227
3239,3228
3240,3230
3241,3230
3242,3231
3243,3232
3244,3232
3245,3233
3246,3234
3247,3236
3248,3238
3249,3237
3250,3237
3251,3240
3252,3240
3253,3241
3254,3242
3255,3244
3256,3247
3257,3249
3258,3248
3259,3247
3260,3248
3261,3250
3262,3253
3263,3253
3264,3255
3265,3257
3266,3256
3267,3255
3268,3257
3269,3258
3270,3258
3271,3261
3272,3262
3273,3262
3274,3265
3275,3264
3276,3266
3277,3265
3278,3268
3279,3269
3280,3270
3281,3272
3282,3271
3283,3273
3284,3273
3285,3276
3286,3275
3287,3277
3288,3279
3289,3279
3290,3278
3291,3281
3292,3281
3293,3281
3294,3282
3295,3284
3296,3286
3297,3288
3298,3287
3299,3289
3300,3290
3301,3291
3302,3291
3303,3292
3304,3294
3305,3295
3306,3293
3307,3294
3308,3297
3309,3297
3310,3297
3311,3301
3312,3301
3313,3301
3314,3303
3315,3304
3316,3304
3317,3305
3318,3307
3319,3308
3320,3308
3321,3310
3322,3311
3323,3312
3324,3313
3325,3313
3326,3317
3327,3316
3328,3317
3329,3317
3330,3318
3331,3318
3332,3323
3333,3322
3334,3326
3335,3324
3336,3326
3337,3326
3338,3327
3339,3328
3340,3331
3341,3332
3342,3330
3343,3333
3344,3331
3345,3335
3346,3336
3347,3336
3348,3338
3349,3337
3350,3339
3351,3341
3352,3341
3353,3341
3354,3344
3355,3345
3356,3344
3357,3346
3358,3347
3359,3348
3360,3350
3361,3350
3362,3350
3363,3352
3364,3354
3365,3353
3366,3355
3367,3356
3368,3358
3369,3357
3370,3359
3371,3359
3372,3361
3373,3362
3374,3362
3375,3362
3376,3365
3377,3367
3378,3367
3379,3368
3380,3369
3381,3372
3382,3372
3383,3372
3384,3373
3385,3373
3386,3374
3387,3376
3388,3377
3389,3379
3390,3378
3391,3380
3392,3380
3393,3383
3394,3384
3395,3384
3396,3385
3397,3387
3398,3387
3399,3388
3400,3389
3401,3390
3402,3392
3403,3393
3404,3394
3405,3395
3406,3396
3407,3396
3408,3399
3409,3397
3410,3398
3411,3401
3412,3401
3413,3403
3414,3404
3415,3403
3416,3404
3417,3405
3418,3408
3419,3409
3420,3408
3421,3412
3422,3411
3423,3413
3424,3414
3425,3414
3426,3417
3427,3416
3428,3416
3429,3417
3430,3420
3431,3421
3432,3420
3433,3423
3434,3424
3435,3423
3436,3424
3437,3425
3438,3427
3439,3428
3440,3428
3441,3429
3442,3432
3443,3433
3444,3433
3445,3435
3446,3434
3447,3437
3448,3438
3449,3437
3450,3437
3451,3440
3452,3441
3453,3443
3454,3445
3455,3444
3456,3444
3457,3447
3458,3447
3459,3448
3460,3449
3461,3452
3462,3452
3463,3451
3464,3452
3465,3455
3466,3455
3467,3457
3468,3456
3469,3457
3470,3459
3471,3464
3472,3461
3473,3464
3474,3462
3475,3464
3476,3464
3477,3468
3478,3467
3479,3467
3480,3468
3481,3468
3482,3470
3483,3473
3484,3474
3485,3474
3486,3475
3487,3475
3488,3477
3489,3477
3490,3479
3491,3480
3492,3481
3493,3483
3494,3481
3495,3483
3496,3486
3497,3486
3498,3486
3499,3487
3500,3489
3501,3491
3502,3490
3503,3491
3504,3493
3505,3493
3506,3495
3507,3495
3508,3495
3509,3497
3510,3499
3511,3497
3512,3497
3513,3502
3514,3504
3515,3502
3516,3505
3517,3506
3518,3507
3519,3509
3520,3509
3521,3510
3522,3510
3523,3510
3524,3513
3525,3515
3526,3515
3527,3516
3528,3517
3529,3516
3530,3517
3531,3518
3532,3520
3533,3522
3534,3524
3535,3522
3536,3523
3537,3525
3538,3526
3539,3528
3540,3527
3541,3529
3542,3530
3543,3532
3544,3532
3545,3534
3546,3534
3547,3535
3548,3537
3549,3537
3550,3538
3551,3541
3552,3541
3553,3542
3554,3542
3555,3544
3556,3546
3557,3546
3558,3547
3559,3548
3560,3549
3561,3549
3562,3551
3563,3553
3564,3552
3565,3552
3566,3555
3567,3555
3568,3556
3569,3557
3570,3557
3571,3560
3572,3560
3573,3560
3574,3561
3575,3561
3576,3564
3577,3565
3578,3566
3579,3567
3580,3568
3581,3568
3582,3570
3583,3571
3584,3573
3585,3571
3586,3575
3587,3575
3588,3577
3589,3577
3590,3580
3591,3579
3592,3582
3593,3580
3594,3583
3595,3583
3596,3582
3597,3585
3598,3585
3599,3588
3600,3586
3601,3588
3602,3591
3603,3590
3604,3594
3605,3593
3606,3593
3607,3595
3608,3597
3609,3598
3610,3599
3611,3598
3612,3598
3613,3600
3614,3600
3615,3604
3616,3605
3617,3605
3618,3606
3619,3606
3620,3608
3621,3608
3622,3610
3623,3613
3624,3611
3625,3613
3626,3614
3627,3614
3628,3616
3629,3617
3630,3620
3631,3620
3632,3620
3633,3622
3634,3622
3635,3622
3636,3622
3637,3626
3638,3626
3639,3627
3640,3627
3641,3630
3642,3629
3643,3632
3644,3630
3645,3634
3646,3634
3647,3634
3648,3636
3649,3637
3650,3638
3651,3639
3652,3640
3653,3641
3654,3637
3655,3644
3656,3643
3657,3645
3658,3646
3659,3647
3660,3649
3661,3649
3662,3650
3663,3651
3664,3651
3665,3653
3666,3654
3667,3655
3668,3655
3669,3656
3670,3658
3671,3657
3672,3660
3673,3660
3674,3663
3675,3663
3676,3664
3677,3664
3678,3665
3679,3666
3680,3668
3681,3668
3682,3670
3683,3670
3684,3673
3685,3673
3686,3674
3687,3674
3688,3676
3689,3678
3690,3678
3691,3677
3692,3680
3693,3681
3694,3682
3695,3682
3696,3683
3697,3684
3698,3685
3699,3686
3700,3688
3701,3688
3702,3690
3703,3690
3704,3692
3705,3693
3706,3695
3707,3693
3708,3695
3709,3697
3710,3697
3711,3698
3712,3699
3713,3701
3714,3702
3715,3702
3716,3702
3717,3703
3718,3705
3719,3706
3720,3707
3721,3708
3722,3709
3723,3709
3724,3712
3725,3713
3726,3714
3727,3714
3728,3716
3729,3716
3730,3717
3731,3718
3732,3718
3733,3719
3734,3722
3735,3723
3736,3722
3737,3724
3738,3723
3739,3725
3740,3727
3741,3729
3742,3730
3743,3731
3744,3730
3745,3732
3746,3734
3747,3734
3748,3735
3749,3737
3750,3737
3751,3738
3752,3738
3753,3741
3754,3742
3755,3741
3756,3744
3757,3745
3758,3744
3759,3746
3760,3747
3761,3748
3762,3750
3763,3751
3764,3750
3765,3752
3766,3754
3767,3755
3768,3756
3769,3760
3770,3758
3771,3759
3772,3759
3773,3762
3774,3761
3775,3763
3776,3763
3777,3766
3778,3764
3779,3767
3780,3768
3781,3768
3782,3770
3783,3771
3784,3773
3785,3773
3786,3776
3787,3774
3788,3776
3789,3778
3790,3777
3791,3780
3792,3779
3793,3781
3794,3782
3795,3784
3796,3784
3797,3786
3798,3786
3799,3787
3800,3788
3801,3789
3802,3789
3803,3792
3804,3792
3805,3791
3806,3793
3807,3796
3808,3795
3809,3797
3810,3798
3811,3799
3812,3799
3813,3801
3814,3800
3815,3803
3816,3803
3817,3805
3818,3806
3819,3808
3820,3808
3821,3808
3822,3810
3823,3810
3824,3811
3825,3813
3826,3815
3827,3816
3828,3816
3829,3817
3830,3817
3831,3820
3832,3819
3833,3822
3834,3822
3835,3823
3836,3823
3837,3825
3838,3827
3839,3828
3840,3828
3841,3830
3842,3830
3843,3830
3844,3830
3845,3832
3846,3835
3847,3834
3848,3836
3849,3837
3850,3839
3851,3838
3852,3840
3853,3839
3854,3842
3855,3844
3856,3844
3857,3844
3858,3846
3859,3848
3860,3852
3861,3849
3862,3850
3863,3851
3864,3851
3865,3853
3866,3855
3867,3856
3868,3851
3869,3856
3870,3859
3871,3859
3872,3859
3873,3861
3874,3863
3875,3863
3876,3863
3877,3864
3878,3865
3879,3867
3880,3867
3881,3867
3882,3871
3883,3871
3884,3872
3885,3873
3886,3872
3887,3874
3888,3875
3889,3875
3890,3877
3891,3881
3892,3880
3893,3880
3894,3884
3895,3884
3896,3884
3897,3884
3898,3886
3899,3886
3900,3887
3901,3889
3902,3891
3903,3890
3904,3893
3905,3894
3906,3895
3907,3892
3908,3895
3909,3896
3910,3896
3911,3898
3912,3898
3913,3900
3914,3902
3915,3901
3916,3903
3917,3906
3918,3907
3919,3906
3920,3908
3921,3908
3922,3909
3923,3909
3924,3912
3925,3911
3926,3912
3927,3915
3928,3916
3929,3916
3930,3918
3931,3920
3932,3919
3933,3920
3934,3922
3935,3922
3936,3923
3937,3924
3938,3927
3939,3927
3940,3926
3941,3929
3942,3929
3943,3931
3944,3931
3945,3933
3946,3934
3947,3936
3948,3935
3949,3937
3950,3937
3951,3940
3952,3940
3953,3941
3954,3941
3955,3941
3956,3944
3957,3944
3958,3944
3959,3946
3960,3946
3961,3950
3962,3948
3963,3950
3964,3951
3965,3954
3966,3953
3967,3955
3968,3955
3969,3957
3970,3958
3971,3959
3972,3960
3973,3961
3974,3962
3975,3961
3976,3965
3977,3964
3978,3964
3979,3966
3980,3968
3981,3968
3982,3969
3983,3971
3984,3972
3985,3973
3986,3974
3987,3975
3988,3976
3989,3975
3990,3977
3991,3978
3992,3981
3993,3980
3994,3982
3995,3983
3996,3985
3997,3985
3998,3986
3999,3986
4000,3988
4001,3989
4002,3988
4003,3990
4004,3992
4005,3993
4006,3995
4007,3995
4008,3997
4009,3998
4010,3998
4011,3999
4012,4000
4013,4001
4014,4001
4015,4002
4016,4004
4017,4005
4018,4005
4019,4006
4020,4006
4021,4009
4022,4009
4023,4010
4024,4011
4025,4012
4026,4013
4027,4014
4028,4015
4029,4017
4030,4016
4031,4017
4032,4019
4033,4025
4034,4020
4035,4023
4036,4024
4037,4024
4038,4027
4039,4025
4040,4026
4041,4028
4042,4028
4043,4029
4044,4031
4045,4032
4046,4031
4047,4034
4048,4035
4049,4037
4050,4038
4051,4037
4052,4039
4053,4041
4054,4043
4055,4042
4056,4043
4057,4045
4058,4045
4059,4045
4060,4047
4061,4048
4062,4051
4063,4051
4064,4052
4065,4051
4066,4052
4067,4055
4068,4055
4069,4057
4070,4058
4071,4058
4072,4058
4073,4060
4074,4062
4075,4063
4076,4064
4077,4065
4078,4065
4079,4065
4080,4065
4081,4067
4082,4069
4083,4070
4084,4072
4085,4072
4086,4074
4087,4073
4088,4076
4089,4075
4090,4078
4091,4079
4092,4077
4093,4076
4094,4073
4095,4077
