0,0
1,0
2,0
3,0
4,0
5,0
6,0
7,0
8,0
9,0
10,0
11,0
12,0
13,0
14,0
15,2
16,1
17,4
18,3
19,4
20,7
21,6
22,8
23,8
24,10
25,10
26,10
27,14
28,12
29,14
30,16
31,16
32,17
33,19
34,20
35,20
36,20
37,22
38,25
39,24
40,26
41,27
42,28
43,27
44,30
45,29
46,31
47,33
48,34
49,35
50,35
51,36
52,38
53,39
54,39
55,42
56,42
57,43
58,44
59,45
60,44
61,45
62,48
63,48
64,49
65,50
66,50
67,52
68,53
69,54
70,54
71,57
72,58
73,57
74,60
75,60
76,61
77,63
78,64
79,61
80,66
81,66
82,67
83,69
84,69
85,70
86,71
87,72
88,74
89,74
90,75
91,76
92,77
93,77
94,79
95,79
96,81
97,82
98,83
99,83
100,85
101,86
102,86
103,89
104,89
105,90
106,91
107,93
108,92
109,95
110,96
111,97
112,97
113,98
114,98
115,100
116,101
117,102
118,104
119,104
120,110
121,106
122,108
123,108
124,110
125,110
126,112
127,112
128,113
129,115
130,116
131,115
132,118
133,117
134,120
135,119
136,122
137,123
138,123
139,124
140,127
141,126
142,127
143,128
144,129
145,130
146,131
147,132
148,132
149,136
150,136
151,136
152,137
153,138
154,139
155,141
156,142
157,142
158,142
159,145
160,146
161,147
162,149
163,148
164,149
165,150
166,151
167,153
168,151
169,155
170,153
171,155
172,153
173,158
174,161
175,162
176,162
177,163
178,163
179,164
180,165
181,167
182,171
183,168
184,169
185,171
186,172
187,173
188,173
189,174
190,177
191,176
192,178
193,177
194,179
195,179
196,183
197,181
198,185
199,184
200,185
201,187
202,187
203,186
204,188
205,190
206,191
207,193
208,192
209,194
210,196
211,197
212,198
213,199
214,199
215,200
216,198
217,203
218,202
219,203
220,205
221,207
222,208
223,209
224,209
225,211
226,212
227,213
228,214
229,214
230,214
231,215
232,218
233,219
234,219
235,220
236,221
237,224
238,224
239,225
240,226
241,228
242,227
243,230
244,228
245,230
246,232
247,232
248,233
249,235
250,236
251,236
252,239
253,239
254,240
255,240
256,240
257,243
258,244
259,245
260,246
261,247
262,246
263,247
264,251
265,252
266,253
267,255
268,254
269,255
270,257
271,258
272,258
273,260
274,260
275,260
276,263
277,264
278,265
279,266
280,264
281,268
282,269
283,268
284,269
285,271
286,272
287,272
288,274
289,275
290,278
291,276
292,278
293,281
294,281
295,282
296,282
297,284
298,284
299,284
300,285
301,286
302,289
303,288
304,290
305,291
306,292
307,293
308,295
309,294
310,298
311,297
312,299
313,299
314,301
315,301
316,302
317,304
318,305
319,305
320,304
321,308
322,311
323,310
324,311
325,311
326,312
327,313
328,315
329,316
330,318
331,317
332,317
333,319
334,320
335,322
336,321
337,322
338,324
339,326
340,326
341,326
342,330
343,327
344,329
345,331
346,331
347,333
348,334
349,334
350,336
351,338
352,339
353,338
354,340
355,337
356,341
357,342
358,344
359,346
360,347
361,346
362,348
363,349
364,350
365,350
366,353
367,353
368,355
369,356
370,356
371,358
372,359
373,360
374,360
375,360
376,360
377,363
378,365
379,365
380,368
381,367
382,367
383,371
384,370
385,371
386,373
387,373
388,373
389,375
390,377
391,378
392,379
393,379
394,381
395,381
396,381
397,384
398,382
399,385
400,384
401,388
402,387
403,391
404,389
405,391
406,392
407,393
408,394
409,395
410,396
411,396
412,396
413,399
414,400
415,402
416,401
417,403
418,404
419,405
420,405
421,409
422,408
423,408
424,411
425,412
426,413
427,413
428,414
429,415
430,415
431,417
432,417
433,418
434,420
435,421
436,423
437,422
438,424
439,427
440,426
441,428
442,429
443,429
444,429
445,431
446,433
447,433
448,435
449,434
450,436
451,437
452,437
453,440
454,440
455,441
456,441
457,443
458,445
459,444
460,446
461,448
462,448
463,449
464,452
465,451
466,454
467,453
468,453
469,454
470,456
471,455
472,458
473,459
474,460
475,462
476,463
477,463
478,464
479,466
480,466
481,468
482,467
483,466
484,470
485,470
486,472
487,472
488,473
489,476
490,475
491,477
492,479
493,479
494,480
495,481
496,481
497,485
498,484
499,486
500,485
501,486
502,487
503,488
504,490
505,491
506,492
507,493
508,493
509,494
510,495
511,498
512,500
513,500
514,500
515,502
516,503
517,503
518,505
519,506
520,506
521,508
522,509
523,513
524,510
525,512
526,514
527,514
528,514
529,515
530,517
531,518
532,519
533,518
534,522
535,521
536,521
537,524
538,524
539,526
540,527
541,528
542,529
543,529
544,529
545,531
546,534
547,532
548,534
549,536
550,537
551,538
552,538
553,540
554,541
555,542
556,544
557,545
558,543
559,545
560,547
561,548
562,549
563,550
564,549
565,551
566,552
567,555
568,555
569,556
570,556
571,557
572,559
573,561
574,560
575,562
576,562
577,565
578,563
579,566
580,568
581,569
582,568
583,569
584,570
585,570
586,572
587,575
588,574
589,575
590,576
591,578
592,579
593,580
594,579
595,581
596,583
597,585
598,586
599,586
600,587
601,591
602,587
603,591
604,591
605,592
606,592
607,595
608,594
609,596
610,596
611,598
612,599
613,599
614,601
615,602
616,603
617,604
618,602
619,607
620,606
621,609
622,608
623,610
624,610
625,615
626,612
627,613
628,615
629,616
630,616
631,617
632,618
633,619
634,620
635,622
636,622
637,625
638,625
639,625
640,626
641,628
642,628
643,630
644,631
645,631
646,632
647,634
648,634
649,635
650,636
651,639
652,639
653,640
654,642
655,641
656,642
657,643
658,646
659,646
660,647
661,647
662,650
663,649
664,651
665,651
666,653
667,655
668,655
669,655
670,656
671,660
672,659
673,660
674,661
675,661
676,663
677,665
678,664
679,664
680,666
681,670
682,670
683,669
684,671
685,671
686,673
687,675
688,674
689,675
690,677
691,678
692,680
693,679
694,681
695,682
696,683
697,684
698,686
699,685
700,687
701,690
702,689
703,690
704,691
705,694
706,692
707,693
708,694
709,697
710,696
711,699
712,700
713,699
714,701
715,703
716,702
717,704
718,704
719,705
720,708
721,707
722,708
723,710
724,712
725,712
726,712
727,714
728,716
729,716
730,717
731,718
732,719
733,720
734,722
735,722
736,724
737,724
738,724
739,727
740,723
741,731
742,730
743,730
744,730
745,730
746,733
747,734
748,736
749,736
750,738
751,738
752,739
753,741
754,741
755,742
756,744
757,743
758,745
759,746
760,747
761,747
762,751
763,751
764,752
765,754
766,754
767,755
768,757
769,757
770,758
771,758
772,760
773,761
774,760
775,763
776,765
777,764
778,765
779,767
780,768
781,769
782,772
783,770
784,771
785,773
786,773
787,776
788,776
789,777
790,777
791,779
792,781
793,781
794,783
795,783
796,784
797,784
798,786
799,788
800,789
801,790
802,790
803,791
804,792
805,792
806,793
807,794
808,795
809,798
810,799
811,800
812,800
813,801
814,802
815,803
816,804
817,805
818,807
819,807
820,809
821,808
822,813
823,812
824,812
825,812
826,814
827,815
828,817
829,817
830,818
831,820
832,821
833,822
834,821
835,823
836,824
837,824
838,827
839,828
840,828
841,828
842,831
843,831
844,832
845,834
846,834
847,836
848,836
849,838
850,839
851,838
852,840
853,843
854,841
855,844
856,843
857,844
858,846
859,846
860,848
861,849
862,851
863,852
864,853
865,854
866,854
867,855
868,858
869,856
870,858
871,861
872,861
873,861
874,863
875,864
876,865
877,866
878,866
879,868
880,869
881,869
882,869
883,873
884,872
885,874
886,875
887,876
888,876
889,876
890,879
891,880
892,879
893,882
894,883
895,883
896,886
897,887
898,886
899,885
900,889
901,889
902,891
903,892
904,893
905,894
906,893
907,896
908,897
909,899
910,900
911,900
912,900
913,902
914,903
915,903
916,905
917,905
918,906
919,908
920,908
921,909
922,911
923,911
924,914
925,915
926,915
927,916
928,917
929,918
930,919
931,918
932,921
933,922
934,924
935,924
936,925
937,926
938,928
939,927
940,930
941,930
942,932
943,932
944,933
945,933
946,935
947,936
948,936
949,939
950,940
951,939
952,941
953,943
954,942
955,946
956,946
957,945
958,949
959,948
960,948
961,950
962,950
963,951
964,952
965,954
966,955
967,955
968,957
969,957
970,959
971,960
972,961
973,962
974,963
975,963
976,966
977,967
978,968
979,967
980,968
981,970
982,971
983,973
984,973
985,975
986,975
987,977
988,977
989,977
990,980
991,981
992,980
993,982
994,983
995,983
996,986
997,985
998,987
999,987
1000,991
1001,990
1002,991
1003,993
1004,994
1005,995
1006,996
1007,997
1008,997
1009,998
1010,999
1011,1001
1012,1003
1013,1003
1014,1005
1015,1004
1016,1006
1017,1006
1018,1008
1019,1009
1020,1011
1021,1010
1022,1011
1023,1012
1024,1014
1025,1016
1026,1017
1027,1020
1028,1017
1029,1018
1030,1020
1031,1021
1032,1022
1033,1023
1034,1023
1035,1025
1036,1025
1037,1028
1038,1028
1039,1029
1040,1030
1041,1030
1042,1032
1043,1032
1044,1034
1045,1033
1046,1037
1047,1038
1048,1036
1049,1039
1050,1040
1051,1041
1052,1040
1053,1042
1054,1045
1055,1044
1056,1046
1057,1046
1058,1048
1059,1050
1060,1050
1061,1051
1062,1053
1063,1053
1064,1052
1065,1056
1066,1056
1067,1055
1068,1058
1069,1059
1070,1059
1071,1059
1072,1063
1073,1062
1074,1061
1075,1063
1076,1066
1077,1067
1078,1068
1079,1068
1080,1070
1081,1070
1082,1072
1083,1073
1084,1074
1085,1075
1086,1077
1087,1078
1088,1078
1089,1078
1090,1082
1091,1080
1092,1081
1093,1084
1094,1085
1095,1085
1096,1087
1097,1087
1098,1089
1099,1090
1100,1091
1101,1091
1102,1092
1103,1093
1104,1093
1105,1095
1106,1095
1107,1097
1108,1097
1109,1100
1110,1099
1111,1102
1112,1102
1113,1102
1114,1105
1115,1104
1116,1107
1117,1105
1118,1107
1119,1110
1120,1109
1121,1112
1122,1112
1123,1112
1124,1113
1125,1115
1126,1116
1127,1116
1128,1119
1129,1119
1130,1118
1131,1119
1132,1122
1133,1122
1134,1123
1135,1125
1136,1126
1137,1127
1138,1127
1139,1132
1140,1130
1141,1130
1142,1132
1143,1132
1144,1133
1145,1134
1146,1136
1147,1136
1148,1137
1149,1139
1150,1140
1151,1140
1152,1142
1153,1144
1154,1143
1155,1145
1156,1145
1157,1146
1158,1148
1159,1149
1160,1150
1161,1150
1162,1150
1163,1153
1164,1154
1165,1154
1166,1156
1167,1158
1168,1157
1169,1158
1170,1160
1171,1161
1172,1162
1173,1163
1174,1163
1175,1165
1176,1166
1177,1165
1178,1167
1179,1168
1180,1170
1181,1170
1182,1172
1183,1173
1184,1172
1185,1176
1186,1176
1187,1175
1188,1177
1189,1179
1190,1176
1191,1181
1192,1182
1193,1185
1194,1185
1195,1185
1196,1186
1197,1187
1198,1188
1199,1188
1200,1189
1201,1191
1202,1191
1203,1192
1204,1192
1205,1193
1206,1196
1207,1197
1208,1197
1209,1198
1210,1200
1211,1198
1212,1201
1213,1203
1214,1202
1215,1204
1216,1205
1217,1207
1218,1205
1219,1208
1220,1210
1221,1210
1222,1212
1223,1212
1224,1211
1225,1215
1226,1216
1227,1216
1228,1217
1229,1218
1230,1219
1231,1219
1232,1221
1233,1222
1234,1222
1235,1225
1236,1227
1237,1225
1238,1229
1239,1229
1240,1229
1241,1230
1242,1231
1243,1229
1244,1233
1245,1236
1246,1235
1247,1237
1248,1238
1249,1238
1250,1242
1251,1239
1252,1241
1253,1242
1254,1243
1255,1245
1256,1245
1257,1247
1258,1248
1259,1248
1260,1250
1261,1251
1262,1252
1263,1257
1264,1255
1265,1256
1266,1257
1267,1255
1268,1259
1269,1258
1270,1261
1271,1260
1272,1263
1273,1263
1274,1264
1275,1265
1276,1267
1277,1267
1278,1268
1279,1269
1280,1273
1281,1271
1282,1272
1283,1274
1284,1273
1285,1276
1286,1276
1287,1276
1288,1278
1289,1278
1290,1280
1291,1281
1292,1283
1293,1286
1294,1284
1295,1285
1296,1287
1297,1287
1298,1288
1299,1289
1300,1290
1301,1291
1302,1293
1303,1293
1304,1294
1305,1295
1306,1295
1307,1297
1308,1297
1309,1299
1310,1299
1311,1302
1312,1301
1313,1303
1314,1304
1315,1305
1316,1306
1317,1306
1318,1308
1319,1309
1320,1309
1321,1310
1322,1312
1323,1313
1324,1313
1325,1313
1326,1317
1327,1317
1328,1317
1329,1317
1330,1319
1331,1321
1332,1322
1333,1324
1334,1325
1335,1326
1336,1325
1337,1326
1338,1328
1339,1330
1340,1330
1341,1329
1342,1332
1343,1333
1344,1334
1345,1335
1346,1336
1347,1336
1348,1338
1349,1339
1350,1339
1351,1341
1352,1343
1353,1343
1354,1344
1355,1344
1356,1346
1357,1345
1358,1349
1359,1348
1360,1351
1361,1352
1362,1351
1363,1352
1364,1354
1365,1356
1366,1356
1367,1360
1368,1357
1369,1358
1370,1360
1371,1360
1372,1362
1373,1363
1374,1363
1375,1364
1376,1365
1377,1367
1378,1367
1379,1369
1380,1369
1381,1371
1382,1371
1383,1372
1384,1376
1385,1375
1386,1376
1387,1376
1388,1376
1389,1379
1390,1382
1391,1381
1392,1382
1393,1383
1394,1384
1395,1386
1396,1386
1397,1388
1398,1388
1399,1389
1400,1389
1401,1391
1402,1392
1403,1393
1404,1393
1405,1393
1406,1395
1407,1397
1408,1397
1409,1402
1410,1400
1411,1400
1412,1404
1413,1403
1414,1405
1415,1405
1416,1405
1417,1407
1418,1407
1419,1409
1420,1412
1421,1413
1422,1413
1423,1411
1424,1414
1425,1415
1426,1420
1427,1417
1428,1416
1429,1417
1430,1419
1431,1421
1432,1422
1433,1423
1434,1422
1435,1425
1436,1425
1437,1427
1438,1426
1439,1430
1440,1430
1441,1431
1442,1431
1443,1433
1444,1433
1445,1436
1446,1435
1447,1439
1448,1436
1449,1438
1450,1440
1451,1441
1452,1441
1453,1442
1454,1444
1455,1444
1456,1447
1457,1448
1458,1447
1459,1450
1460,1450
1461,1450
1462,1452
1463,1452
1464,1455
1465,1454
1466,1455
1467,1457
1468,1457
1469,1457
1470,1460
1471,1460
1472,1461
1473,1463
1474,1464
1475,1465
1476,1465
1477,1471
1478,1465
1479,1468
1480,1470
1481,1471
1482,1471
1483,1472
1484,1473
1485,1475
1486,1475
1487,1477
1488,1477
1489,1478
1490,1479
1491,1482
1492,1481
1493,1481
1494,1486
1495,1485
1496,1486
1497,1485
1498,1487
1499,1485
1500,1489
1501,1489
1502,1491
1503,1492
1504,1494
1505,1494
1506,1495
1507,1497
1508,1497
1509,1499
1510,1500
1511,1500
1512,1502
1513,1502
1514,1502
1515,1503
1516,1506
1517,1506
1518,1506
1519,1508
1520,1508
1521,1509
1522,1511
1523,1513
1524,1513
1525,1515
1526,1516
1527,1516
1528,1516
1529,1518
1530,1521
1531,1522
1532,1522
1533,1521
1534,1524
1535,1523
1536,1526
1537,1526
1538,1528
1539,1528
1540,1529
1541,1529
1542,1531
1543,1532
1544,1533
1545,1534
1546,1535
1547,1537
1548,1537
1549,1539
1550,1539
1551,1541
1552,1541
1553,1543
1554,1544
1555,1544
1556,1545
1557,1546
1558,1547
1559,1548
1560,1549
1561,1552
1562,1552
1563,1551
1564,1553
1565,1554
1566,1555
1567,1557
1568,1557
1569,1559
1570,1559
1571,1559
1572,1561
1573,1560
1574,1563
1575,1567
1576,1566
1577,1567
1578,1567
1579,1569
1580,1569
1581,1571
1582,1573
1583,1573
1584,1573
1585,1574
1586,1575
1587,1576
1588,1578
1589,1576
1590,1579
1591,1580
1592,1582
1593,1582
1594,1582
1595,1582
1596,1585
1597,1587
1598,1586
1599,1588
1600,1588
1601,1590
1602,1592
1603,1592
1604,1594
1605,1594
1606,1595
1607,1596
1608,1599
1609,1598
1610,1599
1611,1601
1612,1602
1613,1601
1614,1603
1615,1604
1616,1604
1617,1604
1618,1606
1619,1607
1620,1610
1621,1609
1622,1611
1623,1612
1624,1612
1625,1614
1626,1618
1627,1616
1628,1617
1629,1618
1630,1618
1631,1620
1632,1620
1633,1623
1634,1623
1635,1622
1636,1624
1637,1626
1638,1627
1639,1626
1640,1629
1641,1630
1642,1631
1643,1632
1644,1634
1645,1633
1646,1633
1647,1635
1648,1637
1649,1637
1650,1635
1651,1639
1652,1641
1653,1640
1654,1641
1655,1644
1656,1646
1657,1646
1658,1647
1659,1648
1660,1648
1661,1648
1662,1649
1663,1650
1664,1652
1665,1653
1666,1655
1667,1655
1668,1657
1669,1657
1670,1659
1671,1658
1672,1661
1673,1660
1674,1664
1675,1662
1676,1665
1677,1665
1678,1666
1679,1668
1680,1668
1681,1670
1682,1670
1683,1672
1684,1672
1685,1674
1686,1675
1687,1676
1688,1677
1689,1676
1690,1678
1691,1679
1692,1681
1693,1682
1694,1681
1695,1684
1696,1687
1697,1688
1698,1687
1699,1687
1700,1688
1701,1689
1702,1690
1703,1691
1704,1693
1705,1693
1706,1696
1707,1697
1708,1696
1709,1700
1710,1700
1711,1699
1712,1700
1713,1701
1714,1702
1715,1705
1716,1704
1717,1706
1718,1707
1719,1707
1720,1710
1721,1711
1722,1709
1723,1712
1724,1713
1725,1713
1726,1714
1727,1716
1728,1717
1729,1717
1730,1718
1731,1721
1732,1719
1733,1721
1734,1723
1735,1722
1736,1725
1737,1726
1738,1728
1739,1727
1740,1729
1741,1731
1742,1731
1743,1733
1744,1732
1745,1734
1746,1734
1747,1736
1748,1739
1749,1738
1750,1740
1751,1739
1752,1741
1753,1742
1754,1743
1755,1744
1756,1743
1757,1744
1758,1747
1759,1746
1760,1748
1761,1749
1762,1751
1763,1753
1764,1753
1765,1753
1766,1756
1767,1757
1768,1757
1769,1759
1770,1759
1771,1760
1772,1759
1773,1763
1774,1764
1775,1764
1776,1766
1777,1767
1778,1769
1779,1768
1780,1770
1781,1771
1782,1771
1783,1771
1784,1773
1785,1775
1786,1775
1787,1776
1788,1776
1789,1776
1790,1778
1791,1780
1792,1781
1793,1782
1794,1783
1795,1784
1796,1785
1797,1786
1798,1787
1799,1787
1800,1788
1801,1791
1802,1791
1803,1793
1804,1793
1805,1794
1806,1796
1807,1795
1808,1797
1809,1798
1810,1798
1811,1801
1812,1801
1813,1803
1814,1804
1815,1804
1816,1805
1817,1806
1818,1805
1819,1808
1820,1808
1821,1812
1822,1810
1823,1813
1824,1813
1825,1813
1826,1814
1827,1816
1828,1816
1829,1819
1830,1820
1831,1820
1832,1821
1833,1822
1834,1823
1835,1822
1836,1825
1837,1823
1838,1826
1839,1828
1840,1830
1841,1829
1842,1831
1843,1832
1844,1835
1845,1834
1846,1835
1847,1835
1848,1837
1849,1838
1850,1839
1851,1840
1852,1842
1853,1842
1854,1843
1855,1844
1856,1844
1857,1845
1858,1846
1859,1848
1860,1849
1861,1850
1862,1849
1863,1853
1864,1853
1865,1854
1866,1856
1867,1857
1868,1857
1869,1856
1870,1860
1871,1860
1872,1862
1873,1862
1874,1863
1875,1864
1876,1865
1877,1867
1878,1867
1879,1868
1880,1867
1881,1870
1882,1871
1883,1873
1884,1873
1885,1874
1886,1873
1887,1876
1888,1876
1889,1878
1890,1878
1891,1880
1892,1881
1893,1882
1894,1883
1895,1884
1896,1884
1897,1885
1898,1887
1899,1889
1900,1889
1901,1890
1902,1891
1903,1892
1904,1893
1905,1894
1906,1896
1907,1896
1908,1896
1909,1897
1910,1900
1911,1901
1912,1901
1913,1902
1914,1902
1915,1905
1916,1905
1917,1905
1918,1907
1919,1909
1920,1908
1921,1909
1922,1910
1923,1912
1924,1914
1925,1914
1926,1914
1927,1917
1928,1917
1929,1918
1930,1919
1931,1920
1932,1920
1933,1922
1934,1924
1935,1925
1936,1924
1937,1926
1938,1927
1939,1927
1940,1927
1941,1929
1942,1931
1943,1930
1944,1934
1945,1933
1946,1935
1947,1937
1948,1936
1949,1937
1950,1938
1951,1940
1952,1940
1953,1943
1954,1943
1955,1945
1956,1945
1957,1947
1958,1946
1959,1946
1960,1950
1961,1948
1962,1950
1963,1952
1964,1952
1965,1953
1966,1954
1967,1956
1968,1957
1969,1959
1970,1959
1971,1960
1972,1960
1973,1962
1974,1965
1975,1963
1976,1965
1977,1966
1978,1966
1979,1969
1980,1969
1981,1970
1982,1971
1983,1971
1984,1972
1985,1973
1986,1975
1987,1975
1988,1974
1989,1979
1990,1980
1991,1979
1992,1980
1993,1982
1994,1982
1995,1983
1996,1987
1997,1984
1998,1987
1999,1987
2000,1989
2001,1991
2002,1991
2003,1992
2004,1994
2005,1992
2006,1994
2007,1995
2008,1995
2009,1997
2010,2002
2011,2001
2012,2002
2013,2002
2014,2003
2015,2006
2016,2005
2017,2009
2018,2007
2019,2010
2020,2009
2021,2010
2022,2014
2023,2012
2024,2014
2025,2018
2026,2016
2027,2015
2028,2018
2029,2018
2030,2020
2031,2020
2032,2022
2033,2022
2034,2022
2035,2026
2036,2024
2037,2027
2038,2028
2039,2030
2040,2030
2041,2031
2042,2031
2043,2035
2044,2034
2045,2036
2046,2036
2047,2037
2048,2036
2049,2038
2050,2040
2051,2041
2052,2042
2053,2044
2054,2044
2055,2045
2056,2045
2057,2047
2058,2048
2059,2050
2060,2051
2061,2051
2062,2052
2063,2054
2064,2054
2065,2055
2066,2055
2067,2058
2068,2058
2069,2058
2070,2060
2071,2061
2072,2065
2073,2063
2074,2064
2075,2065
2076,2066
2077,2067
2078,2067
2079,2070
2080,2071
2081,2069
2082,2072
2083,2073
2084,2074
2085,2074
2086,2076
2087,2076
2088,2076
2089,2079
2090,2081
2091,2081
2092,2082
2093,2083
2094,2084
2095,2085
2096,2086
2097,2087
2098,2087
2099,2089
2100,2090
2101,2091
2102,2092
2103,2094
2104,2094
2105,2095
2106,2094
2107,2098
2108,2096
2109,2099
2110,2100
2111,2101
2112,2101
2113,2103
2114,2104
2115,2106
2116,2106
2117,2108
2118,2106
2119,2109
2120,2107
2121,2110
2122,2111
2123,2112
2124,2115
2125,2113
2126,2115
2127,2120
2128,2117
2129,2119
2130,2119
2131,2120
2132,2121
2133,2123
2134,2123
2135,2125
2136,2125
2137,2125
2138,2128
2139,2129
2140,2128
2141,2130
2142,2132
2143,2133
2144,2135
2145,2134
2146,2135
2147,2137
2148,2135
2149,2140
2150,2139
2151,2141
2152,2141
2153,2143
2154,2144
2155,2145
2156,2144
2157,2146
2158,2148
2159,2148
2160,2149
2161,2152
2162,2151
2163,2152
2164,2153
2165,2155
2166,2156
2167,2157
2168,2155
2169,2160
2170,2159
2171,2161
2172,2162
2173,2162
2174,2164
2175,2165
2176,2166
2177,2167
2178,2168
2179,2168
2180,2169
2181,2171
2182,2170
2183,2173
2184,2174
2185,2173
2186,2179
2187,2175
2188,2177
2189,2178
2190,2179
2191,2180
2192,2181
2193,2183
2194,2185
2195,2184
2196,2185
2197,2186
2198,2186
2199,2190
2200,2189
2201,2191
2202,2192
2203,2193
2204,2194
2205,2194
2206,2195
2207,2197
2208,2197
2209,2198
2210,2200
2211,2198
2212,2201
2213,2202
2214,2203
2215,2204
2216,2206
2217,2206
2218,2207
2219,2207
2220,2208
2221,2211
2222,2211
2223,2213
2224,2213
2225,2214
2226,2217
2227,2216
2228,2218
2229,2220
2230,2220
2231,2219
2232,2221
2233,2221
2234,2224
2235,2223
2236,2223
2237,2227
2238,2226
2239,2228
2240,2229
2241,2230
2242,2227
2243,2233
2244,2235
2245,2233
2246,2236
2247,2235
2248,2237
2249,2239
2250,2239
2251,2241
2252,2242
2253,2244
2254,2243
2255,2244
2256,2245
2257,2245
2258,2248
2259,2248
2260,2250
2261,2252
2262,2252
2263,2253
2264,2252
2265,2256
2266,2255
2267,2256
2268,2256
2269,2260
2270,2261
2271,2260
2272,2263
2273,2263
2274,2263
2275,2264
2276,2265
2277,2267
2278,2269
2279,2268
2280,2270
2281,2270
2282,2273
2283,2273
2284,2273
2285,2276
2286,2276
2287,2275
2288,2278
2289,2278
2290,2279
2291,2281
2292,2282
2293,2281
2294,2283
2295,2285
2296,2285
2297,2286
2298,2288
2299,2288
2300,2291
2301,2290
2302,2291
2303,2293
2304,2294
2305,2294
2306,2296
2307,2297
2308,2297
2309,2299
2310,2298
2311,2301
2312,2301
2313,2303
2314,2304
2315,2306
2316,2305
2317,2308
2318,2308
2319,2307
2320,2311
2321,2310
2322,2313
2323,2313
2324,2312
2325,2315
2326,2316
2327,2316
2328,2319
2329,2319
2330,2320
2331,2321
2332,2321
2333,2323
2334,2324
2335,2326
2336,2325
2337,2328
2338,2327
2339,2328
2340,2330
2341,2331
2342,2330
2343,2333
2344,2335
2345,2335
2346,2336
2347,2336
2348,2337
2349,2338
2350,2340
2351,2341
2352,2342
2353,2342
2354,2344
2355,2345
2356,2345
2357,2346
2358,2349
2359,2349
2360,2351
2361,2351
2362,2351
2363,2352
2364,2354
2365,2355
2366,2356
2367,2356
2368,2356
2369,2358
2370,2360
2371,2360
2372,2360
2373,2362
2374,2364
2375,2366
2376,2364
2377,2368
2378,2367
2379,2369
2380,2370
2381,2371
2382,2372
2383,2373
2384,2374
2385,2375
2386,2374
2387,2377
2388,2377
2389,2378
2390,2379
2391,2380
2392,2381
2393,2382
2394,2386
2395,2385
2396,2386
2397,2387
2398,2389
2399,2389
2400,2388
2401,2391
2402,2391
2403,2392
2404,2393
2405,2395
2406,2395
2407,2396
2408,2398
2409,2398
2410,2399
2411,2400
2412,2401
2413,2403
2414,2403
2415,2403
2416,2405
2417,2408
2418,2409
2419,2407
2420,2408
2421,2410
2422,2412
2423,2410
2424,2414
2425,2414
2426,2414
2427,2417
2428,2417
2429,2419
2430,2418
2431,2421
2432,2422
2433,2423
2434,2424
2435,2424
2436,2425
2437,2426
2438,2428
2439,2429
2440,2429
2441,2431
2442,2432
2443,2432
2444,2434
2445,2435
2446,2436
2447,2438
2448,2437
2449,2438
2450,2442
2451,2440
2452,2441
2453,2441
2454,2445
2455,2443
2456,2446
2457,2448
2458,2447
2459,2448
2460,2450
2461,2448
2462,2452
2463,2451
2464,2454
2465,2455
2466,2454
2467,2455
2468,2457
2469,2459
2470,2459
2471,2459
2472,2461
2473,2462
2474,2464
2475,2464
2476,2465
2477,2469
2478,2467
2479,2468
2480,2470
2481,2470
2482,2469
2483,2471
2484,2473
2485,2475
2486,2476
2487,2477
2488,2476
2489,2477
2490,2479
2491,2479
2492,2480
2493,2483
2494,2482
2495,2484
2496,2485
2497,2485
2498,2487
2499,2489
2500,2489
2501,2489
2502,2493
2503,2492
2504,2493
2505,2493
2506,2493
2507,2497
2508,2494
2509,2497
2510,2498
2511,2500
2512,2498
2513,2502
2514,2505
2515,2505
2516,2506
2517,2507
2518,2507
2519,2509
2520,2510
2521,2510
2522,2514
2523,2514
2524,2515
2525,2514
2526,2515
2527,2518
2528,2518
2529,2518
2530,2519
2531,2517
2532,2522
2533,2524
2534,2524
2535,2525
2536,2527
2537,2526
2538,2525
2539,2529
2540,2529
2541,2531
2542,2532
2543,2534
2544,2535
2545,2534
2546,2536
2547,2538
2548,2536
2549,2538
2550,2541
2551,2539
2552,2541
2553,2542
2554,2545
2555,2544
2556,2544
2557,2546
2558,2548
2559,2548
2560,2549
2561,2551
2562,2552
2563,2552
2564,2553
2565,2554
2566,2556
2567,2554
2568,2557
2569,2557
2570,2559
2571,2561
2572,2562
2573,2563
2574,2563
2575,2564
2576,2566
2577,2565
2578,2567
2579,2569
2580,2568
2581,2571
2582,2570
2583,2573
2584,2574
2585,2573
2586,2575
2587,2576
2588,2579
2589,2578
2590,2580
2591,2581
2592,2580
2593,2582
2594,2583
2595,2584
2596,2586
2597,2585
2598,2587
2599,2587
2600,2590
2601,2591
2602,2592
2603,2593
2604,2594
2605,2596
2606,2596
2607,2596
2608,2598
2609,2599
2610,2599
2611,2600
2612,2601
2613,2603
2614,2604
2615,2605
2616,2607
2617,2605
2618,2607
2619,2608
2620,2610
2621,2611
2622,2613
2623,2614
2624,2614
2625,2615
2626,2615
2627,2618
2628,2618
2629,2618
2630,2621
2631,2621
2632,2621
2633,2621
2634,2624
2635,2624
2636,2626
2637,2626
2638,2629
2639,2630
2640,2629
2641,2631
2642,2631
2643,2632
2644,2633
2645,2633
2646,2635
2647,2636
2648,2636
2649,2642
2650,2640
2651,2640
2652,2641
2653,2642
2654,2643
2655,2645
2656,2644
2657,2647
2658,2648
2659,2648
2660,2652
2661,2650
2662,2651
2663,2652
2664,2654
2665,2653
2666,2655
2667,2657
2668,2657
2669,2658
2670,2660
2671,2661
2672,2661
2673,2663
2674,2662
2675,2663
2676,2666
2677,2666
2678,2666
2679,2669
2680,2671
2681,2670
2682,2671
2683,2673
2684,2673
2685,2675
2686,2676
2687,2675
2688,2677
2689,2676
2690,2677
2691,2678
2692,2681
2693,2682
2694,2683
2695,2684
2696,2685
2697,2687
2698,2686
2699,2687
2700,2689
2701,2691
2702,2690
2703,2691
2704,2695
2705,2693
2706,2695
2707,2696
2708,2697
2709,2699
2710,2698
2711,2700
2712,2699
2713,2701
2714,2705
2715,2704
2716,2704
2717,2705
2718,2707
2719,2709
2720,2709
2721,2711
2722,2711
2723,2711
2724,2712
2725,2714
2726,2714
2727,2716
2728,2718
2729,2719
2730,2720
2731,2720
2732,2721
2733,2722
2734,2723
2735,2722
2736,2726
2737,2727
2738,2727
2739,2728
2740,2729
2741,2729
2742,2732
2743,2731
2744,2733
2745,2734
2746,2733
2747,2736
2748,2735
2749,2737
2750,2739
2751,2738
2752,2737
2753,2741
2754,2743
2755,2743
2756,2746
2757,2747
2758,2748
2759,2749
2760,2749
2761,2752
2762,2751
2763,2753
2764,2753
2765,2754
2766,2756
2767,2757
2768,2758
2769,2761
2770,2758
2771,2761
2772,2761
2773,2762
2774,2763
2775,2763
2776,2767
2777,2768
2778,2766
2779,2768
2780,2770
2781,2770
2782,2772
2783,2770
2784,2772
2785,2775
2786,2777
2787,2776
2788,2777
2789,2778
2790,2780
2791,2781
2792,2780
2793,2780
2794,2784
2795,2783
2796,2785
2797,2787
2798,2788
2799,2788
2800,2789
2801,2789
2802,2790
2803,2791
2804,2793
2805,2795
2806,2795
2807,2797
2808,2799
2809,2798
2810,2798
2811,2801
2812,2801
2813,2802
2814,2804
2815,2805
2816,2804
2817,2807
2818,2808
2819,2808
2820,2809
2821,2810
2822,2811
2823,2810
2824,2813
2825,2813
2826,2815
2827,2816
2828,2818
2829,2817
2830,2820
2831,2821
2832,2821
2833,2821
2834,2824
2835,2823
2836,2826
2837,2826
2838,2827
2839,2826
2840,2829
2841,2829
2842,2831
2843,2832
2844,2834
2845,2834
2846,2836
2847,2836
2848,2837
2849,2838
2850,2840
2851,2841
2852,2840
2853,2843
2854,2844
2855,2843
2856,2845
2857,2845
2858,2847
2859,2848
2860,2849
2861,2851
2862,2852
2863,2853
2864,2853
2865,2855
2866,2855
2867,2857
2868,2858
2869,2859
2870,2858
2871,2861
2872,2861
2873,2865
2874,2863
2875,2862
2876,2865
2877,2867
2878,2866
2879,2871
2880,2869
2881,2868
2882,2870
2883,2872
2884,2871
2885,2874
2886,2873
2887,2875
2888,2876
2889,2878
2890,2879
2891,2878
2892,2880
2893,2881
2894,2883
2895,2883
2896,2886
2897,2885
2898,2888
2899,2888
2900,2889
2901,2892
2902,2892
2903,2893
2904,2892
2905,2894
2906,2895
2907,2896
2908,2896
2909,2902
2910,2899
2911,2899
2912,2900
2913,2903
2914,2905
2915,2904
2916,2903
2917,2905
2918,2906
2919,2909
2920,2908
2921,2909
2922,2910
2923,2911
2924,2914
2925,2914
2926,2916
2927,2914
2928,2917
2929,2918
2930,2918
2931,2919
2932,2921
2933,2922
2934,2922
2935,2924
2936,2924
2937,2925
2938,2926
2939,2928
2940,2929
2941,2931
2942,2931
2943,2931
2944,2932
2945,2933
2946,2935
2947,2932
2948,2936
2949,2937
2950,2937
2951,2939
2952,2939
2953,2940
2954,2941
2955,2944
2956,2945
2957,2946
2958,2948
2959,2948
2960,2951
2961,2950
2962,2952
2963,2951
2964,2953
2965,2953
2966,2954
2967,2955
2968,2955
2969,2959
2970,2959
2971,2960
2972,2961
2973,2962
2974,2962
2975,2965
2976,2965
2977,2968
2978,2967
2979,2968
2980,2971
2981,2970
2982,2971
2983,2972
2984,2972
2985,2973
2986,2975
2987,2975
2988,2977
2989,2977
2990,2980
2991,2979
2992,2980
2993,2982
2994,2983
2995,2983
2996,2984
2997,2986
2998,2987
2999,2988
3000,2988
3001,2989
3002,2989
3003,2993
3004,2992
3005,2992
3006,2995
3007,2996
3008,2994
3009,2998
3010,2999
3011,3001
3012,3001
3013,3002
3014,3003
3015,3004
3016,3005
3017,3006
3018,3007
3019,3008
3020,3010
3021,3012
3022,3012
3023,3011
3024,3011
3025,3013
3026,3015
3027,3017
3028,3015
3029,3019
3030,3020
3031,3019
3032,3022
3033,3022
3034,3023
3035,3024
3036,3024
3037,3027
3038,3027
3039,3028
3040,3028
3041,3030
3042,3030
3043,3031
3044,3032
3045,3035
3046,3036
3047,3035
3048,3036
3049,3038
3050,3040
3051,3040
3052,3040
3053,3042
3054,3043
3055,3045
3056,3046
3057,3047
3058,3048
3059,3048
3060,3049
3061,3050
3062,3051
3063,3054
3064,3053
3065,3053
3066,3055
3067,3056
3068,3059
3069,3059
3070,3060
3071,3060
3072,3061
3073,3062
3074,3063
3075,3064
3076,3066
3077,3066
3078,3067
3079,3068
3080,3069
3081,3069
3082,3071
3083,3073
3084,3073
3085,3075
3086,3076
3087,3076
3088,3077
3089,3079
3090,3081
3091,3078
3092,3081
3093,3082
3094,3083
3095,3086
3096,3085
3097,3085
3098,3087
3099,3087
3100,3090
3101,3091
3102,3090
3103,3091
3104,3092
3105,3094
3106,3094
3107,3095
3108,3098
3109,3097
3110,3099
3111,3099
3112,3103
3113,3101
3114,3101
3115,3104
3116,3105
3117,3107
3118,3108
3119,3109
3120,3108
3121,3109
3122,3110
3123,3114
3124,3113
3125,3115
3126,3114
3127,3115
3128,3117
3129,3117
3130,3119
3131,3119
3132,3122
3133,3119
3134,3123
3135,3125
3136,3124
3137,3125
3138,3125
3139,3127
3140,3128
3141,3133
3142,3132
3143,3131
3144,3134
3145,3133
3146,3135
3147,3134
3148,3133
3149,3139
3150,3138
3151,3139
3152,3140
3153,3141
3154,3142
3155,3143
3156,3145
3157,3145
3158,3147
3159,3147
3160,3148
3161,3149
3162,3150
3163,3155
3164,3152
3165,3153
3166,3155
3167,3155
3168,3157
3169,3157
3170,3159
3171,3158
3172,3162
3173,3162
3174,3162
3175,3163
3176,3164
3177,3166
3178,3167
3179,3167
3180,3168
3181,3171
3182,3170
3183,3170
3184,3173
3185,3173
3186,3174
3187,3175
3188,3177
3189,3177
3190,3179
3191,3179
3192,3181
3193,3182
3194,3181
3195,3184
3196,3183
3197,3186
3198,3187
3199,3188
3200,3189
3201,3188
3202,3192
3203,3192
3204,3193
3205,3193
3206,3193
3207,3194
3208,3195
3209,3200
3210,3200
3211,3199
3212,3199
3213,3200
3214,3202
3215,3205
3216,3205
3217,3205
3218,3206
3219,3208
3220,3209
3221,3210
3222,3209
3223,3211
3224,3211
3225,3212
3226,3216
3227,3215
3228,3215
3229,3217
3230,3219
3231,3218
3232,3221
3233,3223
3234,3221
3235,3222
3236,3225
3237,3224
3238,3228
3239,3225
3240,3229
3241,3228
3242,3230
3243,3232
3244,3233
3245,3231
3246,3235
3247,3234
3248,3235
3249,3237
3250,3238
3251,3239
3252,3239
3253,3242
3254,3242
3255,3243
3256,3243
3257,3245
3258,3246
3259,3248
3260,3248
3261,3247
3262,3251
3263,3251
3264,3252
3265,3254
3266,3254
3267,3255
3268,3255
3269,3258
3270,3259
3271,3260
3272,3263
3273,3262
3274,3262
3275,3266
3276,3264
3277,3264
3278,3267
3279,3267
3280,3269
3281,3271
3282,3269
3283,3271
3284,3272
3285,3274
3286,3275
3287,3276
3288,3275
3289,3277
3290,3280
3291,3282
3292,3281
3293,3281
3294,3282
3295,3284
3296,3284
3297,3285
3298,3287
3299,3288
3300,3286
3301,3291
3302,3290
3303,3292
3304,3293
3305,3294
3306,3294
3307,3295
3308,3296
3309,3297
3310,3300
3311,3298
3312,3302
3313,3302
3314,3302
3315,3303
3316,3305
3317,3306
3318,3306
3319,3308
3320,3308
3321,3310
3322,3311
3323,3312
3324,3313
3325,3314
3326,3314
3327,3315
3328,3316
3329,3317
3330,3319
3331,3320
3332,3321
3333,3322
3334,3323
3335,3321
3336,3325
3337,3326
3338,3326
3339,3327
3340,3327
3341,3330
3342,3331
3343,3332
3344,3332
3345,3334
3346,3334
3347,3334
3348,3336
3349,3340
3350,3338
3351,3339
3352,3341
3353,3341
3354,3342
3355,3343
3356,3345
3357,3346
3358,3347
3359,3348
3360,3349
3361,3349
3362,3350
3363,3354
3364,3352
3365,3354
3366,3352
3367,3356
3368,3356
3369,3360
3370,3358
3371,3359
3372,3361
3373,3359
3374,3362
3375,3363
3376,3365
3377,3365
3378,3366
3379,3366
3380,3369
3381,3369
3382,3370
3383,3373
3384,3373
3385,3374
3386,3375
3387,3375
3388,3376
3389,3377
3390,3379
3391,3379
3392,3380
3393,3382
3394,3382
3395,3381
3396,3383
3397,3385
3398,3386
3399,3386
3400,3388
3401,3389
3402,3390
3403,3393
3404,3391
3405,3392
3406,3395
3407,3395
3408,3396
3409,3396
3410,3398
3411,3399
3412,3398
3413,3400
3414,3402
3415,3404
3416,3404
3417,3406
3418,3406
3419,3406
3420,3409
3421,3410
3422,3410
3423,3411
3424,3412
3425,3413
3426,3413
3427,3415
3428,3417
3429,3417
3430,3420
3431,3418
3432,3420
3433,3421
3434,3420
3435,3423
3436,3424
3437,3426
3438,3426
3439,3427
3440,3428
3441,3429
3442,3432
3443,3430
3444,3432
3445,3433
3446,3433
3447,3435
3448,3436
3449,3437
3450,3438
3451,3438
3452,3441
3453,3440
3454,3442
3455,3443
3456,3442
3457,3444
3458,3445
3459,3447
3460,3447
3461,3446
3462,3452
3463,3451
3464,3452
3465,3452
3466,3452
3467,3455
3468,3457
3469,3457
3470,3458
3471,3457
3472,3461
3473,3462
3474,3462
3475,3462
3476,3461
3477,3464
3478,3462
3479,3468
3480,3470
3481,3467
3482,3470
3483,3471
3484,3472
3485,3472
3486,3475
3487,3475
3488,3475
3489,3475
3490,3476
3491,3479
3492,3480
3493,3482
3494,3480
3495,3481
3496,3483
3497,3485
3498,3485
3499,3486
3500,3488
3501,3491
3502,3491
3503,3489
3504,3491
3505,3493
3506,3495
3507,3495
3508,3496
3509,3494
3510,3497
3511,3499
3512,3499
3513,3501
3514,3506
3515,3501
3516,3504
3517,3504
3518,3507
3519,3507
3520,3509
3521,3509
3522,3510
3523,3510
3524,3512
3525,3513
3526,3514
3527,3517
3528,3517
3529,3518
3530,3519
3531,3519
3532,3519
3533,3523
3534,3523
3535,3522
3536,3523
3537,3525
3538,3527
3539,3526
3540,3528
3541,3531
3542,3529
3543,3531
3544,3531
3545,3533
3546,3534
3547,3534
3548,3537
3549,3536
3550,3539
3551,3538
3552,3539
3553,3541
3554,3540
3555,3543
3556,3545
3557,3545
3558,3546
3559,3546
3560,3551
3561,3549
3562,3549
3563,3550
3564,3552
3565,3554
3566,3555
3567,3555
3568,3554
3569,3557
3570,3559
3571,3559
3572,3558
3573,3560
3574,3563
3575,3563
3576,3564
3577,3565
3578,3567
3579,3567
3580,3568
3581,3567
3582,3568
3583,3571
3584,3573
3585,3573
3586,3572
3587,3574
3588,3577
3589,3577
3590,3576
3591,3579
3592,3581
3593,3582
3594,3581
3595,3584
3596,3584
3597,3584
3598,3585
3599,3587
3600,3587
3601,3587
3602,3590
3603,3591
3604,3591
3605,3593
3606,3593
3607,3597
3608,3595
3609,3598
3610,3597
3611,3599
3612,3601
3613,3601
3614,3601
3615,3600
3616,3603
3617,3603
3618,3605
3619,3606
3620,3607
3621,3609
3622,3610
3623,3610
3624,3614
3625,3611
3626,3614
3627,3613
3628,3615
3629,3617
3630,3617
3631,3619
3632,3621
3633,3620
3634,3620
3635,3623
3636,3623
3637,3626
3638,3626
3639,3628
3640,3629
3641,3627
3642,3630
3643,3629
3644,3631
3645,3633
3646,3633
3647,3635
3648,3635
3649,3637
3650,3637
3651,3638
3652,3640
3653,3642
3654,3643
3655,3643
3656,3644
3657,3645
3658,3647
3659,3648
3660,3647
3661,3649
3662,3650
3663,3649
3664,3652
3665,3653
3666,3653
3667,3655
3668,3652
3669,3656
3670,3657
3671,3659
3672,3658
3673,3660
3674,3661
3675,3664
3676,3662
3677,3664
3678,3665
3679,3666
3680,3667
3681,3667
3682,3670
3683,3671
3684,3672
3685,3672
3686,3674
3687,3674
3688,3674
3689,3677
3690,3678
3691,3677
3692,3678
3693,3681
3694,3683
3695,3683
3696,3684
3697,3685
3698,3685
3699,3686
3700,3688
3701,3688
3702,3687
3703,3689
3704,3693
3705,3693
3706,3693
3707,3696
3708,3695
3709,3696
3710,3696
3711,3698
3712,3700
3713,3701
3714,3702
3715,3701
3716,3701
3717,3704
3718,3706
3719,3705
3720,3707
3721,3708
3722,3709
3723,3711
3724,3711
3725,3712
3726,3713
3727,3712
3728,3714
3729,3715
3730,3717
3731,3719
3732,3718
3733,3718
3734,3721
3735,3723
3736,3723
3737,3722
3738,3725
3739,3726
3740,3728
3741,3728
3742,3728
3743,3731
3744,3732
3745,3730
3746,3737
3747,3733
3748,3735
3749,3735
3750,3738
3751,3736
3752,3737
3753,3739
3754,3742
3755,3742
3756,3743
3757,3744
3758,3746
3759,3745
3760,3747
3761,3750
3762,3747
3763,3748
3764,3751
3765,3751
3766,3753
3767,3754
3768,3753
3769,3756
3770,3758
3771,3756
3772,3758
3773,3762
3774,3762
3775,3761
3776,3761
3777,3764
3778,3765
3779,3763
3780,3768
3781,3767
3782,3768
3783,3769
3784,3770
3785,3771
3786,3772
3787,3773
3788,3776
3789,3775
3790,3776
3791,3777
3792,3778
3793,3781
3794,3780
3795,3781
3796,3782
3797,3783
3798,3784
3799,3786
3800,3785
3801,3790
3802,3788
3803,3788
3804,3793
3805,3792
3806,3793
3807,3793
3808,3795
3809,3797
3810,3797
3811,3798
3812,3800
3813,3800
3814,3801
3815,3801
3816,3802
3817,3804
3818,3804
3819,3805
3820,3806
3821,3805
3822,3809
3823,3809
3824,3811
3825,3812
3826,3811
3827,3813
3828,3814
3829,3815
3830,3816
3831,3817
3832,3817
3833,3820
3834,3820
3835,3820
3836,3822
3837,3823
3838,3824
3839,3826
3840,3827
3841,3827
3842,3828
3843,3827
3844,3831
3845,3831
3846,3832
3847,3833
3848,3834
3849,3835
3850,3837
3851,3837
3852,3839
3853,3839
3854,3841
3855,3843
3856,3842
3857,3843
3858,3846
3859,3844
3860,3845
3861,3846
3862,3848
3863,3848
3864,3847
3865,3850
3866,3852
3867,3853
3868,3855
3869,3856
3870,3857
3871,3856
3872,3859
3873,3859
3874,3861
3875,3863
3876,3861
3877,3862
3878,3865
3879,3863
3880,3865
3881,3868
3882,3867
3883,3870
3884,3871
3885,3872
3886,3871
3887,3874
3888,3873
3889,3875
3890,3876
3891,3877
3892,3880
3893,3881
3894,3880
3895,3880
3896,3882
3897,3883
3898,3885
3899,3886
3900,3886
3901,3886
3902,3888
3903,3890
3904,3889
3905,3890
3906,3891
3907,3890
3908,3894
3909,3895
3910,3896
3911,3897
3912,3898
3913,3900
3914,3901
3915,3901
3916,3903
3917,3904
3918,3903
3919,3905
3920,3906
3921,3908
3922,3910
3923,3908
3924,3908
3925,3911
3926,3912
3927,3913
3928,3914
3929,3915
3930,3915
3931,3918
3932,3917
3933,3918
3934,3920
3935,3922
3936,3923
3937,3921
3938,3924
3939,3924
3940,3927
3941,3928
3942,3930
3943,3930
3944,3930
3945,3933
3946,3932
3947,3934
3948,3935
3949,3935
3950,3935
3951,3938
3952,3938
3953,3938
3954,3940
3955,3942
3956,3942
3957,3942
3958,3944
3959,3944
3960,3945
3961,3945
3962,3948
3963,3947
3964,3950
3965,3951
3966,3951
3967,3953
3968,3953
3969,3955
3970,3955
3971,3957
3972,3958
3973,3958
3974,3960
3975,3960
3976,3962
3977,3964
3978,3963
3979,3964
3980,3967
3981,3966
3982,3968
3983,3969
3984,3969
3985,3970
3986,3971
3987,3972
3988,3973
3989,3975
3990,3975
3991,3975
3992,3978
3993,3978
3994,3981
3995,3981
3996,3983
3997,3984
3998,3984
3999,3981
4000,3985
4001,3987
4002,3986
4003,3988
4004,3990
4005,3991
4006,3992
4007,3993
4008,3994
4009,3996
4010,3997
4011,3998
4012,3998
4013,4000
4014,4000
4015,4004
4016,4002
4017,4004
4018,4009
4019,4006
4020,4008
4021,4007
4022,4008
4023,4009
4024,4010
4025,4011
4026,4013
4027,4012
4028,4015
4029,4014
4030,4017
4031,4017
4032,4019
4033,4020
4034,4021
4035,4022
4036,4021
4037,4022
4038,4025
4039,4025
4040,4027
4041,4028
4042,4029
4043,4029
4044,4031
4045,4031
4046,4033
4047,4033
4048,4036
4049,4036
4050,4036
4051,4037
4052,4038
4053,4040
4054,4040
4055,4043
4056,4043
4057,4042
4058,4044
4059,4045
4060,4045
4061,4047
4062,4048
4063,4050
4064,4052
4065,4052
4066,4052
4067,4054
4068,4055
4069,4055
4070,4058
4071,4059
4072,4062
4073,4060
4074,4062
4075,4062
4076,4061
4077,4063
4078,4066
4079,4064
4080,4067
4081,4069
4082,4068
4083,4072
4084,4069
4085,4070
4086,4074
4087,4076
4088,4071
4089,4072
4090,4072
4091,4078
4092,4075
4093,4075
4094,4079
4095,4074
