0,1
1,1
2,1
3,1
4,1
5,1
6,1
7,1
8,1
9,1
10,1
11,1
12,1
13,3
14,3
15,3
16,4
17,5
18,7
19,7
20,9
21,8
22,12
23,12
24,9
25,14
26,13
27,15
28,14
29,17
30,18
31,20
32,20
33,23
34,23
35,24
36,24
37,25
38,28
39,30
40,30
41,30
42,28
43,34
44,34
45,34
46,36
47,35
48,36
49,37
50,39
51,41
52,41
53,41
54,44
55,43
56,45
57,46
58,47
59,47
60,47
61,50
62,52
63,55
64,53
65,53
66,54
67,54
68,57
69,57
70,58
71,61
72,60
73,62
74,62
75,63
76,67
77,65
78,67
79,68
80,69
81,69
82,70
83,71
84,73
85,73
86,74
87,73
88,75
89,78
90,77
91,81
92,81
93,81
94,83
95,83
96,85
97,85
98,86
99,87
100,86
101,88
102,90
103,91
104,91
105,92
106,94
107,95
108,96
109,98
110,100
111,99
112,99
113,101
114,101
115,104
116,105
117,106
118,106
119,108
120,108
121,109
122,109
123,111
124,112
125,111
126,114
127,116
128,117
129,117
130,118
131,120
132,119
133,121
134,123
135,123
136,125
137,125
138,125
139,127
140,127
141,130
142,131
143,132
144,132
145,134
146,134
147,134
148,136
149,139
150,138
151,140
152,140
153,141
154,142
155,142
156,144
157,144
158,146
159,147
160,148
161,149
162,150
163,150
164,151
165,153
166,155
167,155
168,157
169,157
170,157
171,158
172,159
173,162
174,163
175,163
176,165
177,165
178,165
179,167
180,168
181,170
182,171
183,170
184,172
185,174
186,173
187,173
188,176
189,177
190,178
191,177
192,180
193,182
194,182
195,182
196,184
197,185
198,186
199,187
200,188
201,189
202,189
203,192
204,192
205,193
206,195
207,195
208,196
209,196
210,197
211,200
212,200
213,201
214,202
215,203
216,204
217,205
218,204
219,206
220,208
221,209
222,209
223,211
224,212
225,212
226,214
227,214
228,215
229,218
230,218
231,218
232,219
233,220
234,222
235,223
236,222
237,225
238,227
239,227
240,229
241,228
242,230
243,232
244,232
245,234
246,234
247,235
248,235
249,238
250,238
251,238
252,240
253,241
254,244
255,243
256,242
257,246
258,247
259,247
260,247
261,249
262,254
263,253
264,253
265,254
266,255
267,257
268,258
269,257
270,259
271,259
272,262
273,262
274,266
275,265
276,266
277,267
278,266
279,268
280,269
281,271
282,271
283,270
284,272
285,276
286,275
287,275
288,277
289,278
290,280
291,279
292,280
293,281
294,283
295,282
296,284
297,286
298,286
299,287
300,288
301,291
302,291
303,291
304,293
305,294
306,295
307,296
308,298
309,298
310,299
311,299
312,300
313,302
314,304
315,303
316,305
317,305
318,308
319,307
320,311
321,309
322,312
323,312
324,312
325,314
326,313
327,317
328,317
329,318
330,318
331,321
332,321
333,320
334,324
335,323
336,324
337,327
338,327
339,327
340,329
341,331
342,331
343,334
344,331
345,333
346,334
347,335
348,337
349,337
350,340
351,340
352,340
353,341
354,342
355,341
356,344
357,346
358,346
359,347
360,348
361,350
362,350
363,351
364,352
365,355
366,355
367,355
368,356
369,360
370,359
371,359
372,361
373,364
374,363
375,364
376,364
377,366
378,366
379,367
380,371
381,368
382,370
383,372
384,373
385,373
386,374
387,376
388,376
389,376
390,379
391,380
392,381
393,383
394,384
395,383
396,385
397,386
398,388
399,389
400,389
401,391
402,391
403,392
404,392
405,393
406,396
407,397
408,396
409,398
410,399
411,402
412,401
413,403
414,403
415,405
416,406
417,406
418,404
419,409
420,409
421,410
422,411
423,413
424,413
425,413
426,415
427,417
428,417
429,418
430,418
431,420
432,420
433,421
434,422
435,423
436,425
437,424
438,425
439,428
440,428
441,431
442,431
443,431
444,433
445,434
446,434
447,436
448,437
449,438
450,438
451,440
452,441
453,442
454,442
455,445
456,445
457,445
458,446
459,448
460,448
461,449
462,450
463,449
464,452
465,453
466,455
467,455
468,457
469,458
470,459
471,461
472,459
473,462
474,463
475,464
476,464
477,465
478,468
479,469
480,468
481,469
482,471
483,470
484,472
485,473
486,474
487,474
488,477
489,476
490,479
491,479
492,480
493,483
494,484
495,484
496,485
497,487
498,487
499,487
500,489
501,490
502,491
503,492
504,495
505,493
506,495
507,497
508,496
509,495
510,499
511,501
512,502
513,502
514,503
515,505
516,504
517,507
518,508
519,508
520,509
521,511
522,512
523,512
524,516
525,512
526,515
527,516
528,518
529,516
530,520
531,520
532,521
533,522
534,524
535,524
536,524
537,527
538,529
539,528
540,528
541,530
542,530
543,531
544,535
545,535
546,535
547,537
548,538
549,539
550,538
551,542
552,541
553,543
554,543
555,543
556,544
557,546
558,548
559,551
560,550
561,550
562,551
563,552
564,552
565,554
566,556
567,556
568,559
569,558
570,556
571,562
572,562
573,562
574,562
575,565
576,567
577,566
578,568
579,569
580,568
581,571
582,572
583,571
584,574
585,574
586,577
587,577
588,577
589,580
590,580
591,580
592,582
593,583
594,584
595,585
596,586
597,585
598,588
599,587
600,589
601,589
602,591
603,592
604,593
605,594
606,596
607,597
608,599
609,598
610,600
611,603
612,601
613,602
614,603
615,603
616,606
617,608
618,605
619,608
620,609
621,611
622,612
623,614
624,612
625,615
626,614
627,615
628,618
629,618
630,618
631,620
632,623
633,623
634,624
635,625
636,625
637,626
638,627
639,630
640,630
641,631
642,630
643,632
644,638
645,635
646,635
647,636
648,639
649,639
650,639
651,641
652,641
653,641
654,644
655,645
656,646
657,647
658,647
659,649
660,650
661,651
662,652
663,653
664,654
665,655
666,656
667,657
668,658
669,658
670,660
671,665
672,662
673,662
674,664
675,664
676,665
677,669
678,668
679,669
680,670
681,671
682,671
683,673
684,674
685,675
686,674
687,676
688,677
689,680
690,679
691,680
692,683
693,682
694,684
695,683
696,686
697,687
698,689
699,688
700,690
701,691
702,692
703,693
704,694
705,694
706,696
707,696
708,697
709,700
710,700
711,701
712,700
713,701
714,703
715,705
716,704
717,707
718,707
719,706
720,711
721,710
722,713
723,713
724,713
725,715
726,715
727,717
728,719
729,719
730,718
731,721
732,722
733,723
734,723
735,725
736,725
737,726
738,728
739,730
740,729
741,731
742,731
743,732
744,734
745,735
746,737
747,738
748,738
749,740
750,742
751,740
752,742
753,743
754,745
755,746
756,747
757,746
758,747
759,746
760,749
761,751
762,752
763,753
764,756
765,755
766,756
767,757
768,758
769,759
770,761
771,761
772,762
773,763
774,764
775,765
776,766
777,766
778,768
779,770
780,769
781,770
782,772
783,772
784,774
785,775
786,776
787,777
788,777
789,779
790,780
791,780
792,782
793,784
794,784
795,784
796,786
797,788
798,788
799,789
800,789
801,789
802,792
803,793
804,793
805,797
806,796
807,796
808,798
809,798
810,799
811,800
812,802
813,804
814,804
815,805
816,804
817,807
818,807
819,808
820,810
821,811
822,812
823,812
824,815
825,815
826,815
827,814
828,817
829,819
830,821
831,821
832,821
833,822
834,825
835,825
836,826
837,827
838,827
839,830
840,831
841,831
842,832
843,833
844,834
845,836
846,838
847,835
848,839
849,839
850,841
851,841
852,843
853,844
854,844
855,845
856,846
857,847
858,849
859,849
860,851
861,851
862,853
863,853
864,854
865,854
866,857
867,857
868,861
869,859
870,860
871,862
872,862
873,864
874,864
875,866
876,866
877,870
878,868
879,871
880,870
881,872
882,875
883,874
884,873
885,876
886,875
887,878
888,879
889,879
890,881
891,882
892,882
893,883
894,885
895,883
896,886
897,887
898,887
899,890
900,890
901,892
902,891
903,893
904,894
905,897
906,896
907,896
908,898
909,900
910,901
911,903
912,903
913,904
914,906
915,905
916,906
917,909
918,909
919,911
920,911
921,912
922,911
923,915
924,914
925,915
926,917
927,918
928,918
929,920
930,921
931,922
932,922
933,925
934,925
935,925
936,927
937,927
938,929
939,930
940,931
941,933
942,929
943,935
944,935
945,936
946,936
947,937
948,939
949,940
950,941
951,941
952,941
953,943
954,945
955,945
956,948
957,949
958,949
959,950
960,949
961,951
962,952
963,954
964,955
965,955
966,959
967,959
968,960
969,961
970,963
971,961
972,963
973,964
974,966
975,969
976,968
977,968
978,969
979,970
980,973
981,971
982,973
983,974
984,974
985,977
986,977
987,977
988,977
989,978
990,981
991,981
992,984
993,983
994,986
995,986
996,988
997,989
998,989
999,990
1000,991
1001,992
1002,992
1003,993
1004,995
1005,996
1006,998
1007,998
1008,1000
1009,1000
1010,1002
1011,1003
1012,1003
1013,1004
1014,1006
1015,1005
1016,1008
1017,1008
1018,1011
1019,1011
1020,1011
1021,1013
1022,1013
1023,1015
1024,1016
1025,1016
1026,1019
1027,1019
1028,1020
1029,1020
1030,1022
1031,1023
1032,1024
1033,1022
1034,1024
1035,1026
1036,1027
1037,1027
1038,1030
1039,1030
1040,1032
1041,1032
1042,1033
1043,1035
1044,1036
1045,1036
1046,1037
1047,1038
1048,1043
1049,1042
1050,1041
1051,1043
1052,1044
1053,1045
1054,1047
1055,1046
1056,1049
1057,1049
1058,1050
1059,1051
1060,1052
1061,1053
1062,1055
1063,1054
1064,1057
1065,1058
1066,1059
1067,1058
1068,1060
1069,1062
1070,1062
1071,1063
1072,1064
1073,1064
1074,1067
1075,1068
1076,1068
1077,1068
1078,1070
1079,1072
1080,1070
1081,1072
1082,1074
1083,1073
1084,1077
1085,1078
1086,1077
1087,1078
1088,1080
1089,1081
1090,1082
1091,1082
1092,1085
1093,1085
1094,1085
1095,1086
1096,1088
1097,1087
1098,1089
1099,1090
1100,1093
1101,1092
1102,1094
1103,1095
1104,1095
1105,1096
1106,1097
1107,1099
1108,1100
1109,1101
1110,1102
1111,1103
1112,1104
1113,1104
1114,1105
1115,1108
1116,1109
1117,1109
1118,1110
1119,1110
1120,1112
1121,1112
1122,1114
1123,1113
1124,1117
1125,1117
1126,1118
1127,1119
1128,1120
1129,1121
1130,1122
1131,1124
1132,1124
1133,1123
1134,1124
1135,1126
1136,1127
1137,1129
1138,1129
1139,1131
1140,1132
1141,1133
1142,1133
1143,1135
1144,1137
1145,1139
1146,1137
1147,1138
1148,1141
1149,1139
1150,1142
1151,1142
1152,1150
1153,1147
1154,1145
1155,1148
1156,1149
1157,1146
1158,1150
1159,1150
1160,1152
1161,1151
1162,1154
1163,1154
1164,1156
1165,1157
1166,1160
1167,1163
1168,1159
1169,1161
1170,1161
1171,1163
1172,1164
1173,1164
1174,1166
1175,1172
1176,1167
1177,1169
1178,1170
1179,1173
1180,1171
1181,1171
1182,1174
1183,1175
1184,1176
1185,1177
1186,1179
1187,1179
1188,1178
1189,1180
1190,1181
1191,1183
1192,1184
1193,1183
1194,1186
1195,1187
1196,1187
1197,1189
1198,1190
1199,1192
1200,1190
1201,1193
1202,1195
1203,1195
1204,1196
1205,1196
1206,1198
1207,1198
1208,1200
1209,1200
1210,1200
1211,1203
1212,1204
1213,1204
1214,1207
1215,1206
1216,1206
1217,1208
1218,1211
1219,1210
1220,1212
1221,1212
1222,1214
1223,1215
1224,1219
1225,1217
1226,1222
1227,1218
1228,1219
1229,1221
1230,1222
1231,1223
1232,1224
1233,1226
1234,1226
1235,1226
1236,1229
1237,1229
1238,1231
1239,1231
1240,1231
1241,1233
1242,1233
1243,1236
1244,1235
1245,1238
1246,1238
1247,1238
1248,1241
1249,1241
1250,1243
1251,1243
1252,1243
1253,1246
1254,1246
1255,1247
1256,1249
1257,1250
1258,1250
1259,1251
1260,1252
1261,1255
1262,1254
1263,1255
1264,1257
1265,1256
1266,1259
1267,1261
1268,1261
1269,1262
1270,1262
1271,1263
1272,1266
1273,1265
1274,1268
1275,1268
1276,1269
1277,1270
1278,1270
1279,1271
1280,1273
1281,1272
1282,1276
1283,1276
1284,1278
1285,1279
1286,1278
1287,1282
1288,1280
1289,1283
1290,1282
1291,1284
1292,1284
1293,1287
1294,1286
1295,1288
1296,1287
1297,1287
1298,1291
1299,1291
1300,1294
1301,1294
1302,1294
1303,1296
1304,1295
1305,1298
1306,1298
1307,1300
1308,1300
1309,1303
1310,1303
1311,1304
1312,1305
1313,1307
1314,1306
1315,1307
1316,1309
1317,1310
1318,1311
1319,1311
1320,1310
1321,1313
1322,1315
1323,1315
1324,1317
1325,1318
1326,1318
1327,1319
1328,1320
1329,1321
1330,1322
1331,1323
1332,1324
1333,1325
1334,1326
1335,1327
1336,1327
1337,1328
1338,1329
1339,1331
1340,1333
1341,1333
1342,1333
1343,1335
1344,1337
1345,1337
1346,1338
1347,1340
1348,1341
1349,1342
1350,1343
1351,1343
1352,1344
1353,1349
1354,1346
1355,1347
1356,1349
1357,1349
1358,1349
1359,1353
1360,1352
1361,1352
1362,1354
1363,1355
1364,1356
1365,1357
1366,1358
1367,1359
1368,1359
1369,1362
1370,1359
1371,1365
1372,1363
1373,1367
1374,1365
1375,1367
1376,1369
1377,1368
1378,1369
1379,1369
1380,1374
1381,1372
1382,1372
1383,1375
1384,1376
1385,1377
1386,1378
1387,1378
1388,1380
1389,1382
1390,1383
1391,1383
1392,1384
1393,1384
1394,1385
1395,1388
1396,1390
1397,1390
1398,1392
1399,1393
1400,1392
1401,1393
1402,1393
1403,1395
1404,1396
1405,1397
1406,1397
1407,1399
1408,1401
1409,1401
1410,1401
1411,1403
1412,1405
1413,1404
1414,1405
1415,1407
1416,1410
1417,1410
1418,1409
1419,1412
1420,1414
1421,1414
1422,1414
1423,1413
1424,1417
1425,1416
1426,1419
1427,1420
1428,1420
1429,1421
1430,1422
1431,1424
1432,1425
1433,1424
1434,1427
1435,1427
1436,1428
1437,1430
1438,1430
1439,1430
1440,1431
1441,1432
1442,1434
1443,1434
1444,1437
1445,1437
1446,1438
1447,1440
1448,1441
1449,1443
1450,1441
1451,1444
1452,1444
1453,1449
1454,1446
1455,1448
1456,1449
1457,1447
1458,1450
1459,1451
1460,1453
1461,1453
1462,1454
1463,1455
1464,1455
1465,1458
1466,1458
1467,1460
1468,1461
1469,1459
1470,1463
1471,1463
1472,1464
1473,1466
1474,1467
1475,1467
1476,1467
1477,1468
1478,1469
1479,1472
1480,1471
1481,1472
1482,1473
1483,1475
1484,1477
1485,1477
1486,1477
1487,1478
1488,1480
1489,1480
1490,1481
1491,1484
1492,1484
1493,1486
1494,1487
1495,1487
1496,1489
1497,1487
1498,1490
1499,1492
1500,1490
1501,1494
1502,1494
1503,1494
1504,1495
1505,1497
1506,1499
1507,1498
1508,1500
1509,1502
1510,1502
1511,1504
1512,1505
1513,1505
1514,1507
1515,1508
1516,1509
1517,1509
1518,1508
1519,1510
1520,1513
1521,1514
1522,1514
1523,1516
1524,1516
1525,1518
1526,1517
1527,1520
1528,1521
1529,1520
1530,1521
1531,1523
1532,1526
1533,1527
1534,1526
1535,1527
1536,1529
1537,1529
1538,1529
1539,1532
1540,1532
1541,1532
1542,1535
1543,1536
1544,1536
1545,1538
1546,1537
1547,1539
1548,1540
1549,1541
1550,1541
1551,1543
1552,1545
1553,1544
1554,1545
1555,1547
1556,1549
1557,1550
1558,1550
1559,1551
1560,1551
1561,1555
1562,1555
1563,1556
1564,1556
1565,1559
1566,1558
1567,1558
1568,1560
1569,1562
1570,1563
1571,1565
1572,1563
1573,1566
1574,1568
1575,1567
1576,1569
1577,1570
1578,1572
1579,1572
1580,1572
1581,1574
1582,1575
1583,1575
1584,1576
1585,1577
1586,1578
1587,1578
1588,1580
1589,1584
1590,1583
1591,1583
1592,1584
1593,1585
1594,1585
1595,1587
1596,1588
1597,1589
1598,1590
1599,1590
1600,1592
1601,1593
1602,1592
1603,1596
1604,1596
1605,1598
1606,1596
1607,1597
1608,1599
1609,1600
1610,1602
1611,1602
1612,1604
1613,1604
1614,1608
1615,1607
1616,1608
1617,1610
1618,1610
1619,1612
1620,1613
1621,1612
1622,1615
1623,1616
1624,1617
1625,1618
1626,1618
1627,1620
1628,1620
1629,1620
1630,1621
1631,1622
1632,1624
1633,1625
1634,1627
1635,1627
1636,1628
1637,1629
1638,1628
1639,1630
1640,1632
1641,1632
1642,1633
1643,1635
1644,1636
1645,1637
1646,1638
1647,1638
1648,1641
1649,1640
1650,1642
1651,1644
1652,1643
1653,1645
1654,1646
1655,1648
1656,1649
1657,1649
1658,1650
1659,1649
1660,1650
1661,1654
1662,1653
1663,1655
1664,1658
1665,1657
1666,1658
1667,1658
1668,1660
1669,1661
1670,1661
1671,1664
1672,1663
1673,1665
1674,1666
1675,1667
1676,1667
1677,1669
1678,1671
1679,1671
1680,1672
1681,1674
1682,1673
1683,1675
1684,1677
1685,1676
1686,1678
1687,1682
1688,1680
1689,1680
1690,1682
1691,1682
1692,1684
1693,1686
1694,1686
1695,1689
1696,1689
1697,1689
1698,1690
1699,1689
1700,1693
1701,1691
1702,1694
1703,1699
1704,1695
1705,1698
1706,1699
1707,1700
1708,1700
1709,1698
1710,1702
1711,1704
1712,1701
1713,1706
1714,1706
1715,1707
1716,1709
1717,1708
1718,1711
1719,1710
1720,1711
1721,1713
1722,1716
1723,1714
1724,1715
1725,1717
1726,1717
1727,1719
1728,1719
1729,1722
1730,1722
1731,1725
1732,1724
1733,1724
1734,1726
1735,1727
1736,1727
1737,1731
1738,1731
1739,1730
1740,1732
1741,1733
1742,1735
1743,1735
1744,1736
1745,1737
1746,1736
1747,1740
1748,1739
1749,1740
1750,1740
1751,1743
1752,1744
1753,1745
1754,1746
1755,1746
1756,1747
1757,1749
1758,1752
1759,1752
1760,1753
1761,1754
1762,1755
1763,1756
1764,1757
1765,1759
1766,1758
1767,1759
1768,1762
1769,1761
1770,1761
1771,1762
1772,1762
1773,1764
1774,1766
1775,1768
1776,1768
1777,1770
1778,1770
1779,1771
1780,1771
1781,1776
1782,1774
1783,1774
1784,1776
1785,1777
1786,1777
1787,1781
1788,1781
1789,1781
1790,1783
1791,1784
1792,1785
1793,1787
1794,1787
1795,1789
1796,1789
1797,1787
1798,1791
1799,1791
1800,1793
1801,1794
1802,1795
1803,1798
1804,1794
1805,1798
1806,1800
1807,1798
1808,1799
1809,1802
1810,1801
1811,1802
1812,1805
1813,1805
1814,1805
1815,1808
1816,1809
1817,1811
1818,1811
1819,1811
1820,1813
1821,1813
1822,1814
1823,1814
1824,1816
1825,1817
1826,1818
1827,1820
1828,1820
1829,1820
1830,1822
1831,1824
1832,1824
1833,1825
1834,1830
1835,1828
1836,1828
1837,1829
1838,1830
1839,1832
1840,1832
1841,1833
1842,1834
1843,1836
1844,1837
1845,1838
1846,1839
1847,1839
1848,1839
1849,1842
1850,1842
1851,1843
1852,1845
1853,1844
1854,1847
1855,1846
1856,1847
1857,1850
1858,1850
1859,1851
1860,1851
1861,1853
1862,1854
1863,1856
1864,1857
1865,1858
1866,1859
1867,1860
1868,1860
1869,1861
1870,1861
1871,1864
1872,1865
1873,1865
1874,1866
1875,1867
1876,1868
1877,1867
1878,1871
1879,1872
1880,1873
1881,1873
1882,1873
1883,1876
1884,1877
1885,1878
1886,1878
1887,1880
1888,1881
1889,1879
1890,1882
1891,1885
1892,1885
1893,1886
1894,1887
1895,1887
1896,1889
1897,1888
1898,1893
1899,1890
1900,1892
1901,1892
1902,1894
1903,1897
1904,1897
1905,1898
1906,1899
1907,1901
1908,1900
1909,1901
1910,1903
1911,1903
1912,1903
1913,1905
1914,1907
1915,1907
1916,1909
1917,1908
1918,1911
1919,1913
1920,1912
1921,1915
1922,1914
1923,1915
1924,1916
1925,1916
1926,1919
1927,1918
1928,1920
1929,1921
1930,1922
1931,1923
1932,1925
1933,1926
1934,1927
1935,1926
1936,1929
1937,1931
1938,1929
1939,1932
1940,1933
1941,1934
1942,1936
1943,1935
1944,1937
1945,1936
1946,1938
1947,1940
1948,1941
1949,1941
1950,1940
1951,1942
1952,1945
1953,1945
1954,1948
1955,1949
1956,1949
1957,1951
1958,1950
1959,1952
1960,1954
1961,1953
1962,1954
1963,1954
1964,1956
1965,1959
1966,1958
1967,1959
1968,1961
1969,1960
1970,1961
1971,1963
1972,1965
1973,1963
1974,1965
1975,1966
1976,1967
1977,1969
1978,1970
1979,1972
1980,1972
1981,1974
1982,1972
1983,1973
1984,1976
1985,1977
1986,1977
1987,1979
1988,1979
1989,1981
1990,1983
1991,1983
1992,1985
1993,1984
1994,1986
1995,1986
1996,1988
1997,1991
1998,1989
1999,1992
2000,1992
2001,1993
2002,1994
2003,1995
2004,1996
2005,1998
2006,1999
2007,1999
2008,2002
2009,2003
2010,2002
2011,2004
2012,2004
2013,2003
2014,2006
2015,2007
2016,2009
2017,2010
2018,2010
2019,2013
2020,2012
2021,2014
2022,2013
2023,2015
2024,2017
2025,2017
2026,2017
2027,2018
2028,2021
2029,2021
2030,2022
2031,2022
2032,2022
2033,2025
2034,2027
2035,2028
2036,2029
2037,2029
2038,2031
2039,2030
2040,2031
2041,2034
2042,2034
2043,2034
2044,2036
2045,2037
2046,2038
2047,2041
2048,2040
2049,2041
2050,2043
2051,2045
2052,2045
2053,2044
2054,2046
2055,2047
2056,2049
2057,2050
2058,2050
2059,2051
2060,2053
2061,2053
2062,2056
2063,2056
2064,2057
2065,2057
2066,2058
2067,2060
2068,2060
2069,2061
2070,2063
2071,2065
2072,2066
2073,2064
2074,2066
2075,2066
2076,2069
2077,2068
2078,2071
2079,2072
2080,2072
2081,2074
2082,2075
2083,2075
2084,2076
2085,2078
2086,2078
2087,2079
2088,2080
2089,2081
2090,2082
2091,2084
2092,2086
2093,2085
2094,2086
2095,2088
2096,2088
2097,2089
2098,2088
2099,2090
2100,2091
2101,2092
2102,2095
2103,2095
2104,2096
2105,2097
2106,2098
2107,2099
2108,2101
2109,2100
2110,2103
2111,2103
2112,2104
2113,2105
2114,2106
2115,2108
2116,2109
2117,2111
2118,2110
2119,2113
2120,2112
2121,2113
2122,2114
2123,2115
2124,2116
2125,2117
2126,2118
2127,2119
2128,2122
2129,2119
2130,2122
2131,2123
2132,2125
2133,2124
2134,2126
2135,2128
2136,2128
2137,2130
2138,2130
2139,2132
2140,2132
2141,2134
2142,2134
2143,2135
2144,2136
2145,2136
2146,2138
2147,2140
2148,2142
2149,2141
2150,2142
2151,2143
2152,2144
2153,2145
2154,2146
2155,2147
2156,2148
2157,2149
2158,2148
2159,2151
2160,2152
2161,2152
2162,2152
2163,2156
2164,2157
2165,2157
2166,2158
2167,2159
2168,2160
2169,2160
2170,2161
2171,2162
2172,2164
2173,2167
2174,2166
2175,2167
2176,2169
2177,2169
2178,2170
2179,2171
2180,2172
2181,2172
2182,2175
2183,2175
2184,2175
2185,2176
2186,2178
2187,2179
2188,2180
2189,2181
2190,2181
2191,2181
2192,2185
2193,2185
2194,2185
2195,2187
2196,2186
2197,2189
2198,2189
2199,2192
2200,2191
2201,2191
2202,2194
2203,2195
2204,2195
2205,2197
2206,2198
2207,2200
2208,2199
2209,2201
2210,2201
2211,2203
2212,2204
2213,2205
2214,2205
2215,2206
2216,2208
2217,2211
2218,2209
2219,2210
2220,2213
2221,2213
2222,2214
2223,2216
2224,2217
2225,2217
2226,2218
2227,2218
2228,2219
2229,2220
2230,2223
2231,2224
2232,2223
2233,2225
2234,2226
2235,2226
2236,2227
2237,2228
2238,2227
2239,2231
2240,2231
2241,2233
2242,2235
2243,2233
2244,2233
2245,2237
2246,2237
2247,2239
2248,2241
2249,2240
2250,2243
2251,2242
2252,2243
2253,2246
2254,2246
2255,2246
2256,2247
2257,2251
2258,2248
2259,2251
2260,2253
2261,2253
2262,2255
2263,2256
2264,2257
2265,2258
2266,2259
2267,2260
2268,2260
2269,2259
2270,2263
2271,2262
2272,2264
2273,2265
2274,2266
2275,2268
2276,2270
2277,2270
2278,2271
2279,2272
2280,2273
2281,2274
2282,2275
2283,2276
2284,2276
2285,2277
2286,2278
2287,2278
2288,2280
2289,2283
2290,2281
2291,2282
2292,2285
2293,2285
2294,2287
2295,2288
2296,2287
2297,2290
2298,2291
2299,2289
2300,2292
2301,2293
2302,2294
2303,2295
2304,2296
2305,2298
2306,2300
2307,2300
2308,2301
2309,2299
2310,2303
2311,2304
2312,2304
2313,2304
2314,2306
2315,2308
2316,2308
2317,2311
2318,2313
2319,2311
2320,2311
2321,2314
2322,2315
2323,2315
2324,2317
2325,2316
2326,2319
2327,2319
2328,2320
2329,2321
2330,2321
2331,2322
2332,2325
2333,2326
2334,2327
2335,2328
2336,2329
2337,2328
2338,2332
2339,2331
2340,2332
2341,2334
2342,2335
2343,2334
2344,2336
2345,2336
2346,2338
2347,2341
2348,2342
2349,2340
2350,2345
2351,2344
2352,2346
2353,2345
2354,2346
2355,2347
2356,2348
2357,2350
2358,2351
2359,2352
2360,2353
2361,2354
2362,2354
2363,2355
2364,2355
2365,2359
2366,2359
2367,2360
2368,2360
2369,2360
2370,2362
2371,2364
2372,2364
2373,2366
2374,2369
2375,2367
2376,2368
2377,2371
2378,2370
2379,2369
2380,2372
2381,2373
2382,2373
2383,2375
2384,2377
2385,2378
2386,2378
2387,2378
2388,2380
2389,2380
2390,2382
2391,2383
2392,2385
2393,2384
2394,2385
2395,2387
2396,2390
2397,2390
2398,2391
2399,2390
2400,2391
2401,2393
2402,2394
2403,2396
2404,2395
2405,2395
2406,2398
2407,2399
2408,2401
2409,2400
2410,2402
2411,2403
2412,2404
2413,2403
2414,2404
2415,2406
2416,2409
2417,2409
2418,2410
2419,2411
2420,2413
2421,2417
2422,2413
2423,2414
2424,2417
2425,2416
2426,2419
2427,2419
2428,2420
2429,2423
2430,2421
2431,2422
2432,2425
2433,2424
2434,2425
2435,2427
2436,2427
2437,2428
2438,2429
2439,2431
2440,2432
2441,2433
2442,2435
2443,2435
2444,2433
2445,2437
2446,2437
2447,2440
2448,2439
2449,2440
2450,2443
2451,2442
2452,2444
2453,2445
2454,2447
2455,2446
2456,2448
2457,2449
2458,2447
2459,2450
2460,2451
2461,2454
2462,2453
2463,2455
2464,2455
2465,2457
2466,2458
2467,2458
2468,2460
2469,2460
2470,2463
2471,2463
2472,2464
2473,2466
2474,2466
2475,2465
2476,2468
2477,2469
2478,2471
2479,2471
2480,2472
2481,2473
2482,2473
2483,2475
2484,2476
2485,2477
2486,2481
2487,2478
2488,2480
2489,2482
2490,2483
2491,2483
2492,2483
2493,2484
2494,2484
2495,2487
2496,2488
2497,2488
2498,2489
2499,2490
2500,2493
2501,2493
2502,2495
2503,2495
2504,2496
2505,2497
2506,2498
2507,2497
2508,2501
2509,2502
2510,2502
2511,2503
2512,2503
2513,2505
2514,2506
2515,2507
2516,2507
2517,2510
2518,2510
2519,2509
2520,2512
2521,2514
2522,2514
2523,2515
2524,2517
2525,2518
2526,2519
2527,2520
2528,2519
2529,2524
2530,2522
2531,2524
2532,2525
2533,2526
2534,2526
2535,2528
2536,2530
2537,2530
2538,2531
2539,2531
2540,2533
2541,2533
2542,2534
2543,2536
2544,2536
2545,2536
2546,2538
2547,2538
2548,2540
2549,2542
2550,2542
2551,2543
2552,2544
2553,2546
2554,2545
2555,2546
2556,2547
2557,2549
2558,2552
2559,2553
2560,2553
2561,2554
2562,2555
2563,2556
2564,2557
2565,2559
2566,2558
2567,2560
2568,2561
2569,2560
2570,2562
2571,2563
2572,2565
2573,2565
2574,2566
2575,2570
2576,2569
2577,2570
2578,2569
2579,2570
2580,2572
2581,2573
2582,2575
2583,2577
2584,2578
2585,2579
2586,2578
2587,2580
2588,2579
2589,2581
2590,2580
2591,2584
2592,2583
2593,2586
2594,2587
2595,2585
2596,2589
2597,2587
2598,2589
2599,2592
2600,2593
2601,2594
2602,2595
2603,2595
2604,2596
2605,2597
2606,2598
2607,2599
2608,2600
2609,2602
2610,2602
2611,2602
2612,2604
2613,2605
2614,2606
2615,2607
2616,2607
2617,2609
2618,2608
2619,2610
2620,2613
2621,2615
2622,2613
2623,2614
2624,2615
2625,2615
2626,2618
2627,2618
2628,2622
2629,2621
2630,2620
2631,2622
2632,2625
2633,2624
2634,2625
2635,2625
2636,2628
2637,2631
2638,2634
2639,2631
2640,2632
2641,2635
2642,2634
2643,2636
2644,2636
2645,2635
2646,2637
2647,2639
2648,2641
2649,2641
2650,2642
2651,2643
2652,2644
2653,2645
2654,2647
2655,2646
2656,2645
2657,2649
2658,2649
2659,2653
2660,2652
2661,2652
2662,2655
2663,2653
2664,2655
2665,2656
2666,2658
2667,2659
2668,2660
2669,2662
2670,2662
2671,2663
2672,2664
2673,2664
2674,2665
2675,2667
2676,2667
2677,2669
2678,2670
2679,2671
2680,2672
2681,2674
2682,2672
2683,2675
2684,2677
2685,2677
2686,2678
2687,2679
2688,2680
2689,2681
2690,2682
2691,2683
2692,2684
2693,2685
2694,2685
2695,2686
2696,2689
2697,2691
2698,2690
2699,2691
2700,2692
2701,2691
2702,2693
2703,2694
2704,2695
2705,2698
2706,2696
2707,2699
2708,2699
2709,2702
2710,2700
2711,2704
2712,2704
2713,2703
2714,2708
2715,2705
2716,2709
2717,2710
2718,2709
2719,2710
2720,2712
2721,2713
2722,2713
2723,2713
2724,2716
2725,2715
2726,2718
2727,2719
2728,2717
2729,2720
2730,2721
2731,2721
2732,2723
2733,2724
2734,2727
2735,2725
2736,2726
2737,2729
2738,2729
2739,2730
2740,2730
2741,2732
2742,2733
2743,2735
2744,2734
2745,2737
2746,2738
2747,2741
2748,2739
2749,2738
2750,2741
2751,2743
2752,2743
2753,2744
2754,2744
2755,2746
2756,2747
2757,2749
2758,2751
2759,2751
2760,2751
2761,2753
2762,2754
2763,2755
2764,2757
2765,2756
2766,2758
2767,2759
2768,2760
2769,2757
2770,2762
2771,2762
2772,2762
2773,2763
2774,2763
2775,2766
2776,2768
2777,2767
2778,2769
2779,2770
2780,2772
2781,2773
2782,2773
2783,2772
2784,2776
2785,2775
2786,2779
2787,2780
2788,2779
2789,2781
2790,2779
2791,2783
2792,2784
2793,2784
2794,2786
2795,2787
2796,2788
2797,2789
2798,2789
2799,2790
2800,2792
2801,2792
2802,2793
2803,2795
2804,2795
2805,2796
2806,2798
2807,2798
2808,2799
2809,2800
2810,2802
2811,2801
2812,2803
2813,2805
2814,2803
2815,2806
2816,2807
2817,2809
2818,2808
2819,2810
2820,2813
2821,2812
2822,2814
2823,2815
2824,2814
2825,2814
2826,2817
2827,2819
2828,2820
2829,2820
2830,2820
2831,2822
2832,2825
2833,2825
2834,2826
2835,2825
2836,2826
2837,2828
2838,2827
2839,2829
2840,2830
2841,2833
2842,2830
2843,2834
2844,2834
2845,2837
2846,2838
2847,2839
2848,2838
2849,2839
2850,2840
2851,2843
2852,2843
2853,2844
2854,2844
2855,2846
2856,2847
2857,2846
2858,2849
2859,2850
2860,2849
2861,2850
2862,2851
2863,2854
2864,2855
2865,2856
2866,2857
2867,2859
2868,2858
2869,2857
2870,2863
2871,2861
2872,2862
2873,2864
2874,2865
2875,2866
2876,2867
2877,2868
2878,2869
2879,2869
2880,2871
2881,2872
2882,2873
2883,2874
2884,2875
2885,2875
2886,2878
2887,2879
2888,2879
2889,2879
2890,2883
2891,2882
2892,2881
2893,2884
2894,2888
2895,2886
2896,2883
2897,2885
2898,2890
2899,2889
2900,2891
2901,2894
2902,2893
2903,2891
2904,2895
2905,2898
2906,2896
2907,2899
2908,2896
2909,2900
2910,2902
2911,2903
2912,2902
2913,2903
2914,2903
2915,2905
2916,2909
2917,2909
2918,2908
2919,2910
2920,2910
2921,2912
2922,2911
2923,2913
2924,2917
2925,2915
2926,2915
2927,2918
2928,2917
2929,2920
2930,2920
2931,2921
2932,2926
2933,2924
2934,2924
2935,2926
2936,2925
2937,2929
2938,2927
2939,2931
2940,2931
2941,2930
2942,2934
2943,2932
2944,2935
2945,2936
2946,2938
2947,2939
2948,2939
2949,2940
2950,2940
2951,2942
2952,2943
2953,2944
2954,2943
2955,2946
2956,2946
2957,2947
2958,2949
2959,2950
2960,2950
2961,2952
2962,2950
2963,2954
2964,2954
2965,2957
2966,2957
2967,2958
2968,2958
2969,2960
2970,2960
2971,2963
2972,2964
2973,2964
2974,2966
2975,2965
2976,2965
2977,2968
2978,2968
2979,2970
2980,2971
2981,2972
2982,2975
2983,2972
2984,2974
2985,2976
2986,2976
2987,2977
2988,2977
2989,2979
2990,2978
2991,2985
2992,2982
2993,2983
2994,2985
2995,2986
2996,2986
2997,2989
2998,2987
2999,2991
3000,2991
3001,2992
3002,2994
3003,2993
3004,2995
3005,2994
3006,2996
3007,3000
3008,2997
3009,2999
3010,3000
3011,3002
3012,3002
3013,3003
3014,3004
3015,3005
3016,3008
3017,3007
3018,3009
3019,3011
3020,3011
3021,3012
3022,3014
3023,3015
3024,3016
3025,3016
3026,3017
3027,3018
3028,3019
3029,3020
3030,3021
3031,3022
3032,3022
3033,3025
3034,3024
3035,3026
3036,3026
3037,3027
3038,3029
3039,3028
3040,3030
3041,3030
3042,3031
3043,3033
3044,3034
3045,3036
3046,3036
3047,3038
3048,3040
3049,3038
3050,3041
3051,3042
3052,3043
3053,3046
3054,3044
3055,3044
3056,3047
3057,3049
3058,3048
3059,3050
3060,3051
3061,3050
3062,3052
3063,3054
3064,3052
3065,3056
3066,3057
3067,3058
3068,3061
3069,3060
3070,3061
3071,3062
3072,3064
3073,3062
3074,3065
3075,3065
3076,3068
3077,3068
3078,3068
3079,3068
3080,3071
3081,3071
3082,3072
3083,3075
3084,3075
3085,3074
3086,3077
3087,3078
3088,3077
3089,3078
3090,3081
3091,3082
3092,3083
3093,3084
3094,3084
3095,3084
3096,3087
3097,3087
3098,3088
3099,3091
3100,3091
3101,3092
3102,3094
3103,3094
3104,3095
3105,3097
3106,3097
3107,3098
3108,3098
3109,3100
3110,3100
3111,3100
3112,3104
3113,3104
3114,3104
3115,3107
3116,3107
3117,3106
3118,3109
3119,3110
3120,3112
3121,3112
3122,3112
3123,3113
3124,3115
3125,3115
3126,3117
3127,3116
3128,3118
3129,3119
3130,3122
3131,3122
3132,3121
3133,3123
3134,3124
3135,3126
3136,3129
3137,3128
3138,3130
3139,3129
3140,3131
3141,3131
3142,3133
3143,3134
3144,3133
3145,3136
3146,3136
3147,3137
3148,3139
3149,3139
3150,3141
3151,3141
3152,3142
3153,3143
3154,3145
3155,3146
3156,3147
3157,3148
3158,3148
3159,3151
3160,3151
3161,3151
3162,3152
3163,3153
3164,3155
3165,3156
3166,3157
3167,3159
3168,3158
3169,3160
3170,3161
3171,3162
3172,3162
3173,3163
3174,3163
3175,3166
3176,3168
3177,3168
3178,3169
3179,3167
3180,3169
3181,3172
3182,3171
3183,3172
3184,3176
3185,3173
3186,3178
3187,3177
3188,3179
3189,3179
3190,3181
3191,3182
3192,3182
3193,3184
3194,3188
3195,3185
3196,3188
3197,3186
3198,3188
3199,3190
3200,3190
3201,3189
3202,3191
3203,3193
3204,3194
3205,3198
3206,3195
3207,3197
3208,3198
3209,3198
3210,3201
3211,3206
3212,3201
3213,3204
3214,3204
3215,3206
3216,3205
3217,3209
3218,3206
3219,3212
3220,3212
3221,3210
3222,3212
3223,3213
3224,3217
3225,3214
3226,3216
3227,3218
3228,3219
3229,3219
3230,3219
3231,3220
3232,3220
3233,3224
3234,3224
3235,3225
3236,3225
3237,3227
3238,3228
3239,3231
3240,3229
3241,3233
3242,3233
3243,3233
3244,3233
3245,3235
3246,3237
3247,3237
3248,3238
3249,3238
3250,3239
3251,3242
3252,3240
3253,3242
3254,3244
3255,3245
3256,3246
3257,3247
3258,3247
3259,3249
3260,3252
3261,3251
3262,3251
3263,3253
3264,3255
3265,3256
3266,3257
3267,3257
3268,3258
3269,3259
3270,3259
3271,3262
3272,3264
3273,3262
3274,3265
3275,3266
3276,3271
3277,3267
3278,3265
3279,3271
3280,3269
3281,3269
3282,3273
3283,3274
3284,3275
3285,3276
3286,3275
3287,3277
3288,3279
3289,3278
3290,3281
3291,3281
3292,3283
3293,3286
3294,3284
3295,3286
3296,3286
3297,3286
3298,3288
3299,3290
3300,3291
3301,3292
3302,3294
3303,3295
3304,3294
3305,3296
3306,3297
3307,3297
3308,3298
3309,3300
3310,3301
3311,3302
3312,3301
3313,3303
3314,3303
3315,3304
3316,3306
3317,3308
3318,3308
3319,3310
3320,3309
3321,3312
3322,3312
3323,3314
3324,3316
3325,3315
3326,3316
3327,3317
3328,3319
3329,3319
3330,3320
3331,3322
3332,3322
3333,3322
3334,3324
3335,3326
3336,3326
3337,3328
3338,3329
3339,3331
3340,3326
3341,3331
3342,3332
3343,3333
3344,3335
3345,3335
3346,3336
3347,3339
3348,3339
3349,3338
3350,3340
3351,3342
3352,3343
3353,3344
3354,3344
3355,3346
3356,3347
3357,3348
3358,3349
3359,3348
3360,3350
3361,3351
3362,3353
3363,3355
3364,3353
3365,3356
3366,3356
3367,3357
3368,3359
3369,3360
3370,3360
3371,3362
3372,3362
3373,3363
3374,3367
3375,3366
3376,3367
3377,3367
3378,3370
3379,3368
3380,3371
3381,3373
3382,3372
3383,3374
3384,3375
3385,3375
3386,3377
3387,3378
3388,3378
3389,3378
3390,3380
3391,3381
3392,3382
3393,3384
3394,3384
3395,3384
3396,3387
3397,3387
3398,3389
3399,3390
3400,3390
3401,3390
3402,3393
3403,3394
3404,3393
3405,3395
3406,3395
3407,3396
3408,3399
3409,3398
3410,3402
3411,3400
3412,3402
3413,3404
3414,3405
3415,3407
3416,3406
3417,3406
3418,3408
3419,3410
3420,3411
3421,3410
3422,3411
3423,3412
3424,3414
3425,3416
3426,3418
3427,3417
3428,3417
3429,3419
3430,3421
3431,3420
3432,3422
3433,3422
3434,3425
3435,3426
3436,3426
3437,3428
3438,3427
3439,3429
3440,3430
3441,3429
3442,3431
3443,3434
3444,3434
3445,3434
3446,3435
3447,3438
3448,3439
3449,3440
3450,3440
3451,3441
3452,3442
3453,3442
3454,3443
3455,3444
3456,3445
3457,3448
3458,3447
3459,3450
3460,3451
3461,3452
3462,3452
3463,3453
3464,3454
3465,3454
3466,3453
3467,3460
3468,3458
3469,3459
3470,3462
3471,3461
3472,3462
3473,3462
3474,3464
3475,3466
3476,3467
3477,3466
3478,3467
3479,3469
3480,3472
3481,3471
3482,3472
3483,3474
3484,3474
3485,3477
3486,3477
3487,3478
3488,3477
3489,3479
3490,3477
3491,3482
3492,3483
3493,3483
3494,3483
3495,3484
3496,3486
3497,3486
3498,3488
3499,3488
3500,3491
3501,3490
3502,3491
3503,3493
3504,3492
3505,3495
3506,3496
3507,3496
3508,3496
3509,3498
3510,3501
3511,3502
3512,3502
3513,3505
3514,3504
3515,3504
3516,3507
3517,3509
3518,3508
3519,3510
3520,3510
3521,3512
3522,3512
3523,3513
3524,3514
3525,3517
3526,3517
3527,3517
3528,3518
3529,3519
3530,3520
3531,3521
3532,3522
3533,3523
3534,3524
3535,3526
3536,3526
3537,3528
3538,3528
3539,3527
3540,3529
3541,3531
3542,3532
3543,3534
3544,3533
3545,3534
3546,3536
3547,3541
3548,3536
3549,3540
3550,3540
3551,3542
3552,3541
3553,3544
3554,3542
3555,3545
3556,3546
3557,3548
3558,3548
3559,3550
3560,3551
3561,3552
3562,3552
3563,3554
3564,3553
3565,3557
3566,3557
3567,3557
3568,3557
3569,3557
3570,3559
3571,3561
3572,3561
3573,3564
3574,3565
3575,3566
3576,3566
3577,3568
3578,3568
3579,3566
3580,3569
3581,3572
3582,3572
3583,3572
3584,3575
3585,3574
3586,3575
3587,3577
3588,3577
3589,3579
3590,3580
3591,3580
3592,3582
3593,3583
3594,3582
3595,3585
3596,3585
3597,3586
3598,3588
3599,3591
3600,3590
3601,3590
3602,3592
3603,3593
3604,3594
3605,3595
3606,3596
3607,3597
3608,3597
3609,3598
3610,3600
3611,3601
3612,3600
3613,3604
3614,3604
3615,3604
3616,3607
3617,3607
3618,3608
3619,3609
3620,3607
3621,3609
3622,3613
3623,3614
3624,3616
3625,3615
3626,3615
3627,3617
3628,3617
3629,3618
3630,3621
3631,3621
3632,3621
3633,3622
3634,3624
3635,3624
3636,3625
3637,3627
3638,3629
3639,3628
3640,3631
3641,3631
3642,3630
3643,3632
3644,3634
3645,3634
3646,3637
3647,3636
3648,3637
3649,3638
3650,3639
3651,3639
3652,3641
3653,3642
3654,3645
3655,3646
3656,3644
3657,3644
3658,3647
3659,3647
3660,3650
3661,3650
3662,3652
3663,3652
3664,3655
3665,3656
3666,3655
3667,3657
3668,3659
3669,3659
3670,3660
3671,3660
3672,3662
3673,3663
3674,3663
3675,3664
3676,3668
3677,3668
3678,3668
3679,3670
3680,3669
3681,3670
3682,3670
3683,3672
3684,3674
3685,3675
3686,3676
3687,3677
3688,3677
3689,3678
3690,3680
3691,3680
3692,3683
3693,3683
3694,3684
3695,3685
3696,3685
3697,3686
3698,3687
3699,3689
3700,3690
3701,3691
3702,3690
3703,3694
3704,3691
3705,3694
3706,3695
3707,3693
3708,3698
3709,3700
3710,3700
3711,3700
3712,3702
3713,3703
3714,3703
3715,3704
3716,3705
3717,3707
3718,3708
3719,3709
3720,3708
3721,3709
3722,3710
3723,3712
3724,3713
3725,3713
3726,3713
3727,3718
3728,3717
3729,3718
3730,3720
3731,3719
3732,3720
3733,3722
3734,3724
3735,3723
3736,3726
3737,3725
3738,3727
3739,3728
3740,3730
3741,3731
3742,3730
3743,3732
3744,3734
3745,3736
3746,3735
3747,3736
3748,3738
3749,3738
3750,3737
3751,3739
3752,3741
3753,3742
3754,3743
3755,3744
3756,3746
3757,3745
3758,3746
3759,3749
3760,3750
3761,3749
3762,3753
3763,3754
3764,3753
3765,3755
3766,3756
3767,3753
3768,3758
3769,3758
3770,3759
3771,3761
3772,3761
3773,3762
3774,3765
3775,3764
3776,3764
3777,3766
3778,3767
3779,3768
3780,3770
3781,3769
3782,3771
3783,3772
3784,3774
3785,3775
3786,3778
3787,3777
3788,3778
3789,3778
3790,3780
3791,3782
3792,3783
3793,3782
3794,3783
3795,3785
3796,3785
3797,3787
3798,3787
3799,3790
3800,3788
3801,3790
3802,3792
3803,3793
3804,3795
3805,3793
3806,3796
3807,3798
3808,3796
3809,3798
3810,3801
3811,3801
3812,3802
3813,3803
3814,3804
3815,3806
3816,3804
3817,3806
3818,3808
3819,3808
3820,3810
3821,3811
3822,3811
3823,3811
3824,3814
3825,3815
3826,3817
3827,3816
3828,3816
3829,3820
3830,3819
3831,3819
3832,3821
3833,3822
3834,3824
3835,3824
3836,3828
3837,3828
3838,3828
3839,3832
3840,3828
3841,3831
3842,3832
3843,3832
3844,3835
3845,3834
3846,3836
3847,3837
3848,3838
3849,3839
3850,3837
3851,3840
3852,3841
3853,3843
3854,3844
3855,3844
3856,3845
3857,3844
3858,3846
3859,3847
3860,3848
3861,3851
3862,3850
3863,3852
3864,3853
3865,3855
3866,3855
3867,3856
3868,3859
3869,3858
3870,3860
3871,3860
3872,3862
3873,3862
3874,3862
3875,3865
3876,3864
3877,3867
3878,3866
3879,3870
3880,3869
3881,3870
3882,3871
3883,3872
3884,3874
3885,3873
3886,3871
3887,3876
3888,3876
3889,3878
3890,3879
3891,3884
3892,3882
3893,3883
3894,3884
3895,3884
3896,3886
3897,3888
3898,3887
3899,3888
3900,3890
3901,3891
3902,3891
3903,3891
3904,3897
3905,3894
3906,3895
3907,3894
3908,3897
3909,3898
3910,3899
3911,3902
3912,3902
3913,3902
3914,3901
3915,3903
3916,3906
3917,3906
3918,3907
3919,3908
3920,3909
3921,3908
3922,3912
3923,3916
3924,3913
3925,3913
3926,3915
3927,3916
3928,3916
3929,3918
3930,3918
3931,3919
3932,3922
3933,3922
3934,3923
3935,3924
3936,3926
3937,3926
3938,3926
3939,3928
3940,3928
3941,3930
3942,3931
3943,3932
3944,3932
3945,3932
3946,3935
3947,3936
3948,3938
3949,3938
3950,3940
3951,3940
3952,3940
3953,3940
3954,3943
3955,3944
3956,3946
3957,3946
3958,3948
3959,3948
3960,3949
3961,3950
3962,3951
3963,3952
3964,3952
3965,3953
3966,3958
3967,3954
3968,3958
3969,3958
3970,3960
3971,3959
3972,3961
3973,3962
3974,3962
3975,3965
3976,3964
3977,3965
3978,3967
3979,3967
3980,3968
3981,3970
3982,3970
3983,3973
3984,3972
3985,3974
3986,3974
3987,3977
3988,3976
3989,3979
3990,3979
3991,3980
3992,3980
3993,3982
3994,3982
3995,3983
3996,3986
3997,3987
3998,3986
3999,3987
4000,3988
4001,3990
4002,3988
4003,3991
4004,3995
4005,3994
4006,3996
4007,3996
4008,3997
4009,3998
4010,3999
4011,4000
4012,4001
4013,4001
4014,4003
4015,4004
4016,4005
4017,4006
4018,4006
4019,4009
4020,4009
4021,4010
4022,4010
4023,4012
4024,4013
4025,4013
4026,4014
4027,4019
4028,4016
4029,4018
4030,4019
4031,4020
4032,4023
4033,4023
4034,4023
4035,4023
4036,4025
4037,4025
4038,4026
4039,4028
4040,4029
4041,4029
4042,4030
4043,4031
4044,4032
4045,4035
4046,4036
4047,4035
4048,4036
4049,4039
4050,4038
4051,4039
4052,4042
4053,4042
4054,4043
4055,4045
4056,4044
4057,4047
4058,4047
4059,4048
4060,4048
4061,4050
4062,4051
4063,4052
4064,4053
4065,4052
4066,4055
4067,4055
4068,4059
4069,4058
4070,4058
4071,4061
4072,4060
4073,4062
4074,4063
4075,4063
4076,4064
4077,4066
4078,4064
4079,4068
4080,4067
4081,4069
4082,4072
4083,4073
4084,4071
4085,4073
4086,4073
4087,4077
4088,4078
4089,4076
4090,4077
4091,4079
4092,4081
4093,4080
4094,4078
4095,4079
