0,1
1,1
2,1
3,1
4,1
5,1
6,1
7,1
8,1
9,1
10,1
11,1
12,1
13,1
14,2
15,5
16,5
17,5
18,4
19,6
20,8
21,9
22,10
23,9
24,13
25,13
26,12
27,15
28,16
29,17
30,17
31,20
32,21
33,21
34,21
35,21
36,22
37,24
38,26
39,27
40,28
41,29
42,29
43,31
44,32
45,33
46,34
47,36
48,36
49,37
50,37
51,40
52,41
53,41
54,38
55,45
56,43
57,44
58,46
59,45
60,48
61,48
62,49
63,51
64,53
65,52
66,55
67,53
68,56
69,57
70,57
71,57
72,60
73,61
74,62
75,64
76,63
77,64
78,64
79,66
80,67
81,68
82,69
83,71
84,72
85,72
86,74
87,73
88,75
89,76
90,77
91,78
92,79
93,81
94,81
95,81
96,84
97,84
98,85
99,87
100,86
101,88
102,89
103,91
104,91
105,92
106,93
107,93
108,94
109,97
110,97
111,97
112,99
113,101
114,102
115,101
116,103
117,104
118,105
119,106
120,107
121,108
122,108
123,109
124,113
125,112
126,113
127,115
128,116
129,115
130,117
131,121
132,121
133,120
134,121
135,122
136,123
137,125
138,125
139,126
140,129
141,128
142,129
143,129
144,133
145,132
146,134
147,135
148,138
149,136
150,138
151,139
152,140
153,140
154,142
155,141
156,144
157,144
158,145
159,146
160,144
161,151
162,148
163,150
164,151
165,148
166,153
167,155
168,155
169,156
170,157
171,158
172,159
173,162
174,162
175,160
176,164
177,164
178,165
179,165
180,166
181,168
182,169
183,171
184,171
185,171
186,174
187,174
188,176
189,176
190,177
191,177
192,179
193,180
194,180
195,181
196,183
197,184
198,185
199,186
200,187
201,188
202,189
203,190
204,190
205,192
206,192
207,194
208,195
209,196
210,198
211,197
212,197
213,200
214,202
215,202
216,208
217,204
218,206
219,207
220,206
221,207
222,209
223,211
224,211
225,213
226,213
227,216
228,214
229,216
230,217
231,217
232,219
233,222
234,222
235,222
236,223
237,223
238,227
239,227
240,226
241,228
242,230
243,230
244,229
245,232
246,234
247,233
248,234
249,237
250,236
251,239
252,239
253,240
254,240
255,243
256,243
257,245
258,246
259,247
260,248
261,248
262,250
263,251
264,251
265,252
266,254
267,256
268,256
269,257
270,259
271,258
272,260
273,257
274,262
275,262
276,264
277,266
278,266
279,266
280,269
281,271
282,271
283,270
284,273
285,273
286,274
287,275
288,275
289,275
290,278
291,280
292,280
293,281
294,283
295,283
296,283
297,285
298,286
299,286
300,288
301,288
302,289
303,292
304,292
305,291
306,293
307,295
308,295
309,297
310,298
311,301
312,301
313,300
314,303
315,303
316,304
317,305
318,305
319,308
320,308
321,309
322,312
323,312
324,311
325,312
326,313
327,315
328,317
329,317
330,316
331,319
332,323
333,322
334,322
335,323
336,324
337,324
338,326
339,328
340,328
341,328
342,330
343,331
344,332
345,333
346,334
347,334
348,336
349,337
350,337
351,339
352,341
353,340
354,343
355,344
356,344
357,346
358,348
359,347
360,347
361,349
362,349
363,351
364,351
365,352
366,354
367,356
368,357
369,357
370,359
371,359
372,359
373,361
374,361
375,363
376,366
377,365
378,366
379,366
380,367
381,369
382,370
383,374
384,372
385,372
386,373
387,375
388,376
389,377
390,378
391,379
392,379
393,382
394,382
395,379
396,382
397,384
398,386
399,387
400,389
401,388
402,390
403,391
404,392
405,395
406,393
407,395
408,396
409,395
410,397
411,400
412,400
413,401
414,401
415,402
416,403
417,403
418,406
419,408
420,407
421,408
422,409
423,411
424,412
425,413
426,414
427,416
428,417
429,416
430,418
431,420
432,419
433,421
434,422
435,422
436,425
437,425
438,426
439,427
440,427
441,428
442,429
443,430
444,433
445,434
446,435
447,435
448,436
449,437
450,437
451,437
452,438
453,442
454,441
455,442
456,443
457,445
458,446
459,447
460,447
461,448
462,450
463,451
464,451
465,453
466,455
467,454
468,456
469,456
470,458
471,459
472,458
473,461
474,461
475,464
476,464
477,465
478,466
479,466
480,468
481,469
482,470
483,470
484,471
485,473
486,474
487,475
488,476
489,475
490,477
491,480
492,480
493,481
494,482
495,481
496,485
497,485
498,486
499,486
500,487
501,489
502,489
503,492
504,493
505,494
506,495
507,495
508,496
509,497
510,497
511,499
512,499
513,503
514,503
515,502
516,503
517,506
518,507
519,508
520,507
521,509
522,510
523,511
524,513
525,514
526,513
527,516
528,515
529,518
530,518
531,519
532,521
533,519
534,522
535,524
536,523
537,526
538,529
539,527
540,528
541,530
542,532
543,532
544,533
545,533
546,534
547,536
548,537
549,538
550,536
551,541
552,541
553,542
554,542
555,545
556,544
557,545
558,547
559,548
560,549
561,549
562,550
563,551
564,554
565,554
566,555
567,556
568,557
569,558
570,559
571,559
572,561
573,562
574,563
575,564
576,564
577,565
578,566
579,567
580,568
581,568
582,571
583,572
584,570
585,574
586,575
587,575
588,576
589,577
590,579
591,579
592,579
593,581
594,584
595,583
596,586
597,585
598,586
599,587
600,587
601,589
602,591
603,590
604,593
605,593
606,593
607,596
608,597
609,597
610,599
611,600
612,600
613,602
614,602
615,603
616,603
617,605
618,605
619,607
620,609
621,609
622,609
623,611
624,612
625,614
626,614
627,618
628,616
629,617
630,618
631,619
632,621
633,622
634,623
635,624
636,624
637,624
638,627
639,628
640,630
641,629
642,630
643,632
644,633
645,637
646,634
647,635
648,637
649,636
650,639
651,641
652,641
653,642
654,643
655,643
656,643
657,647
658,646
659,647
660,647
661,650
662,650
663,651
664,653
665,654
666,654
667,655
668,659
669,658
670,658
671,660
672,661
673,662
674,662
675,663
676,662
677,664
678,667
679,667
680,669
681,670
682,670
683,673
684,671
685,674
686,675
687,674
688,677
689,677
690,679
691,680
692,680
693,686
694,683
695,683
696,686
697,686
698,687
699,688
700,689
701,690
702,691
703,691
704,697
705,694
706,696
707,696
708,696
709,698
710,698
711,700
712,702
713,702
714,702
715,704
716,705
717,706
718,707
719,707
720,708
721,711
722,711
723,712
724,714
725,713
726,715
727,717
728,716
729,718
730,719
731,721
732,722
733,722
734,722
735,724
736,724
737,725
738,728
739,728
740,730
741,729
742,732
743,731
744,736
745,736
746,735
747,735
748,737
749,740
750,739
751,740
752,742
753,741
754,744
755,744
756,745
757,747
758,747
759,749
760,749
761,750
762,751
763,750
764,752
765,754
766,754
767,756
768,757
769,758
770,757
771,760
772,761
773,761
774,765
775,764
776,764
777,766
778,766
779,768
780,769
781,771
782,771
783,773
784,775
785,773
786,776
787,776
788,776
789,778
790,780
791,782
792,781
793,782
794,783
795,786
796,785
797,786
798,788
799,788
800,788
801,790
802,791
803,791
804,793
805,794
806,795
807,797
808,797
809,798
810,798
811,799
812,802
813,803
814,803
815,805
816,805
817,805
818,808
819,808
820,809
821,810
822,810
823,813
824,813
825,813
826,815
827,817
828,817
829,816
830,819
831,821
832,821
833,823
834,822
835,825
836,826
837,826
838,827
839,828
840,830
841,831
842,832
843,832
844,835
845,834
846,835
847,835
848,836
849,838
850,839
851,841
852,840
853,841
854,844
855,845
856,846
857,847
858,847
859,849
860,849
861,850
862,855
863,853
864,854
865,853
866,857
867,854
868,857
869,858
870,859
871,861
872,861
873,863
874,863
875,865
876,865
877,867
878,865
879,867
880,870
881,870
882,871
883,871
884,874
885,873
886,876
887,876
888,876
889,879
890,880
891,881
892,881
893,882
894,883
895,886
896,886
897,888
898,888
899,889
900,888
901,892
902,891
903,894
904,895
905,895
906,897
907,897
908,896
909,899
910,899
911,900
912,902
913,903
914,904
915,905
916,905
917,907
918,908
919,909
920,910
921,910
922,911
923,913
924,914
925,915
926,916
927,917
928,917
929,919
930,922
931,920
932,922
933,923
934,924
935,924
936,927
937,928
938,928
939,930
940,930
941,931
942,932
943,934
944,936
945,935
946,936
947,938
948,937
949,938
950,939
951,943
952,941
953,942
954,943
955,945
956,947
957,948
958,948
959,950
960,952
961,951
962,953
963,952
964,955
965,955
966,957
967,956
968,957
969,959
970,957
971,961
972,960
973,962
974,962
975,965
976,967
977,967
978,968
979,968
980,970
981,971
982,972
983,973
984,973
985,976
986,976
987,977
988,980
989,980
990,980
991,980
992,981
993,983
994,983
995,985
996,987
997,988
998,989
999,988
1000,991
1001,992
1002,991
1003,992
1004,993
1005,996
1006,996
1007,997
1008,999
1009,1000
1010,1000
1011,1002
1012,1002
1013,1003
1014,1005
1015,1005
1016,1006
1017,1008
1018,1008
1019,1009
1020,1011
1021,1011
1022,1011
1023,1012
1024,1014
1025,1015
1026,1016
1027,1017
1028,1018
1029,1019
1030,1020
1031,1022
1032,1022
1033,1024
1034,1025
1035,1026
1036,1026
1037,1028
1038,1029
1039,1030
1040,1030
1041,1031
1042,1032
1043,1034
1044,1034
1045,1035
1046,1037
1047,1039
1048,1039
1049,1040
1050,1041
1051,1042
1052,1044
1053,1044
1054,1046
1055,1047
1056,1046
1057,1049
1058,1046
1059,1050
1060,1050
1061,1052
1062,1053
1063,1054
1064,1054
1065,1056
1066,1057
1067,1058
1068,1058
1069,1061
1070,1060
1071,1061
1072,1063
1073,1065
1074,1065
1075,1066
1076,1067
1077,1067
1078,1069
1079,1071
1080,1071
1081,1072
1082,1071
1083,1074
1084,1075
1085,1076
1086,1077
1087,1076
1088,1079
1089,1081
1090,1081
1091,1084
1092,1083
1093,1084
1094,1085
1095,1086
1096,1088
1097,1087
1098,1090
1099,1089
1100,1090
1101,1093
1102,1092
1103,1095
1104,1094
1105,1096
1106,1098
1107,1097
1108,1098
1109,1100
1110,1100
1111,1101
1112,1103
1113,1105
1114,1103
1115,1106
1116,1106
1117,1109
1118,1109
1119,1110
1120,1111
1121,1113
1122,1115
1123,1113
1124,1113
1125,1116
1126,1118
1127,1119
1128,1121
1129,1121
1130,1120
1131,1121
1132,1124
1133,1122
1134,1126
1135,1126
1136,1126
1137,1128
1138,1130
1139,1129
1140,1130
1141,1132
1142,1133
1143,1132
1144,1136
1145,1137
1146,1137
1147,1138
1148,1140
1149,1140
1150,1141
1151,1142
1152,1144
1153,1145
1154,1145
1155,1147
1156,1148
1157,1149
1158,1149
1159,1151
1160,1151
1161,1151
1162,1154
1163,1154
1164,1156
1165,1156
1166,1156
1167,1160
1168,1159
1169,1160
1170,1160
1171,1161
1172,1163
1173,1163
1174,1164
1175,1165
1176,1166
1177,1167
1178,1169
1179,1168
1180,1172
1181,1171
1182,1173
1183,1173
1184,1175
1185,1176
1186,1176
1187,1177
1188,1179
1189,1180
1190,1181
1191,1181
1192,1182
1193,1185
1194,1184
1195,1186
1196,1187
1197,1188
1198,1189
1199,1190
1200,1191
1201,1191
1202,1193
1203,1193
1204,1196
1205,1195
1206,1197
1207,1197
1208,1199
1209,1201
1210,1201
1211,1204
1212,1203
1213,1205
1214,1204
1215,1205
1216,1207
1217,1208
1218,1209
1219,1210
1220,1210
1221,1212
1222,1214
1223,1215
1224,1213
1225,1217
1226,1218
1227,1218
1228,1217
1229,1220
1230,1222
1231,1222
1232,1223
1233,1224
1234,1225
1235,1225
1236,1227
1237,1228
1238,1228
1239,1230
1240,1232
1241,1233
1242,1233
1243,1234
1244,1236
1245,1236
1246,1236
1247,1237
1248,1240
1249,1240
1250,1241
1251,1242
1252,1241
1253,1242
1254,1248
1255,1247
1256,1248
1257,1249
1258,1247
1259,1251
1260,1250
1261,1253
1262,1254
1263,1254
1264,1255
1265,1258
1266,1259
1267,1258
1268,1261
1269,1260
1270,1258
1271,1263
1272,1264
1273,1265
1274,1265
1275,1265
1276,1268
1277,1267
1278,1269
1279,1271
1280,1270
1281,1273
1282,1273
1283,1275
1284,1275
1285,1276
1286,1279
1287,1278
1288,1280
1289,1281
1290,1281
1291,1283
1292,1284
1293,1284
1294,1285
1295,1286
1296,1289
1297,1288
1298,1290
1299,1292
1300,1290
1301,1292
1302,1295
1303,1294
1304,1295
1305,1296
1306,1297
1307,1299
1308,1301
1309,1300
1310,1303
1311,1301
1312,1305
1313,1305
1314,1305
1315,1305
1316,1306
1317,1306
1318,1311
1319,1312
1320,1312
1321,1313
1322,1314
1323,1316
1324,1315
1325,1317
1326,1317
1327,1319
1328,1319
1329,1318
1330,1321
1331,1322
1332,1323
1333,1324
1334,1326
1335,1325
1336,1328
1337,1329
1338,1329
1339,1330
1340,1333
1341,1332
1342,1336
1343,1335
1344,1336
1345,1335
1346,1337
1347,1340
1348,1339
1349,1342
1350,1341
1351,1342
1352,1343
1353,1344
1354,1346
1355,1346
1356,1346
1357,1348
1358,1350
1359,1350
1360,1349
1361,1352
1362,1357
1363,1354
1364,1356
1365,1356
1366,1357
1367,1359
1368,1359
1369,1360
1370,1360
1371,1364
1372,1364
1373,1366
1374,1366
1375,1367
1376,1368
1377,1369
1378,1369
1379,1371
1380,1374
1381,1372
1382,1372
1383,1374
1384,1376
1385,1377
1386,1376
1387,1377
1388,1380
1389,1380
1390,1380
1391,1383
1392,1382
1393,1383
1394,1386
1395,1387
1396,1387
1397,1388
1398,1389
1399,1392
1400,1393
1401,1392
1402,1393
1403,1395
1404,1395
1405,1396
1406,1396
1407,1399
1408,1400
1409,1399
1410,1402
1411,1404
1412,1404
1413,1405
1414,1407
1415,1406
1416,1408
1417,1408
1418,1410
1419,1410
1420,1412
1421,1412
1422,1414
1423,1415
1424,1415
1425,1416
1426,1418
1427,1418
1428,1419
1429,1421
1430,1420
1431,1423
1432,1423
1433,1423
1434,1425
1435,1427
1436,1427
1437,1428
1438,1429
1439,1430
1440,1433
1441,1431
1442,1434
1443,1434
1444,1435
1445,1436
1446,1436
1447,1439
1448,1439
1449,1440
1450,1441
1451,1442
1452,1444
1453,1445
1454,1445
1455,1444
1456,1446
1457,1448
1458,1449
1459,1451
1460,1452
1461,1452
1462,1451
1463,1452
1464,1455
1465,1456
1466,1458
1467,1459
1468,1459
1469,1460
1470,1461
1471,1461
1472,1463
1473,1464
1474,1464
1475,1467
1476,1467
1477,1467
1478,1468
1479,1469
1480,1470
1481,1472
1482,1474
1483,1475
1484,1475
1485,1476
1486,1477
1487,1478
1488,1479
1489,1479
1490,1482
1491,1483
1492,1483
1493,1484
1494,1484
1495,1486
1496,1487
1497,1487
1498,1489
1499,1491
1500,1489
1501,1491
1502,1495
1503,1493
1504,1495
1505,1497
1506,1495
1507,1499
1508,1498
1509,1502
1510,1501
1511,1503
1512,1504
1513,1504
1514,1505
1515,1506
1516,1507
1517,1509
1518,1509
1519,1511
1520,1511
1521,1514
1522,1512
1523,1516
1524,1516
1525,1516
1526,1519
1527,1519
1528,1520
1529,1521
1530,1521
1531,1523
1532,1525
1533,1524
1534,1525
1535,1526
1536,1527
1537,1528
1538,1529
1539,1530
1540,1531
1541,1532
1542,1534
1543,1534
1544,1535
1545,1536
1546,1537
1547,1539
1548,1540
1549,1540
1550,1542
1551,1544
1552,1544
1553,1545
1554,1546
1555,1544
1556,1548
1557,1549
1558,1548
1559,1550
1560,1551
1561,1555
1562,1555
1563,1555
1564,1556
1565,1556
1566,1557
1567,1559
1568,1560
1569,1561
1570,1562
1571,1561
1572,1560
1573,1565
1574,1565
1575,1568
1576,1568
1577,1568
1578,1568
1579,1570
1580,1571
1581,1573
1582,1574
1583,1574
1584,1576
1585,1577
1586,1577
1587,1577
1588,1580
1589,1581
1590,1582
1591,1581
1592,1584
1593,1582
1594,1585
1595,1586
1596,1588
1597,1590
1598,1590
1599,1589
1600,1591
1601,1593
1602,1594
1603,1594
1604,1597
1605,1597
1606,1596
1607,1598
1608,1599
1609,1596
1610,1601
1611,1602
1612,1603
1613,1605
1614,1608
1615,1605
1616,1607
1617,1608
1618,1609
1619,1611
1620,1612
1621,1611
1622,1613
1623,1613
1624,1615
1625,1617
1626,1617
1627,1619
1628,1621
1629,1620
1630,1621
1631,1620
1632,1624
1633,1624
1634,1625
1635,1626
1636,1626
1637,1629
1638,1629
1639,1630
1640,1631
1641,1631
1642,1634
1643,1634
1644,1634
1645,1637
1646,1638
1647,1638
1648,1639
1649,1640
1650,1639
1651,1642
1652,1641
1653,1643
1654,1644
1655,1644
1656,1647
1657,1648
1658,1649
1659,1651
1660,1653
1661,1652
1662,1654
1663,1653
1664,1655
1665,1656
1666,1656
1667,1658
1668,1659
1669,1658
1670,1662
1671,1662
1672,1663
1673,1663
1674,1666
1675,1666
1676,1667
1677,1668
1678,1669
1679,1671
1680,1671
1681,1671
1682,1673
1683,1674
1684,1674
1685,1676
1686,1677
1687,1678
1688,1679
1689,1682
1690,1685
1691,1682
1692,1682
1693,1686
1694,1685
1695,1687
1696,1687
1697,1687
1698,1691
1699,1690
1700,1691
1701,1693
1702,1692
1703,1696
1704,1694
1705,1698
1706,1697
1707,1696
1708,1699
1709,1700
1710,1701
1711,1702
1712,1703
1713,1703
1714,1705
1715,1704
1716,1707
1717,1708
1718,1709
1719,1711
1720,1711
1721,1713
1722,1713
1723,1716
1724,1715
1725,1715
1726,1716
1727,1718
1728,1719
1729,1720
1730,1721
1731,1722
1732,1722
1733,1723
1734,1725
1735,1725
1736,1727
1737,1728
1738,1729
1739,1730
1740,1733
1741,1731
1742,1733
1743,1735
1744,1734
1745,1737
1746,1737
1747,1737
1748,1739
1749,1739
1750,1741
1751,1743
1752,1744
1753,1744
1754,1743
1755,1747
1756,1746
1757,1747
1758,1749
1759,1747
1760,1750
1761,1752
1762,1755
1763,1756
1764,1755
1765,1756
1766,1757
1767,1759
1768,1760
1769,1760
1770,1761
1771,1763
1772,1762
1773,1764
1774,1766
1775,1766
1776,1767
1777,1768
1778,1770
1779,1771
1780,1771
1781,1772
1782,1774
1783,1776
1784,1777
1785,1777
1786,1778
1787,1779
1788,1779
1789,1782
1790,1781
1791,1783
1792,1784
1793,1785
1794,1785
1795,1786
1796,1788
1797,1788
1798,1790
1799,1790
1800,1791
1801,1793
1802,1792
1803,1794
1804,1796
1805,1797
1806,1799
1807,1798
1808,1798
1809,1801
1810,1801
1811,1802
1812,1804
1813,1805
1814,1807
1815,1810
1816,1808
1817,1809
1818,1809
1819,1811
1820,1812
1821,1812
1822,1813
1823,1813
1824,1816
1825,1815
1826,1818
1827,1818
1828,1819
1829,1820
1830,1822
1831,1822
1832,1825
1833,1824
1834,1825
1835,1826
1836,1829
1837,1830
1838,1829
1839,1830
1840,1830
1841,1832
1842,1835
1843,1836
1844,1835
1845,1837
1846,1839
1847,1838
1848,1840
1849,1841
1850,1841
1851,1843
1852,1844
1853,1844
1854,1846
1855,1845
1856,1848
1857,1848
1858,1849
1859,1850
1860,1852
1861,1851
1862,1853
1863,1856
1864,1856
1865,1857
1866,1858
1867,1859
1868,1859
1869,1861
1870,1861
1871,1864
1872,1862
1873,1864
1874,1865
1875,1867
1876,1867
1877,1868
1878,1869
1879,1872
1880,1872
1881,1872
1882,1873
1883,1874
1884,1876
1885,1879
1886,1876
1887,1878
1888,1880
1889,1881
1890,1881
1891,1883
1892,1884
1893,1884
1894,1887
1895,1885
1896,1888
1897,1888
1898,1889
1899,1891
1900,1892
1901,1892
1902,1893
1903,1894
1904,1895
1905,1895
1906,1896
1907,1899
1908,1899
1909,1901
1910,1901
1911,1903
1912,1903
1913,1906
1914,1905
1915,1907
1916,1908
1917,1909
1918,1910
1919,1911
1920,1912
1921,1912
1922,1913
1923,1916
1924,1917
1925,1915
1926,1917
1927,1918
1928,1920
1929,1921
1930,1922
1931,1922
1932,1922
1933,1924
1934,1927
1935,1927
1936,1928
1937,1928
1938,1930
1939,1930
1940,1931
1941,1932
1942,1933
1943,1935
1944,1935
1945,1936
1946,1938
1947,1939
1948,1940
1949,1941
1950,1941
1951,1943
1952,1944
1953,1944
1954,1945
1955,1947
1956,1949
1957,1948
1958,1949
1959,1955
1960,1950
1961,1952
1962,1951
1963,1954
1964,1957
1965,1955
1966,1957
1967,1957
1968,1958
1969,1960
1970,1961
1971,1961
1972,1962
1973,1964
1974,1965
1975,1966
1976,1967
1977,1968
1978,1970
1979,1969
1980,1971
1981,1973
1982,1973
1983,1975
1984,1975
1985,1977
1986,1977
1987,1977
1988,1980
1989,1979
1990,1980
1991,1984
1992,1981
1993,1984
1994,1985
1995,1984
1996,1988
1997,1988
1998,1989
1999,1990
2000,1991
2001,1992
2002,1994
2003,1995
2004,1994
2005,1996
2006,1997
2007,1997
2008,2000
2009,2003
2010,2003
2011,2003
2012,2004
2013,2005
2014,2006
2015,2006
2016,2009
2017,2009
2018,2011
2019,2012
2020,2015
2021,2014
2022,2014
2023,2014
2024,2016
2025,2017
2026,2019
2027,2022
2028,2022
2029,2021
2030,2022
2031,2022
2032,2025
2033,2026
2034,2025
2035,2027
2036,2027
2037,2029
2038,2030
2039,2032
2040,2031
2041,2033
2042,2034
2043,2036
2044,2036
2045,2037
2046,2039
2047,2040
2048,2039
2049,2041
2050,2043
2051,2042
2052,2044
2053,2044
2054,2046
2055,2046
2056,2049
2057,2050
2058,2052
2059,2052
2060,2053
2061,2054
2062,2054
2063,2056
2064,2056
2065,2059
2066,2059
2067,2059
2068,2059
2069,2062
2070,2063
2071,2062
2072,2063
2073,2066
2074,2067
2075,2067
2076,2068
2077,2069
2078,2070
2079,2070
2080,2073
2081,2074
2082,2074
2083,2074
2084,2074
2085,2077
2086,2078
2087,2078
2088,2080
2089,2080
2090,2083
2091,2082
2092,2084
2093,2085
2094,2086
2095,2087
2096,2087
2097,2089
2098,2091
2099,2091
2100,2092
2101,2092
2102,2096
2103,2095
2104,2095
2105,2099
2106,2099
2107,2099
2108,2100
2109,2101
2110,2102
2111,2101
2112,2105
2113,2106
2114,2107
2115,2106
2116,2108
2117,2109
2118,2110
2119,2111
2120,2110
2121,2112
2122,2114
2123,2116
2124,2116
2125,2115
2126,2119
2127,2119
2128,2120
2129,2121
2130,2122
2131,2123
2132,2122
2133,2126
2134,2126
2135,2127
2136,2129
2137,2130
2138,2130
2139,2133
2140,2132
2141,2132
2142,2134
2143,2135
2144,2136
2145,2137
2146,2139
2147,2138
2148,2140
2149,2140
2150,2142
2151,2143
2152,2143
2153,2145
2154,2146
2155,2147
2156,2147
2157,2148
2158,2148
2159,2151
2160,2153
2161,2152
2162,2155
2163,2154
2164,2155
2165,2156
2166,2158
2167,2159
2168,2160
2169,2160
2170,2162
2171,2164
2172,2163
2173,2166
2174,2165
2175,2167
2176,2167
2177,2169
2178,2169
2179,2170
2180,2172
2181,2172
2182,2175
2183,2174
2184,2174
2185,2177
2186,2177
2187,2177
2188,2180
2189,2180
2190,2183
2191,2182
2192,2185
2193,2184
2194,2188
2195,2187
2196,2189
2197,2188
2198,2192
2199,2191
2200,2192
2201,2193
2202,2194
2203,2195
2204,2196
2205,2198
2206,2198
2207,2199
2208,2200
2209,2201
2210,2202
2211,2202
2212,2204
2213,2204
2214,2206
2215,2207
2216,2207
2217,2207
2218,2208
2219,2211
2220,2210
2221,2213
2222,2213
2223,2214
2224,2215
2225,2216
2226,2219
2227,2220
2228,2221
2229,2220
2230,2221
2231,2222
2232,2224
2233,2225
2234,2227
2235,2226
2236,2228
2237,2228
2238,2230
2239,2232
2240,2231
2241,2232
2242,2235
2243,2236
2244,2236
2245,2237
2246,2239
2247,2240
2248,2239
2249,2241
2250,2242
2251,2244
2252,2243
2253,2246
2254,2244
2255,2248
2256,2246
2257,2247
2258,2250
2259,2249
2260,2251
2261,2251
2262,2253
2263,2254
2264,2255
2265,2256
2266,2257
2267,2263
2268,2258
2269,2260
2270,2259
2271,2262
2272,2259
2273,2264
2274,2266
2275,2267
2276,2268
2277,2268
2278,2270
2279,2270
2280,2272
2281,2272
2282,2273
2283,2275
2284,2275
2285,2277
2286,2278
2287,2279
2288,2279
2289,2281
2290,2281
2291,2281
2292,2282
2293,2284
2294,2285
2295,2287
2296,2288
2297,2287
2298,2288
2299,2291
2300,2291
2301,2292
2302,2292
2303,2294
2304,2296
2305,2297
2306,2298
2307,2300
2308,2298
2309,2301
2310,2301
2311,2300
2312,2304
2313,2303
2314,2304
2315,2308
2316,2307
2317,2309
2318,2310
2319,2309
2320,2311
2321,2313
2322,2314
2323,2314
2324,2316
2325,2316
2326,2318
2327,2318
2328,2319
2329,2321
2330,2322
2331,2322
2332,2322
2333,2324
2334,2325
2335,2327
2336,2329
2337,2328
2338,2329
2339,2329
2340,2330
2341,2332
2342,2332
2343,2335
2344,2334
2345,2335
2346,2337
2347,2338
2348,2339
2349,2341
2350,2343
2351,2343
2352,2344
2353,2345
2354,2345
2355,2346
2356,2348
2357,2349
2358,2346
2359,2350
2360,2351
2361,2351
2362,2353
2363,2355
2364,2354
2365,2354
2366,2357
2367,2358
2368,2356
2369,2359
2370,2360
2371,2363
2372,2365
2373,2364
2374,2365
2375,2367
2376,2366
2377,2369
2378,2370
2379,2368
2380,2371
2381,2372
2382,2374
2383,2376
2384,2375
2385,2377
2386,2377
2387,2379
2388,2379
2389,2381
2390,2381
2391,2381
2392,2384
2393,2383
2394,2385
2395,2385
2396,2387
2397,2387
2398,2388
2399,2390
2400,2391
2401,2392
2402,2392
2403,2396
2404,2397
2405,2397
2406,2398
2407,2398
2408,2399
2409,2400
2410,2402
2411,2404
2412,2402
2413,2406
2414,2405
2415,2406
2416,2407
2417,2408
2418,2408
2419,2410
2420,2411
2421,2412
2422,2413
2423,2416
2424,2414
2425,2414
2426,2417
2427,2418
2428,2418
2429,2420
2430,2420
2431,2422
2432,2423
2433,2423
2434,2424
2435,2426
2436,2427
2437,2427
2438,2430
2439,2431
2440,2431
2441,2431
2442,2433
2443,2433
2444,2435
2445,2436
2446,2437
2447,2439
2448,2438
2449,2441
2450,2442
2451,2441
2452,2443
2453,2443
2454,2444
2455,2445
2456,2446
2457,2449
2458,2448
2459,2449
2460,2451
2461,2453
2462,2453
2463,2453
2464,2455
2465,2457
2466,2457
2467,2459
2468,2460
2469,2461
2470,2461
2471,2462
2472,2462
2473,2463
2474,2465
2475,2465
2476,2467
2477,2468
2478,2471
2479,2469
2480,2471
2481,2472
2482,2472
2483,2474
2484,2475
2485,2473
2486,2473
2487,2477
2488,2479
2489,2480
2490,2480
2491,2482
2492,2483
2493,2483
2494,2486
2495,2487
2496,2485
2497,2486
2498,2488
2499,2489
2500,2491
2501,2492
2502,2492
2503,2494
2504,2493
2505,2495
2506,2496
2507,2499
2508,2495
2509,2501
2510,2502
2511,2501
2512,2505
2513,2503
2514,2505
2515,2505
2516,2508
2517,2509
2518,2508
2519,2511
2520,2511
2521,2513
2522,2512
2523,2513
2524,2516
2525,2516
2526,2516
2527,2519
2528,2519
2529,2519
2530,2521
2531,2523
2532,2522
2533,2523
2534,2525
2535,2527
2536,2527
2537,2528
2538,2529
2539,2530
2540,2531
2541,2533
2542,2534
2543,2535
2544,2535
2545,2537
2546,2537
2547,2537
2548,2538
2549,2540
2550,2542
2551,2542
2552,2543
2553,2544
2554,2546
2555,2546
2556,2548
2557,2549
2558,2550
2559,2549
2560,2551
2561,2551
2562,2556
2563,2552
2564,2556
2565,2556
2566,2557
2567,2558
2568,2560
2569,2560
2570,2560
2571,2562
2572,2564
2573,2565
2574,2564
2575,2565
2576,2567
2577,2569
2578,2571
2579,2570
2580,2570
2581,2571
2582,2574
2583,2574
2584,2574
2585,2576
2586,2576
2587,2578
2588,2577
2589,2580
2590,2582
2591,2581
2592,2582
2593,2586
2594,2586
2595,2585
2596,2586
2597,2587
2598,2590
2599,2590
2600,2591
2601,2592
2602,2594
2603,2594
2604,2595
2605,2595
2606,2597
2607,2599
2608,2599
2609,2599
2610,2601
2611,2602
2612,2603
2613,2606
2614,2605
2615,2607
2616,2608
2617,2607
2618,2608
2619,2609
2620,2612
2621,2614
2622,2613
2623,2615
2624,2614
2625,2617
2626,2619
2627,2618
2628,2618
2629,2620
2630,2621
2631,2623
2632,2623
2633,2622
2634,2625
2635,2626
2636,2627
2637,2627
2638,2628
2639,2630
2640,2630
2641,2633
2642,2633
2643,2631
2644,2633
2645,2635
2646,2636
2647,2636
2648,2640
2649,2640
2650,2641
2651,2641
2652,2639
2653,2645
2654,2644
2655,2645
2656,2646
2657,2647
2658,2649
2659,2650
2660,2652
2661,2652
2662,2652
2663,2654
2664,2654
2665,2655
2666,2658
2667,2659
2668,2659
2669,2660
2670,2662
2671,2662
2672,2662
2673,2663
2674,2665
2675,2665
2676,2665
2677,2667
2678,2668
2679,2670
2680,2672
2681,2671
2682,2672
2683,2673
2684,2675
2685,2677
2686,2676
2687,2678
2688,2679
2689,2680
2690,2680
2691,2683
2692,2683
2693,2682
2694,2685
2695,2686
2696,2686
2697,2688
2698,2689
2699,2691
2700,2691
2701,2694
2702,2693
2703,2694
2704,2694
2705,2695
2706,2696
2707,2699
2708,2699
2709,2699
2710,2700
2711,2701
2712,2702
2713,2703
2714,2704
2715,2705
2716,2706
2717,2705
2718,2709
2719,2709
2720,2710
2721,2712
2722,2713
2723,2713
2724,2714
2725,2717
2726,2717
2727,2717
2728,2718
2729,2720
2730,2720
2731,2721
2732,2722
2733,2722
2734,2723
2735,2726
2736,2725
2737,2727
2738,2728
2739,2728
2740,2730
2741,2732
2742,2733
2743,2733
2744,2734
2745,2734
2746,2735
2747,2737
2748,2737
2749,2740
2750,2740
2751,2741
2752,2743
2753,2746
2754,2745
2755,2745
2756,2743
2757,2747
2758,2748
2759,2749
2760,2751
2761,2753
2762,2753
2763,2753
2764,2753
2765,2755
2766,2757
2767,2759
2768,2760
2769,2760
2770,2761
2771,2761
2772,2764
2773,2764
2774,2764
2775,2767
2776,2766
2777,2768
2778,2769
2779,2771
2780,2773
2781,2772
2782,2773
2783,2773
2784,2775
2785,2776
2786,2776
2787,2778
2788,2779
2789,2779
2790,2781
2791,2783
2792,2781
2793,2785
2794,2786
2795,2787
2796,2786
2797,2788
2798,2788
2799,2791
2800,2790
2801,2791
2802,2793
2803,2793
2804,2797
2805,2796
2806,2797
2807,2799
2808,2799
2809,2799
2810,2801
2811,2801
2812,2801
2813,2804
2814,2805
2815,2806
2816,2805
2817,2809
2818,2812
2819,2811
2820,2811
2821,2812
2822,2814
2823,2814
2824,2813
2825,2816
2826,2817
2827,2819
2828,2819
2829,2820
2830,2819
2831,2823
2832,2822
2833,2825
2834,2823
2835,2826
2836,2826
2837,2827
2838,2828
2839,2829
2840,2829
2841,2832
2842,2833
2843,2834
2844,2834
2845,2835
2846,2834
2847,2840
2848,2839
2849,2840
2850,2842
2851,2844
2852,2843
2853,2845
2854,2845
2855,2845
2856,2849
2857,2848
2858,2849
2859,2849
2860,2852
2861,2851
2862,2855
2863,2853
2864,2855
2865,2855
2866,2857
2867,2858
2868,2859
2869,2860
2870,2861
2871,2861
2872,2862
2873,2865
2874,2866
2875,2867
2876,2867
2877,2867
2878,2869
2879,2868
2880,2869
2881,2873
2882,2873
2883,2874
2884,2875
2885,2875
2886,2876
2887,2876
2888,2879
2889,2879
2890,2881
2891,2881
2892,2882
2893,2884
2894,2884
2895,2886
2896,2885
2897,2887
2898,2886
2899,2889
2900,2890
2901,2890
2902,2892
2903,2896
2904,2893
2905,2896
2906,2897
2907,2897
2908,2900
2909,2897
2910,2901
2911,2901
2912,2901
2913,2903
2914,2905
2915,2907
2916,2906
2917,2907
2918,2908
2919,2909
2920,2911
2921,2912
2922,2913
2923,2913
2924,2915
2925,2915
2926,2918
2927,2916
2928,2919
2929,2919
2930,2919
2931,2922
2932,2925
2933,2926
2934,2924
2935,2927
2936,2927
2937,2927
2938,2930
2939,2929
2940,2930
2941,2931
2942,2933
2943,2935
2944,2936
2945,2936
2946,2934
2947,2937
2948,2938
2949,2939
2950,2941
2951,2945
2952,2943
2953,2944
2954,2945
2955,2946
2956,2949
2957,2948
2958,2948
2959,2948
2960,2949
2961,2951
2962,2952
2963,2953
2964,2956
2965,2955
2966,2957
2967,2958
2968,2957
2969,2959
2970,2959
2971,2962
2972,2964
2973,2963
2974,2963
2975,2966
2976,2967
2977,2967
2978,2968
2979,2969
2980,2971
2981,2971
2982,2972
2983,2973
2984,2973
2985,2975
2986,2976
2987,2976
2988,2979
2989,2978
2990,2980
2991,2981
2992,2984
2993,2982
2994,2984
2995,2985
2996,2986
2997,2988
2998,2988
2999,2990
3000,2991
3001,2990
3002,2991
3003,2994
3004,2994
3005,2995
3006,2996
3007,2997
3008,2998
3009,2999
3010,3000
3011,3003
3012,3003
3013,3002
3014,3004
3015,3005
3016,3006
3017,3008
3018,3008
3019,3008
3020,3012
3021,3011
3022,3012
3023,3014
3024,3015
3025,3016
3026,3017
3027,3017
3028,3019
3029,3020
3030,3020
3031,3020
3032,3024
3033,3023
3034,3025
3035,3027
3036,3027
3037,3028
3038,3028
3039,3030
3040,3031
3041,3031
3042,3033
3043,3033
3044,3032
3045,3037
3046,3036
3047,3037
3048,3038
3049,3038
3050,3040
3051,3041
3052,3045
3053,3044
3054,3044
3055,3045
3056,3046
3057,3047
3058,3049
3059,3052
3060,3052
3061,3052
3062,3055
3063,3054
3064,3054
3065,3055
3066,3057
3067,3058
3068,3057
3069,3059
3070,3062
3071,3061
3072,3064
3073,3064
3074,3064
3075,3065
3076,3066
3077,3067
3078,3069
3079,3069
3080,3070
3081,3071
3082,3073
3083,3071
3084,3076
3085,3075
3086,3076
3087,3077
3088,3080
3089,3079
3090,3079
3091,3081
3092,3084
3093,3085
3094,3084
3095,3085
3096,3086
3097,3087
3098,3089
3099,3090
3100,3090
3101,3092
3102,3092
3103,3093
3104,3096
3105,3095
3106,3096
3107,3097
3108,3097
3109,3098
3110,3101
3111,3102
3112,3102
3113,3102
3114,3104
3115,3105
3116,3106
3117,3105
3118,3108
3119,3110
3120,3112
3121,3111
3122,3112
3123,3113
3124,3115
3125,3116
3126,3117
3127,3117
3128,3117
3129,3120
3130,3120
3131,3123
3132,3121
3133,3124
3134,3125
3135,3124
3136,3124
3137,3129
3138,3128
3139,3129
3140,3130
3141,3133
3142,3134
3143,3134
3144,3134
3145,3136
3146,3136
3147,3137
3148,3138
3149,3140
3150,3139
3151,3141
3152,3141
3153,3143
3154,3144
3155,3147
3156,3146
3157,3148
3158,3146
3159,3150
3160,3150
3161,3153
3162,3151
3163,3154
3164,3153
3165,3155
3166,3156
3167,3157
3168,3159
3169,3159
3170,3160
3171,3161
3172,3163
3173,3163
3174,3164
3175,3162
3176,3167
3177,3168
3178,3167
3179,3168
3180,3170
3181,3172
3182,3173
3183,3173
3184,3174
3185,3174
3186,3177
3187,3178
3188,3177
3189,3180
3190,3179
3191,3180
3192,3183
3193,3184
3194,3184
3195,3185
3196,3186
3197,3188
3198,3188
3199,3189
3200,3190
3201,3191
3202,3193
3203,3193
3204,3194
3205,3195
3206,3196
3207,3197
3208,3199
3209,3199
3210,3200
3211,3203
3212,3202
3213,3203
3214,3203
3215,3205
3216,3206
3217,3207
3218,3207
3219,3209
3220,3209
3221,3212
3222,3211
3223,3212
3224,3212
3225,3215
3226,3216
3227,3217
3228,3218
3229,3219
3230,3220
3231,3221
3232,3221
3233,3224
3234,3223
3235,3225
3236,3225
3237,3228
3238,3229
3239,3228
3240,3229
3241,3230
3242,3233
3243,3232
3244,3234
3245,3236
3246,3235
3247,3238
3248,3239
3249,3239
3250,3239
3251,3240
3252,3242
3253,3242
3254,3244
3255,3245
3256,3246
3257,3247
3258,3248
3259,3248
3260,3251
3261,3252
3262,3253
3263,3253
3264,3254
3265,3255
3266,3256
3267,3259
3268,3257
3269,3260
3270,3261
3271,3261
3272,3261
3273,3263
3274,3265
3275,3266
3276,3266
3277,3267
3278,3269
3279,3270
3280,3270
3281,3270
3282,3270
3283,3273
3284,3273
3285,3276
3286,3277
3287,3277
3288,3278
3289,3278
3290,3280
3291,3281
3292,3281
3293,3283
3294,3282
3295,3284
3296,3286
3297,3286
3298,3288
3299,3289
3300,3289
3301,3291
3302,3292
3303,3290
3304,3293
3305,3296
3306,3296
3307,3297
3308,3297
3309,3301
3310,3299
3311,3301
3312,3303
3313,3303
3314,3303
3315,3305
3316,3305
3317,3307
3318,3309
3319,3308
3320,3311
3321,3312
3322,3312
3323,3313
3324,3311
3325,3317
3326,3311
3327,3319
3328,3318
3329,3319
3330,3320
3331,3320
3332,3322
3333,3324
3334,3325
3335,3326
3336,3327
3337,3327
3338,3328
3339,3328
3340,3329
3341,3331
3342,3332
3343,3334
3344,3334
3345,3335
3346,3337
3347,3337
3348,3337
3349,3339
3350,3341
3351,3341
3352,3343
3353,3341
3354,3345
3355,3345
3356,3346
3357,3349
3358,3349
3359,3349
3360,3351
3361,3350
3362,3351
3363,3351
3364,3355
3365,3354
3366,3356
3367,3356
3368,3356
3369,3357
3370,3361
3371,3361
3372,3362
3373,3362
3374,3364
3375,3365
3376,3367
3377,3366
3378,3367
3379,3369
3380,3370
3381,3369
3382,3373
3383,3374
3384,3373
3385,3376
3386,3375
3387,3377
3388,3377
3389,3379
3390,3379
3391,3381
3392,3382
3393,3382
3394,3383
3395,3384
3396,3386
3397,3387
3398,3387
3399,3388
3400,3390
3401,3391
3402,3390
3403,3393
3404,3394
3405,3395
3406,3398
3407,3398
3408,3398
3409,3400
3410,3401
3411,3400
3412,3402
3413,3401
3414,3406
3415,3406
3416,3406
3417,3407
3418,3407
3419,3409
3420,3411
3421,3409
3422,3411
3423,3414
3424,3413
3425,3415
3426,3415
3427,3418
3428,3417
3429,3418
3430,3423
3431,3419
3432,3421
3433,3421
3434,3429
3435,3424
3436,3426
3437,3425
3438,3429
3439,3428
3440,3430
3441,3430
3442,3432
3443,3433
3444,3435
3445,3435
3446,3433
3447,3438
3448,3438
3449,3439
3450,3439
3451,3441
3452,3442
3453,3444
3454,3444
3455,3447
3456,3445
3457,3446
3458,3447
3459,3447
3460,3449
3461,3452
3462,3452
3463,3453
3464,3453
3465,3454
3466,3455
3467,3460
3468,3458
3469,3458
3470,3464
3471,3458
3472,3461
3473,3463
3474,3463
3475,3464
3476,3464
3477,3465
3478,3467
3479,3471
3480,3470
3481,3469
3482,3472
3483,3473
3484,3472
3485,3475
3486,3476
3487,3477
3488,3477
3489,3479
3490,3479
3491,3480
3492,3481
3493,3482
3494,3484
3495,3486
3496,3485
3497,3487
3498,3488
3499,3490
3500,3490
3501,3490
3502,3491
3503,3491
3504,3494
3505,3494
3506,3496
3507,3495
3508,3496
3509,3499
3510,3500
3511,3501
3512,3504
3513,3505
3514,3504
3515,3504
3516,3506
3517,3506
3518,3509
3519,3507
3520,3509
3521,3510
3522,3512
3523,3513
3524,3513
3525,3516
3526,3516
3527,3515
3528,3517
3529,3519
3530,3521
3531,3520
3532,3522
3533,3523
3534,3525
3535,3524
3536,3526
3537,3526
3538,3528
3539,3528
3540,3530
3541,3531
3542,3531
3543,3533
3544,3533
3545,3535
3546,3536
3547,3535
3548,3537
3549,3538
3550,3539
3551,3542
3552,3542
3553,3542
3554,3542
3555,3544
3556,3546
3557,3547
3558,3547
3559,3549
3560,3550
3561,3552
3562,3552
3563,3552
3564,3554
3565,3554
3566,3556
3567,3557
3568,3558
3569,3559
3570,3561
3571,3561
3572,3561
3573,3559
3574,3564
3575,3563
3576,3566
3577,3568
3578,3567
3579,3569
3580,3569
3581,3571
3582,3573
3583,3573
3584,3573
3585,3575
3586,3575
3587,3576
3588,3578
3589,3578
3590,3581
3591,3581
3592,3582
3593,3582
3594,3582
3595,3585
3596,3586
3597,3586
3598,3586
3599,3588
3600,3590
3601,3591
3602,3592
3603,3594
3604,3594
3605,3596
3606,3595
3607,3596
3608,3597
3609,3599
3610,3600
3611,3599
3612,3601
3613,3602
3614,3602
3615,3605
3616,3606
3617,3607
3618,3608
3619,3610
3620,3611
3621,3609
3622,3610
3623,3614
3624,3614
3625,3615
3626,3615
3627,3616
3628,3614
3629,3618
3630,3620
3631,3620
3632,3621
3633,3623
3634,3624
3635,3623
3636,3625
3637,3626
3638,3627
3639,3630
3640,3630
3641,3631
3642,3631
3643,3631
3644,3634
3645,3634
3646,3635
3647,3637
3648,3636
3649,3637
3650,3637
3651,3640
3652,3641
3653,3643
3654,3644
3655,3645
3656,3644
3657,3647
3658,3647
3659,3648
3660,3649
3661,3649
3662,3651
3663,3652
3664,3652
3665,3654
3666,3655
3667,3655
3668,3657
3669,3657
3670,3657
3671,3659
3672,3662
3673,3662
3674,3664
3675,3664
3676,3662
3677,3666
3678,3666
3679,3666
3680,3670
3681,3670
3682,3671
3683,3674
3684,3673
3685,3673
3686,3676
3687,3676
3688,3676
3689,3678
3690,3678
3691,3681
3692,3680
3693,3682
3694,3682
3695,3684
3696,3685
3697,3685
3698,3687
3699,3687
3700,3690
3701,3689
3702,3690
3703,3693
3704,3693
3705,3694
3706,3695
3707,3693
3708,3697
3709,3697
3710,3697
3711,3698
3712,3700
3713,3702
3714,3703
3715,3703
3716,3703
3717,3706
3718,3707
3719,3707
3720,3708
3721,3710
3722,3710
3723,3712
3724,3713
3725,3713
3726,3715
3727,3715
3728,3716
3729,3718
3730,3719
3731,3719
3732,3721
3733,3721
3734,3723
3735,3722
3736,3724
3737,3727
3738,3727
3739,3727
3740,3728
3741,3729
3742,3730
3743,3730
3744,3734
3745,3733
3746,3735
3747,3736
3748,3737
3749,3736
3750,3739
3751,3739
3752,3741
3753,3741
3754,3743
3755,3744
3756,3745
3757,3746
3758,3746
3759,3747
3760,3749
3761,3750
3762,3750
3763,3751
3764,3751
3765,3752
3766,3755
3767,3755
3768,3755
3769,3758
3770,3759
3771,3758
3772,3761
3773,3760
3774,3762
3775,3764
3776,3765
3777,3765
3778,3766
3779,3767
3780,3768
3781,3770
3782,3770
3783,3772
3784,3772
3785,3773
3786,3774
3787,3774
3788,3777
3789,3777
3790,3778
3791,3779
3792,3780
3793,3781
3794,3782
3795,3784
3796,3783
3797,3785
3798,3786
3799,3788
3800,3784
3801,3790
3802,3788
3803,3790
3804,3792
3805,3793
3806,3790
3807,3795
3808,3796
3809,3797
3810,3798
3811,3799
3812,3800
3813,3801
3814,3801
3815,3803
3816,3804
3817,3804
3818,3806
3819,3807
3820,3808
3821,3810
3822,3810
3823,3810
3824,3812
3825,3815
3826,3814
3827,3816
3828,3815
3829,3817
3830,3818
3831,3819
3832,3819
3833,3822
3834,3822
3835,3822
3836,3823
3837,3824
3838,3825
3839,3828
3840,3828
3841,3827
3842,3830
3843,3831
3844,3831
3845,3832
3846,3834
3847,3835
3848,3835
3849,3837
3850,3836
3851,3838
3852,3840
3853,3840
3854,3843
3855,3839
3856,3843
3857,3845
3858,3845
3859,3847
3860,3850
3861,3851
3862,3849
3863,3850
3864,3852
3865,3856
3866,3853
3867,3855
3868,3856
3869,3856
3870,3857
3871,3858
3872,3860
3873,3860
3874,3861
3875,3862
3876,3864
3877,3864
3878,3865
3879,3867
3880,3867
3881,3868
3882,3870
3883,3870
3884,3872
3885,3872
3886,3876
3887,3874
3888,3876
3889,3878
3890,3876
3891,3878
3892,3880
3893,3881
3894,3882
3895,3882
3896,3884
3897,3886
3898,3885
3899,3886
3900,3887
3901,3889
3902,3890
3903,3891
3904,3892
3905,3892
3906,3893
3907,3896
3908,3896
3909,3898
3910,3898
3911,3898
3912,3900
3913,3900
3914,3904
3915,3903
3916,3904
3917,3904
3918,3907
3919,3907
3920,3908
3921,3908
3922,3910
3923,3911
3924,3910
3925,3911
3926,3914
3927,3914
3928,3915
3929,3917
3930,3918
3931,3917
3932,3921
3933,3920
3934,3922
3935,3923
3936,3925
3937,3925
3938,3925
3939,3926
3940,3926
3941,3930
3942,3929
3943,3930
3944,3932
3945,3932
3946,3934
3947,3933
3948,3935
3949,3936
3950,3938
3951,3939
3952,3939
3953,3940
3954,3941
3955,3943
3956,3943
3957,3944
3958,3946
3959,3945
3960,3947
3961,3948
3962,3950
3963,3951
3964,3952
3965,3952
3966,3953
3967,3954
3968,3956
3969,3956
3970,3956
3971,3959
3972,3960
3973,3960
3974,3962
3975,3961
3976,3964
3977,3966
3978,3965
3979,3967
3980,3967
3981,3969
3982,3968
3983,3969
3984,3972
3985,3972
3986,3974
3987,3976
3988,3974
3989,3977
3990,3977
3991,3978
3992,3980
3993,3978
3994,3982
3995,3983
3996,3984
3997,3984
3998,3986
3999,3986
4000,3988
4001,3990
4002,3989
4003,3990
4004,3992
4005,3993
4006,3993
4007,3994
4008,3996
4009,3996
4010,3995
4011,3999
4012,3998
4013,4002
4014,4002
4015,4002
4016,4003
4017,4004
4018,4005
4019,4007
4020,4008
4021,4009
4022,4010
4023,4011
4024,4013
4025,4013
4026,4011
4027,4015
4028,4015
4029,4017
4030,4018
4031,4019
4032,4019
4033,4018
4034,4023
4035,4023
4036,4025
4037,4024
4038,4026
4039,4027
4040,4030
4041,4030
4042,4030
4043,4030
4044,4032
4045,4033
4046,4034
4047,4036
4048,4037
4049,4037
4050,4038
4051,4039
4052,4041
4053,4040
4054,4043
4055,4044
4056,4043
4057,4046
4058,4046
4059,4048
4060,4048
4061,4048
4062,4051
4063,4052
4064,4050
4065,4054
4066,4055
4067,4055
4068,4057
4069,4058
4070,4060
4071,4059
4072,4060
4073,4063
4074,4062
4075,4064
4076,4064
4077,4063
4078,4065
4079,4068
4080,4068
4081,4068
4082,4069
4083,4070
4084,4071
4085,4072
4086,4074
4087,4075
4088,4075
4089,4076
4090,4078
4091,4076
4092,4076
4093,4078
4094,4077
4095,4076
0,1
1,1
2,1
3,1
4,1
5,1
6,1
7,1
8,1
9,1
10,1
11,1
12,1
13,1
14,1
15,3
16,3
17,4
18,6
19,6
20,8
21,9
22,11
23,10
24,13
25,12
26,12
27,14
28,15
29,16
30,17
31,19
32,20
33,21
34,22
35,24
36,24
37,27
38,26
39,26
40,29
41,28
42,30
43,32
44,32
45,28
46,35
47,35
48,35
49,36
50,37
51,39
52,39
53,41
54,40
55,43
56,43
57,45
58,46
59,47
60,49
61,48
62,49
63,51
64,51
65,54
66,53
67,55
68,56
69,57
70,57
71,59
72,59
73,60
74,62
75,63
76,64
77,66
78,66
79,66
80,67
81,67
82,70
83,71
84,71
85,72
86,71
87,74
88,73
89,76
90,77
91,79
92,79
93,80
94,82
95,82
96,84
97,84
98,86
99,87
100,87
101,89
102,88
103,90
104,92
105,92
106,92
107,95
108,95
109,96
110,96
111,97
112,100
113,99
114,102
115,102
116,100
117,105
118,105
119,106
120,108
121,109
122,110
123,110
124,112
125,113
126,114
127,114
128,115
129,115
130,116
131,119
132,120
133,120
134,121
135,122
136,123
137,124
138,126
139,125
140,127
141,128
142,129
143,130
144,131
145,133
146,133
147,133
148,135
149,136
150,138
151,138
152,139
153,139
154,142
155,142
156,143
157,144
158,146
159,146
160,147
161,149
162,148
163,149
164,151
165,152
166,153
167,152
168,155
169,156
170,159
171,159
172,158
173,160
174,161
175,162
176,164
177,164
178,167
179,166
180,167
181,168
182,171
183,169
184,172
185,172
186,174
187,175
188,176
189,176
190,177
191,177
192,179
193,180
194,180
195,184
196,182
197,184
198,183
199,187
200,187
201,188
202,188
203,190
204,191
205,192
206,192
207,195
208,196
209,197
210,197
211,198
212,197
213,201
214,200
215,202
216,202
217,204
218,203
219,206
220,206
221,207
222,208
223,210
224,211
225,212
226,214
227,213
228,215
229,217
230,218
231,219
232,219
233,219
234,222
235,222
236,223
237,224
238,225
239,225
240,228
241,228
242,228
243,230
244,230
245,231
246,233
247,235
248,237
249,237
250,238
251,237
252,238
253,241
254,244
255,242
256,243
257,241
258,245
259,247
260,248
261,248
262,251
263,251
264,252
265,254
266,254
267,254
268,257
269,258
270,257
271,260
272,260
273,263
274,263
275,262
276,263
277,264
278,267
279,267
280,267
281,269
282,270
283,270
284,270
285,274
286,277
287,276
288,275
289,278
290,277
291,279
292,279
293,280
294,284
295,284
296,285
297,285
298,284
299,287
300,287
301,289
302,291
303,291
304,292
305,294
306,295
307,295
308,296
309,297
310,297
311,303
312,300
313,300
314,305
315,303
316,304
317,306
318,304
319,308
320,308
321,310
322,312
323,311
324,313
325,313
326,314
327,316
328,317
329,318
330,322
331,319
332,320
333,320
334,322
335,324
336,324
337,326
338,326
339,327
340,328
341,330
342,332
343,329
344,332
345,335
346,334
347,335
348,335
349,336
350,340
351,341
352,340
353,341
354,343
355,341
356,343
357,345
358,348
359,347
360,350
361,350
362,349
363,351
364,352
365,353
366,354
367,355
368,355
369,357
370,359
371,360
372,360
373,360
374,362
375,363
376,365
377,365
378,366
379,367
380,367
381,369
382,368
383,371
384,372
385,375
386,373
387,376
388,379
389,378
390,378
391,379
392,380
393,380
394,382
395,383
396,383
397,386
398,385
399,387
400,388
401,390
402,390
403,391
404,392
405,393
406,395
407,394
408,396
409,397
410,398
411,399
412,401
413,399
414,402
415,403
416,404
417,403
418,406
419,407
420,408
421,410
422,413
423,411
424,411
425,413
426,415
427,415
428,417
429,417
430,417
431,419
432,419
433,421
434,421
435,424
436,425
437,425
438,428
439,427
440,426
441,430
442,430
443,431
444,434
445,433
446,433
447,434
448,436
449,436
450,438
451,438
452,439
453,440
454,441
455,443
456,446
457,445
458,447
459,447
460,448
461,448
462,450
463,451
464,451
465,454
466,454
467,455
468,455
469,458
470,459
471,460
472,459
473,462
474,462
475,461
476,464
477,464
478,464
479,468
480,467
481,467
482,469
483,472
484,471
485,473
486,475
487,474
488,476
489,475
490,476
491,479
492,478
493,481
494,483
495,486
496,483
497,486
498,486
499,486
500,488
501,490
502,490
503,490
504,492
505,493
506,494
507,496
508,496
509,498
510,497
511,499
512,500
513,501
514,501
515,502
516,503
517,506
518,506
519,508
520,508
521,512
522,510
523,512
524,512
525,514
526,515
527,516
528,516
529,517
530,519
531,518
532,517
533,520
534,522
535,525
536,524
537,524
538,526
539,527
540,527
541,528
542,530
543,530
544,530
545,532
546,533
547,535
548,535
549,536
550,538
551,540
552,541
553,541
554,543
555,543
556,544
557,543
558,546
559,546
560,548
561,549
562,551
563,552
564,549
565,554
566,554
567,556
568,556
569,558
570,558
571,559
572,560
573,562
574,562
575,563
576,564
577,565
578,564
579,568
580,568
581,568
582,570
583,571
584,572
585,574
586,574
587,575
588,576
589,576
590,577
591,578
592,580
593,581
594,581
595,583
596,584
597,586
598,585
599,588
600,588
601,590
602,590
603,591
604,593
605,593
606,592
607,593
608,594
609,598
610,598
611,600
612,599
613,601
614,602
615,603
616,604
617,605
618,605
619,608
620,607
621,609
622,610
623,611
624,611
625,613
626,613
627,615
628,617
629,616
630,617
631,618
632,621
633,621
634,621
635,623
636,624
637,625
638,626
639,628
640,627
641,630
642,630
643,630
644,631
645,633
646,634
647,635
648,636
649,637
650,637
651,639
652,640
653,641
654,642
655,642
656,645
657,646
658,647
659,647
660,647
661,649
662,650
663,651
664,651
665,653
666,654
667,656
668,656
669,657
670,659
671,660
672,660
673,661
674,662
675,663
676,665
677,665
678,666
679,667
680,668
681,668
682,669
683,672
684,676
685,672
686,674
687,675
688,676
689,674
690,678
691,679
692,679
693,681
694,682
695,683
696,684
697,686
698,686
699,689
700,689
701,689
702,690
703,691
704,693
705,694
706,694
707,696
708,697
709,698
710,698
711,699
712,700
713,702
714,702
715,703
716,703
717,707
718,707
719,708
720,708
721,711
722,710
723,711
724,708
725,714
726,716
727,716
728,716
729,718
730,718
731,720
732,720
733,721
734,722
735,724
736,724
737,725
738,727
739,728
740,728
741,728
742,731
743,731
744,733
745,733
746,734
747,735
748,736
749,738
750,738
751,740
752,740
753,742
754,742
755,744
756,744
757,745
758,746
759,748
760,748
761,747
762,751
763,750
764,753
765,755
766,755
767,756
768,757
769,758
770,759
771,759
772,762
773,763
774,763
775,765
776,766
777,767
778,768
779,769
780,770
781,771
782,771
783,771
784,773
785,773
786,772
787,776
788,777
789,779
790,779
791,781
792,782
793,783
794,783
795,785
796,784
797,787
798,787
799,789
800,790
801,791
802,791
803,792
804,794
805,795
806,795
807,797
808,797
809,798
810,800
811,800
812,803
813,802
814,802
815,806
816,805
817,806
818,807
819,810
820,810
821,811
822,811
823,812
824,813
825,814
826,814
827,816
828,818
829,821
830,820
831,821
832,818
833,823
834,824
835,826
836,825
837,826
838,828
839,830
840,830
841,831
842,833
843,834
844,833
845,835
846,835
847,836
848,838
849,838
850,840
851,841
852,842
853,840
854,843
855,845
856,846
857,848
858,847
859,849
860,851
861,851
862,852
863,852
864,854
865,856
866,856
867,857
868,862
869,859
870,859
871,861
872,862
873,864
874,863
875,864
876,867
877,868
878,865
879,869
880,870
881,871
882,872
883,873
884,874
885,875
886,876
887,877
888,877
889,880
890,881
891,881
892,883
893,883
894,884
895,886
896,886
897,887
898,888
899,889
900,892
901,892
902,897
903,893
904,895
905,895
906,896
907,899
908,899
909,899
910,901
911,902
912,902
913,904
914,905
915,905
916,906
917,908
918,909
919,908
920,909
921,910
922,913
923,913
924,915
925,914
926,916
927,916
928,919
929,921
930,921
931,921
932,923
933,924
934,924
935,925
936,927
937,927
938,928
939,929
940,930
941,931
942,932
943,935
944,935
945,937
946,937
947,937
948,939
949,940
950,941
951,941
952,946
953,945
954,944
955,943
956,946
957,948
958,948
959,949
960,952
961,951
962,952
963,953
964,955
965,954
966,957
967,958
968,958
969,959
970,961
971,962
972,962
973,963
974,966
975,966
976,967
977,968
978,970
979,973
980,971
981,972
982,973
983,974
984,974
985,976
986,977
987,978
988,980
989,980
990,981
991,981
992,984
993,983
994,985
995,986
996,987
997,988
998,989
999,990
1000,990
1001,992
1002,993
1003,993
1004,994
1005,996
1006,997
1007,999
1008,1000
1009,1000
1010,1001
1011,1002
1012,1002
1013,1004
1014,1005
1015,1006
1016,1007
1017,1008
1018,1010
1019,1011
1020,1012
1021,1012
1022,1013
1023,1014
1024,1016
1025,1017
1026,1018
1027,1019
1028,1019
1029,1019
1030,1021
1031,1026
1032,1025
1033,1024
1034,1026
1035,1027
1036,1027
1037,1030
1038,1029
1039,1031
1040,1030
1041,1032
1042,1034
1043,1035
1044,1034
1045,1036
1046,1037
1047,1038
1048,1040
1049,1040
1050,1042
1051,1043
1052,1045
1053,1045
1054,1045
1055,1047
1056,1048
1057,1049
1058,1049
1059,1055
1060,1053
1061,1052
1062,1054
1063,1054
1064,1055
1065,1056
1066,1057
1067,1059
1068,1061
1069,1062
1070,1062
1071,1062
1072,1065
1073,1065
1074,1065
1075,1067
1076,1068
1077,1069
1078,1070
1079,1071
1080,1072
1081,1073
1082,1073
1083,1074
1084,1073
1085,1076
1086,1077
1087,1078
1088,1079
1089,1080
1090,1081
1091,1083
1092,1084
1093,1085
1094,1086
1095,1087
1096,1087
1097,1087
1098,1089
1099,1090
1100,1092
1101,1091
1102,1092
1103,1094
1104,1096
1105,1096
1106,1099
1107,1099
1108,1102
1109,1101
1110,1101
1111,1102
1112,1101
1113,1105
1114,1105
1115,1106
1116,1107
1117,1109
1118,1110
1119,1111
1120,1112
1121,1112
1122,1114
1123,1114
1124,1116
1125,1116
1126,1117
1127,1119
1128,1120
1129,1118
1130,1121
1131,1122
1132,1126
1133,1124
1134,1126
1135,1126
1136,1126
1137,1128
1138,1130
1139,1127
1140,1131
1141,1133
1142,1134
1143,1135
1144,1137
1145,1135
1146,1137
1147,1139
1148,1140
1149,1140
1150,1142
1151,1143
1152,1142
1153,1149
1154,1146
1155,1147
1156,1148
1157,1149
1158,1150
1159,1150
1160,1152
1161,1154
1162,1153
1163,1157
1164,1155
1165,1158
1166,1158
1167,1159
1168,1159
1169,1161
1170,1161
1171,1162
1172,1165
1173,1164
1174,1165
1175,1168
1176,1167
1177,1170
1178,1170
1179,1170
1180,1171
1181,1173
1182,1174
1183,1175
1184,1176
1185,1178
1186,1177
1187,1179
1188,1179
1189,1181
1190,1182
1191,1183
1192,1184
1193,1183
1194,1185
1195,1184
1196,1187
1197,1188
1198,1189
1199,1190
1200,1191
1201,1192
1202,1194
1203,1194
1204,1195
1205,1198
1206,1199
1207,1198
1208,1201
1209,1200
1210,1202
1211,1204
1212,1203
1213,1204
1214,1205
1215,1206
1216,1208
1217,1207
1218,1210
1219,1213
1220,1212
1221,1212
1222,1214
1223,1214
1224,1215
1225,1217
1226,1218
1227,1218
1228,1219
1229,1221
1230,1221
1231,1223
1232,1223
1233,1225
1234,1226
1235,1225
1236,1227
1237,1228
1238,1229
1239,1232
1240,1231
1241,1234
1242,1233
1243,1235
1244,1236
1245,1238
1246,1239
1247,1237
1248,1239
1249,1242
1250,1242
1251,1243
1252,1244
1253,1244
1254,1246
1255,1247
1256,1248
1257,1249
1258,1249
1259,1252
1260,1252
1261,1251
1262,1253
1263,1253
1264,1255
1265,1257
1266,1257
1267,1259
1268,1260
1269,1260
1270,1262
1271,1263
1272,1263
1273,1263
1274,1263
1275,1266
1276,1267
1277,1269
1278,1270
1279,1271
1280,1272
1281,1272
1282,1273
1283,1272
1284,1276
1285,1275
1286,1278
1287,1276
1288,1280
1289,1281
1290,1281
1291,1283
1292,1283
1293,1286
1294,1285
1295,1286
1296,1288
1297,1289
1298,1287
1299,1290
1300,1290
1301,1292
1302,1294
1303,1294
1304,1294
1305,1297
1306,1298
1307,1299
1308,1299
1309,1301
1310,1303
1311,1302
1312,1304
1313,1303
1314,1306
1315,1305
1316,1308
1317,1309
1318,1309
1319,1310
1320,1311
1321,1312
1322,1313
1323,1314
1324,1315
1325,1316
1326,1318
1327,1318
1328,1320
1329,1320
1330,1322
1331,1323
1332,1322
1333,1322
1334,1325
1335,1326
1336,1328
1337,1330
1338,1331
1339,1330
1340,1332
1341,1331
1342,1333
1343,1335
1344,1335
1345,1335
1346,1338
1347,1339
1348,1339
1349,1340
1350,1341
1351,1341
1352,1345
1353,1344
1354,1346
1355,1347
1356,1348
1357,1348
1358,1349
1359,1353
1360,1351
1361,1352
1362,1353
1363,1354
1364,1357
1365,1357
1366,1356
1367,1358
1368,1359
1369,1358
1370,1361
1371,1362
1372,1364
1373,1363
1374,1365
1375,1369
1376,1368
1377,1368
1378,1369
1379,1371
1380,1371
1381,1373
1382,1374
1383,1373
1384,1376
1385,1376
1386,1377
1387,1378
1388,1379
1389,1381
1390,1384
1391,1382
1392,1384
1393,1383
1394,1386
1395,1386
1396,1390
1397,1389
1398,1388
1399,1391
1400,1392
1401,1391
1402,1394
1403,1394
1404,1395
1405,1396
1406,1396
1407,1397
1408,1401
1409,1399
1410,1400
1411,1402
1412,1404
1413,1405
1414,1406
1415,1406
1416,1406
1417,1408
1418,1410
1419,1410
1420,1413
1421,1412
1422,1413
1423,1415
1424,1416
1425,1416
1426,1416
1427,1416
1428,1418
1429,1420
1430,1421
1431,1422
1432,1424
1433,1424
1434,1426
1435,1426
1436,1428
1437,1430
1438,1428
1439,1430
1440,1430
1441,1433
1442,1433
1443,1435
1444,1435
1445,1437
1446,1439
1447,1440
1448,1439
1449,1440
1450,1442
1451,1442
1452,1444
1453,1445
1454,1444
1455,1447
1456,1447
1457,1448
1458,1449
1459,1450
1460,1450
1461,1451
1462,1453
1463,1453
1464,1455
1465,1455
1466,1456
1467,1458
1468,1459
1469,1460
1470,1462
1471,1462
1472,1463
1473,1464
1474,1465
1475,1467
1476,1467
1477,1469
1478,1468
1479,1471
1480,1471
1481,1473
1482,1472
1483,1473
1484,1475
1485,1476
1486,1477
1487,1478
1488,1480
1489,1480
1490,1481
1491,1481
1492,1483
1493,1484
1494,1486
1495,1487
1496,1486
1497,1488
1498,1489
1499,1490
1500,1492
1501,1492
1502,1493
1503,1495
1504,1494
1505,1497
1506,1496
1507,1498
1508,1500
1509,1501
1510,1501
1511,1502
1512,1503
1513,1504
1514,1506
1515,1505
1516,1506
1517,1508
1518,1510
1519,1510
1520,1514
1521,1514
1522,1514
1523,1514
1524,1515
1525,1516
1526,1517
1527,1519
1528,1519
1529,1520
1530,1522
1531,1522
1532,1523
1533,1526
1534,1527
1535,1528
1536,1527
1537,1529
1538,1529
1539,1531
1540,1532
1541,1534
1542,1534
1543,1536
1544,1536
1545,1537
1546,1538
1547,1537
1548,1540
1549,1540
1550,1542
1551,1543
1552,1544
1553,1544
1554,1545
1555,1547
1556,1549
1557,1548
1558,1550
1559,1553
1560,1552
1561,1551
1562,1554
1563,1555
1564,1557
1565,1557
1566,1557
1567,1558
1568,1561
1569,1561
1570,1562
1571,1563
1572,1563
1573,1565
1574,1566
1575,1566
1576,1566
1577,1568
1578,1570
1579,1571
1580,1570
1581,1575
1582,1572
1583,1573
1584,1574
1585,1577
1586,1577
1587,1578
1588,1580
1589,1581
1590,1582
1591,1582
1592,1583
1593,1585
1594,1587
1595,1585
1596,1588
1597,1588
1598,1589
1599,1590
1600,1591
1601,1593
1602,1595
1603,1594
1604,1596
1605,1595
1606,1598
1607,1597
1608,1599
1609,1600
1610,1600
1611,1603
1612,1604
1613,1605
1614,1606
1615,1605
1616,1607
1617,1610
1618,1610
1619,1612
1620,1611
1621,1613
1622,1614
1623,1615
1624,1615
1625,1617
1626,1617
1627,1619
1628,1618
1629,1621
1630,1622
1631,1624
1632,1624
1633,1624
1634,1624
1635,1626
1636,1628
1637,1628
1638,1628
1639,1631
1640,1631
1641,1633
1642,1633
1643,1634
1644,1636
1645,1637
1646,1637
1647,1638
1648,1639
1649,1640
1650,1642
1651,1642
1652,1645
1653,1643
1654,1644
1655,1647
1656,1646
1657,1648
1658,1648
1659,1651
1660,1652
1661,1652
1662,1653
1663,1655
1664,1655
1665,1656
1666,1657
1667,1659
1668,1661
1669,1660
1670,1660
1671,1663
1672,1664
1673,1664
1674,1663
1675,1666
1676,1668
1677,1668
1678,1669
1679,1670
1680,1672
1681,1672
1682,1673
1683,1674
1684,1674
1685,1676
1686,1678
1687,1679
1688,1680
1689,1680
1690,1681
1691,1682
1692,1684
1693,1684
1694,1686
1695,1687
1696,1686
1697,1690
1698,1689
1699,1690
1700,1691
1701,1693
1702,1694
1703,1695
1704,1696
1705,1694
1706,1698
1707,1698
1708,1700
1709,1700
1710,1702
1711,1703
1712,1704
1713,1703
1714,1707
1715,1706
1716,1707
1717,1706
1718,1709
1719,1709
1720,1711
1721,1713
1722,1713
1723,1713
1724,1714
1725,1715
1726,1717
1727,1718
1728,1720
1729,1720
1730,1722
1731,1723
1732,1724
1733,1724
1734,1724
1735,1726
1736,1728
1737,1728
1738,1729
1739,1730
1740,1729
1741,1733
1742,1735
1743,1734
1744,1736
1745,1734
1746,1737
1747,1739
1748,1739
1749,1741
1750,1742
1751,1743
1752,1742
1753,1743
1754,1746
1755,1745
1756,1746
1757,1748
1758,1749
1759,1751
1760,1751
1761,1751
1762,1752
1763,1753
1764,1756
1765,1755
1766,1756
1767,1758
1768,1759
1769,1759
1770,1762
1771,1762
1772,1761
1773,1764
1774,1765
1775,1766
1776,1767
1777,1767
1778,1769
1779,1770
1780,1772
1781,1769
1782,1773
1783,1773
1784,1774
1785,1775
1786,1778
1787,1779
1788,1779
1789,1781
1790,1781
1791,1781
1792,1783
1793,1784
1794,1786
1795,1789
1796,1786
1797,1790
1798,1789
1799,1790
1800,1790
1801,1793
1802,1791
1803,1795
1804,1795
1805,1796
1806,1797
1807,1798
1808,1799
1809,1802
1810,1801
1811,1801
1812,1803
1813,1803
1814,1805
1815,1805
1816,1807
1817,1805
1818,1809
1819,1806
1820,1811
1821,1810
1822,1812
1823,1813
1824,1813
1825,1816
1826,1816
1827,1818
1828,1819
1829,1820
1830,1820
1831,1822
1832,1823
1833,1825
1834,1825
1835,1825
1836,1827
1837,1827
1838,1829
1839,1830
1840,1832
1841,1832
1842,1832
1843,1831
1844,1834
1845,1837
1846,1836
1847,1838
1848,1838
1849,1839
1850,1840
1851,1841
1852,1840
1853,1843
1854,1843
1855,1846
1856,1848
1857,1848
1858,1849
1859,1850
1860,1849
1861,1852
1862,1853
1863,1854
1864,1856
1865,1855
1866,1857
1867,1858
1868,1858
1869,1861
1870,1862
1871,1863
1872,1863
1873,1864
1874,1866
1875,1864
1876,1866
1877,1868
1878,1868
1879,1871
1880,1872
1881,1871
1882,1874
1883,1873
1884,1875
1885,1875
1886,1877
1887,1879
1888,1879
1889,1881
1890,1882
1891,1881
1892,1883
1893,1884
1894,1886
1895,1886
1896,1886
1897,1886
1898,1888
1899,1890
1900,1892
1901,1891
1902,1893
1903,1895
1904,1894
1905,1895
1906,1896
1907,1896
1908,1899
1909,1903
1910,1901
1911,1900
1912,1902
1913,1903
1914,1905
1915,1906
1916,1907
1917,1907
1918,1910
1919,1910
1920,1911
1921,1911
1922,1913
1923,1913
1924,1915
1925,1916
1926,1916
1927,1918
1928,1918
1929,1920
1930,1921
1931,1921
1932,1923
1933,1924
1934,1926
1935,1927
1936,1927
1937,1927
1938,1930
1939,1930
1940,1931
1941,1932
1942,1931
1943,1937
1944,1935
1945,1936
1946,1938
1947,1938
1948,1938
1949,1941
1950,1940
1951,1941
1952,1944
1953,1943
1954,1947
1955,1945
1956,1947
1957,1947
1958,1948
1959,1949
1960,1952
1961,1951
1962,1953
1963,1954
1964,1955
1965,1956
1966,1956
1967,1957
1968,1959
1969,1960
1970,1961
1971,1961
1972,1962
1973,1964
1974,1965
1975,1967
1976,1966
1977,1968
1978,1969
1979,1970
1980,1969
1981,1973
1982,1973
1983,1973
1984,1974
1985,1977
1986,1976
1987,1978
1988,1978
1989,1979
1990,1980
1991,1982
1992,1983
1993,1983
1994,1988
1995,1986
1996,1986
1997,1986
1998,1990
1999,1990
2000,1991
2001,1991
2002,1993
2003,1994
2004,1995
2005,1995
2006,2002
2007,2000
2008,2000
2009,2001
2010,2001
2011,2002
2012,2003
2013,2005
2014,2005
2015,2007
2016,2007
2017,2008
2018,2010
2019,2010
2020,2014
2021,2012
2022,2015
2023,2015
2024,2016
2025,2018
2026,2018
2027,2019
2028,2019
2029,2020
2030,2021
2031,2024
2032,2024
2033,2024
2034,2025
2035,2027
2036,2027
2037,2028
2038,2030
2039,2031
2040,2032
2041,2032
2042,2033
2043,2034
2044,2036
2045,2038
2046,2039
2047,2039
2048,2040
2049,2041
2050,2041
2051,2043
2052,2044
2053,2044
2054,2046
2055,2047
2056,2048
2057,2050
2058,2050
2059,2051
2060,2051
2061,2052
2062,2054
2063,2055
2064,2055
2065,2057
2066,2058
2067,2059
2068,2059
2069,2060
2070,2062
2071,2062
2072,2063
2073,2064
2074,2066
2075,2066
2076,2067
2077,2069
2078,2071
2079,2071
2080,2071
2081,2073
2082,2072
2083,2073
2084,2074
2085,2077
2086,2077
2087,2078
2088,2080
2089,2080
2090,2081
2091,2082
2092,2084
2093,2085
2094,2086
2095,2088
2096,2089
2097,2089
2098,2089
2099,2092
2100,2093
2101,2092
2102,2095
2103,2094
2104,2096
2105,2097
2106,2097
2107,2099
2108,2099
2109,2101
2110,2102
2111,2103
2112,2104
2113,2106
2114,2107
2115,2107
2116,2107
2117,2108
2118,2111
2119,2111
2120,2112
2121,2111
2122,2114
2123,2115
2124,2115
2125,2119
2126,2119
2127,2119
2128,2119
2129,2120
2130,2120
2131,2123
2132,2124
2133,2125
2134,2127
2135,2126
2136,2126
2137,2128
2138,2129
2139,2129
2140,2131
2141,2133
2142,2132
2143,2135
2144,2136
2145,2142
2146,2137
2147,2139
2148,2141
2149,2139
2150,2142
2151,2142
2152,2144
2153,2145
2154,2145
2155,2147
2156,2147
2157,2147
2158,2151
2159,2151
2160,2152
2161,2153
2162,2154
2163,2158
2164,2157
2165,2161
2166,2157
2167,2158
2168,2161
2169,2162
2170,2160
2171,2162
2172,2163
2173,2165
2174,2166
2175,2167
2176,2168
2177,2168
2178,2170
2179,2169
2180,2172
2181,2174
2182,2172
2183,2175
2184,2176
2185,2176
2186,2176
2187,2179
2188,2180
2189,2181
2190,2182
2191,2181
2192,2184
2193,2185
2194,2186
2195,2187
2196,2188
2197,2189
2198,2189
2199,2192
2200,2192
2201,2193
2202,2194
2203,2196
2204,2195
2205,2197
2206,2199
2207,2199
2208,2198
2209,2200
2210,2201
2211,2204
2212,2203
2213,2204
2214,2203
2215,2207
2216,2209
2217,2209
2218,2209
2219,2211
2220,2211
2221,2212
2222,2214
2223,2215
2224,2216
2225,2217
2226,2220
2227,2219
2228,2220
2229,2223
2230,2218
2231,2222
2232,2222
2233,2223
2234,2224
2235,2225
2236,2229
2237,2229
2238,2228
2239,2231
2240,2230
2241,2232
2242,2234
2243,2235
2244,2235
2245,2238
2246,2237
2247,2240
2248,2239
2249,2240
2250,2241
2251,2242
2252,2244
2253,2242
2254,2245
2255,2245
2256,2248
2257,2246
2258,2249
2259,2250
2260,2250
2261,2253
2262,2254
2263,2255
2264,2254
2265,2257
2266,2257
2267,2258
2268,2260
2269,2260
2270,2262
2271,2263
2272,2262
2273,2264
2274,2266
2275,2263
2276,2268
2277,2268
2278,2267
2279,2269
2280,2271
2281,2271
2282,2273
2283,2275
2284,2276
2285,2276
2286,2277
2287,2278
2288,2280
2289,2280
2290,2280
2291,2284
2292,2284
2293,2284
2294,2285
2295,2286
2296,2287
2297,2291
2298,2289
2299,2289
2300,2292
2301,2292
2302,2291
2303,2295
2304,2293
2305,2296
2306,2298
2307,2299
2308,2299
2309,2300
2310,2300
2311,2302
2312,2304
2313,2303
2314,2306
2315,2307
2316,2308
2317,2309
2318,2309
2319,2310
2320,2311
2321,2311
2322,2313
2323,2314
2324,2315
2325,2316
2326,2319
2327,2319
2328,2320
2329,2319
2330,2320
2331,2322
2332,2324
2333,2325
2334,2325
2335,2325
2336,2327
2337,2329
2338,2330
2339,2330
2340,2331
2341,2332
2342,2333
2343,2334
2344,2335
2345,2336
2346,2338
2347,2338
2348,2340
2349,2340
2350,2342
2351,2341
2352,2343
2353,2344
2354,2346
2355,2345
2356,2347
2357,2348
2358,2349
2359,2352
2360,2351
2361,2351
2362,2352
2363,2355
2364,2355
2365,2356
2366,2358
2367,2358
2368,2359
2369,2361
2370,2362
2371,2362
2372,2364
2373,2364
2374,2366
2375,2368
2376,2368
2377,2368
2378,2368
2379,2371
2380,2371
2381,2371
2382,2373
2383,2374
2384,2375
2385,2378
2386,2375
2387,2378
2388,2378
2389,2379
2390,2382
2391,2382
2392,2383
2393,2385
2394,2387
2395,2387
2396,2387
2397,2388
2398,2389
2399,2390
2400,2390
2401,2392
2402,2393
2403,2393
2404,2395
2405,2396
2406,2397
2407,2397
2408,2398
2409,2399
2410,2402
2411,2401
2412,2403
2413,2404
2414,2404
2415,2406
2416,2408
2417,2406
2418,2408
2419,2411
2420,2411
2421,2412
2422,2411
2423,2414
2424,2413
2425,2416
2426,2415
2427,2417
2428,2419
2429,2420
2430,2421
2431,2421
2432,2423
2433,2423
2434,2425
2435,2426
2436,2425
2437,2427
2438,2430
2439,2429
2440,2431
2441,2431
2442,2434
2443,2432
2444,2434
2445,2435
2446,2436
2447,2438
2448,2438
2449,2440
2450,2440
2451,2441
2452,2442
2453,2443
2454,2446
2455,2447
2456,2446
2457,2447
2458,2448
2459,2450
2460,2449
2461,2453
2462,2453
2463,2454
2464,2455
2465,2455
2466,2456
2467,2456
2468,2458
2469,2458
2470,2462
2471,2463
2472,2463
2473,2463
2474,2466
2475,2466
2476,2466
2477,2468
2478,2471
2479,2471
2480,2471
2481,2470
2482,2472
2483,2473
2484,2473
2485,2475
2486,2477
2487,2478
2488,2480
2489,2478
2490,2479
2491,2481
2492,2483
2493,2483
2494,2484
2495,2485
2496,2487
2497,2485
2498,2488
2499,2487
2500,2490
2501,2492
2502,2491
2503,2493
2504,2495
2505,2496
2506,2497
2507,2500
2508,2502
2509,2500
2510,2501
2511,2507
2512,2502
2513,2504
2514,2506
2515,2505
2516,2507
2517,2508
2518,2508
2519,2510
2520,2512
2521,2511
2522,2513
2523,2514
2524,2515
2525,2517
2526,2518
2527,2518
2528,2521
2529,2521
2530,2521
2531,2521
2532,2523
2533,2525
2534,2525
2535,2525
2536,2527
2537,2529
2538,2529
2539,2529
2540,2531
2541,2533
2542,2533
2543,2534
2544,2536
2545,2536
2546,2537
2547,2536
2548,2539
2549,2541
2550,2541
2551,2543
2552,2543
2553,2544
2554,2546
2555,2546
2556,2548
2557,2548
2558,2549
2559,2550
2560,2553
2561,2553
2562,2553
2563,2554
2564,2555
2565,2555
2566,2557
2567,2559
2568,2560
2569,2560
2570,2562
2571,2561
2572,2564
2573,2563
2574,2564
2575,2567
2576,2569
2577,2569
2578,2569
2579,2570
2580,2571
2581,2573
2582,2573
2583,2575
2584,2575
2585,2575
2586,2577
2587,2578
2588,2578
2589,2581
2590,2581
2591,2582
2592,2583
2593,2585
2594,2585
2595,2588
2596,2585
2597,2587
2598,2589
2599,2590
2600,2591
2601,2592
2602,2593
2603,2596
2604,2595
2605,2595
2606,2597
2607,2599
2608,2598
2609,2601
2610,2601
2611,2603
2612,2604
2613,2604
2614,2605
2615,2607
2616,2607
2617,2607
2618,2609
2619,2610
2620,2608
2621,2612
2622,2613
2623,2613
2624,2615
2625,2616
2626,2618
2627,2617
2628,2618
2629,2625
2630,2621
2631,2621
2632,2623
2633,2625
2634,2625
2635,2627
2636,2627
2637,2628
2638,2629
2639,2629
2640,2633
2641,2632
2642,2633
2643,2634
2644,2635
2645,2637
2646,2637
2647,2639
2648,2641
2649,2640
2650,2640
2651,2643
2652,2643
2653,2644
2654,2646
2655,2647
2656,2648
2657,2648
2658,2647
2659,2651
2660,2651
2661,2649
2662,2653
2663,2654
2664,2654
2665,2656
2666,2656
2667,2658
2668,2658
2669,2661
2670,2661
2671,2662
2672,2662
2673,2663
2674,2665
2675,2666
2676,2666
2677,2667
2678,2669
2679,2670
2680,2672
2681,2673
2682,2671
2683,2672
2684,2675
2685,2676
2686,2676
2687,2677
2688,2679
2689,2678
2690,2682
2691,2682
2692,2684
2693,2684
2694,2686
2695,2687
2696,2688
2697,2689
2698,2688
2699,2689
2700,2692
2701,2695
2702,2692
2703,2695
2704,2694
2705,2695
2706,2697
2707,2698
2708,2699
2709,2700
2710,2700
2711,2701
2712,2703
2713,2703
2714,2705
2715,2705
2716,2707
2717,2709
2718,2710
2719,2710
2720,2710
2721,2713
2722,2711
2723,2714
2724,2713
2725,2717
2726,2718
2727,2718
2728,2720
2729,2719
2730,2721
2731,2721
2732,2723
2733,2723
2734,2724
2735,2725
2736,2726
2737,2727
2738,2728
2739,2730
2740,2730
2741,2732
2742,2732
2743,2734
2744,2735
2745,2735
2746,2736
2747,2736
2748,2739
2749,2740
2750,2742
2751,2742
2752,2742
2753,2744
2754,2744
2755,2747
2756,2745
2757,2747
2758,2747
2759,2749
2760,2747
2761,2751
2762,2753
2763,2753
2764,2753
2765,2754
2766,2756
2767,2756
2768,2758
2769,2759
2770,2761
2771,2761
2772,2763
2773,2763
2774,2765
2775,2765
2776,2767
2777,2767
2778,2767
2779,2768
2780,2770
2781,2768
2782,2773
2783,2774
2784,2774
2785,2777
2786,2776
2787,2776
2788,2778
2789,2779
2790,2781
2791,2782
2792,2783
2793,2783
2794,2785
2795,2785
2796,2786
2797,2786
2798,2788
2799,2790
2800,2790
2801,2792
2802,2791
2803,2793
2804,2793
2805,2796
2806,2795
2807,2797
2808,2799
2809,2800
2810,2801
2811,2802
2812,2802
2813,2804
2814,2804
2815,2804
2816,2806
2817,2806
2818,2809
2819,2810
2820,2811
2821,2811
2822,2812
2823,2815
2824,2815
2825,2815
2826,2817
2827,2816
2828,2819
2829,2819
2830,2822
2831,2820
2832,2822
2833,2823
2834,2824
2835,2824
2836,2828
2837,2827
2838,2829
2839,2830
2840,2829
2841,2832
2842,2833
2843,2832
2844,2831
2845,2836
2846,2835
2847,2836
2848,2838
2849,2840
2850,2840
2851,2841
2852,2843
2853,2841
2854,2842
2855,2846
2856,2845
2857,2848
2858,2848
2859,2848
2860,2850
2861,2851
2862,2852
2863,2854
2864,2853
2865,2855
2866,2855
2867,2857
2868,2858
2869,2860
2870,2859
2871,2859
2872,2860
2873,2864
2874,2863
2875,2865
2876,2866
2877,2868
2878,2869
2879,2869
2880,2869
2881,2872
2882,2872
2883,2873
2884,2874
2885,2874
2886,2878
2887,2876
2888,2878
2889,2879
2890,2880
2891,2882
2892,2884
2893,2885
2894,2883
2895,2886
2896,2884
2897,2888
2898,2887
2899,2891
2900,2890
2901,2891
2902,2892
2903,2893
2904,2894
2905,2894
2906,2896
2907,2897
2908,2897
2909,2898
2910,2900
2911,2902
2912,2901
2913,2903
2914,2904
2915,2905
2916,2905
2917,2907
2918,2906
2919,2909
2920,2910
2921,2910
2922,2912
2923,2912
2924,2916
2925,2916
2926,2915
2927,2917
2928,2918
2929,2920
2930,2920
2931,2921
2932,2923
2933,2922
2934,2926
2935,2925
2936,2924
2937,2925
2938,2927
2939,2929
2940,2929
2941,2932
2942,2934
2943,2933
2944,2933
2945,2936
2946,2935
2947,2938
2948,2938
2949,2937
2950,2940
2951,2938
2952,2941
2953,2944
2954,2944
2955,2943
2956,2946
2957,2944
2958,2950
2959,2948
2960,2951
2961,2951
2962,2952
2963,2952
2964,2951
2965,2955
2966,2957
2967,2955
2968,2956
2969,2959
2970,2960
2971,2959
2972,2960
2973,2962
2974,2964
2975,2964
2976,2966
2977,2967
2978,2967
2979,2969
2980,2966
2981,2969
2982,2970
2983,2973
2984,2973
2985,2975
2986,2976
2987,2978
2988,2978
2989,2979
2990,2979
2991,2980
2992,2982
2993,2981
2994,2985
2995,2984
2996,2985
2997,2986
2998,2988
2999,2988
3000,2991
3001,2991
3002,2992
3003,2992
3004,2993
3005,2995
3006,2996
3007,2996
3008,2999
3009,3000
3010,3000
3011,3001
3012,3003
3013,3002
3014,3003
3015,3006
3016,3006
3017,3008
3018,3009
3019,3008
3020,3011
3021,3011
3022,3012
3023,3012
3024,3013
3025,3015
3026,3019
3027,3016
3028,3018
3029,3019
3030,3020
3031,3021
3032,3022
3033,3023
3034,3024
3035,3025
3036,3026
3037,3027
3038,3028
3039,3029
3040,3028
3041,3031
3042,3032
3043,3031
3044,3033
3045,3034
3046,3037
3047,3037
3048,3037
3049,3039
3050,3040
3051,3041
3052,3043
3053,3042
3054,3045
3055,3045
3056,3046
3057,3047
3058,3048
3059,3050
3060,3050
3061,3050
3062,3052
3063,3054
3064,3054
3065,3055
3066,3056
3067,3058
3068,3058
3069,3060
3070,3060
3071,3060
3072,3062
3073,3067
3074,3064
3075,3067
3076,3067
3077,3067
3078,3068
3079,3068
3080,3069
3081,3070
3082,3070
3083,3073
3084,3074
3085,3074
3086,3076
3087,3077
3088,3076
3089,3078
3090,3079
3091,3081
3092,3081
3093,3082
3094,3084
3095,3085
3096,3087
3097,3087
3098,3088
3099,3089
3100,3090
3101,3090
3102,3091
3103,3093
3104,3093
3105,3097
3106,3097
3107,3098
3108,3098
3109,3098
3110,3099
3111,3100
3112,3101
3113,3102
3114,3103
3115,3104
3116,3106
3117,3107
3118,3106
3119,3108
3120,3110
3121,3111
3122,3112
3123,3113
3124,3112
3125,3115
3126,3116
3127,3118
3128,3118
3129,3120
3130,3121
3131,3121
3132,3121
3133,3123
3134,3124
3135,3124
3136,3126
3137,3125
3138,3128
3139,3129
3140,3130
3141,3131
3142,3133
3143,3134
3144,3134
3145,3135
3146,3137
3147,3137
3148,3138
3149,3140
3150,3140
3151,3141
3152,3142
3153,3143
3154,3145
3155,3144
3156,3147
3157,3146
3158,3148
3159,3150
3160,3150
3161,3147
3162,3151
3163,3153
3164,3156
3165,3154
3166,3156
3167,3159
3168,3158
3169,3158
3170,3158
3171,3163
3172,3163
3173,3164
3174,3165
3175,3164
3176,3165
3177,3165
3178,3166
3179,3169
3180,3169
3181,3171
3182,3173
3183,3174
3184,3174
3185,3175
3186,3177
3187,3177
3188,3178
3189,3178
3190,3179
3191,3184
3192,3182
3193,3183
3194,3185
3195,3184
3196,3185
3197,3186
3198,3188
3199,3189
3200,3190
3201,3190
3202,3192
3203,3192
3204,3192
3205,3195
3206,3197
3207,3196
3208,3198
3209,3198
3210,3199
3211,3201
3212,3201
3213,3203
3214,3203
3215,3203
3216,3207
3217,3206
3218,3206
3219,3210
3220,3209
3221,3211
3222,3211
3223,3211
3224,3214
3225,3216
3226,3217
3227,3217
3228,3218
3229,3219
3230,3219
3231,3222
3232,3221
3233,3222
3234,3223
3235,3225
3236,3225
3237,3225
3238,3226
3239,3230
3240,3231
3241,3231
3242,3232
3243,3234
3244,3233
3245,3235
3246,3235
3247,3236
3248,3238
3249,3239
3250,3239
3251,3239
3252,3241
3253,3240
3254,3247
3255,3245
3256,3244
3257,3246
3258,3248
3259,3248
3260,3249
3261,3252
3262,3252
3263,3253
3264,3253
3265,3256
3266,3255
3267,3257
3268,3258
3269,3258
3270,3260
3271,3261
3272,3261
3273,3263
3274,3264
3275,3265
3276,3266
3277,3267
3278,3266
3279,3269
3280,3270
3281,3272
3282,3272
3283,3273
3284,3274
3285,3276
3286,3277
3287,3277
3288,3278
3289,3278
3290,3279
3291,3281
3292,3281
3293,3283
3294,3284
3295,3286
3296,3285
3297,3288
3298,3289
3299,3289
3300,3290
3301,3288
3302,3294
3303,3292
3304,3293
3305,3294
3306,3297
3307,3296
3308,3299
3309,3298
3310,3299
3311,3299
3312,3306
3313,3302
3314,3303
3315,3305
3316,3306
3317,3308
3318,3308
3319,3308
3320,3310
3321,3310
3322,3312
3323,3313
3324,3315
3325,3314
3326,3316
3327,3317
3328,3317
3329,3320
3330,3320
3331,3321
3332,3323
3333,3322
3334,3323
3335,3326
3336,3324
3337,3326
3338,3328
3339,3329
3340,3330
3341,3330
3342,3331
3343,3332
3344,3334
3345,3334
3346,3334
3347,3336
3348,3338
3349,3339
3350,3342
3351,3340
3352,3341
3353,3344
3354,3344
3355,3345
3356,3347
3357,3347
3358,3348
3359,3348
3360,3350
3361,3351
3362,3350
3363,3353
3364,3355
3365,3354
3366,3354
3367,3355
3368,3357
3369,3358
3370,3360
3371,3361
3372,3362
3373,3363
3374,3364
3375,3362
3376,3366
3377,3368
3378,3368
3379,3368
3380,3369
3381,3371
3382,3372
3383,3372
3384,3373
3385,3373
3386,3374
3387,3376
3388,3377
3389,3378
3390,3382
3391,3381
3392,3382
3393,3384
3394,3384
3395,3385
3396,3386
3397,3387
3398,3387
3399,3389
3400,3389
3401,3391
3402,3391
3403,3392
3404,3394
3405,3393
3406,3397
3407,3394
3408,3399
3409,3399
3410,3400
3411,3402
3412,3403
3413,3402
3414,3404
3415,3402
3416,3404
3417,3407
3418,3408
3419,3407
3420,3410
3421,3410
3422,3410
3423,3413
3424,3414
3425,3414
3426,3415
3427,3415
3428,3417
3429,3418
3430,3421
3431,3421
3432,3421
3433,3421
3434,3423
3435,3425
3436,3426
3437,3427
3438,3428
3439,3430
3440,3428
3441,3430
3442,3431
3443,3433
3444,3432
3445,3434
3446,3435
3447,3436
3448,3438
3449,3440
3450,3440
3451,3440
3452,3440
3453,3442
3454,3444
3455,3444
3456,3446
3457,3447
3458,3449
3459,3448
3460,3449
3461,3451
3462,3453
3463,3453
3464,3453
3465,3454
3466,3456
3467,3457
3468,3457
3469,3461
3470,3459
3471,3461
3472,3460
3473,3462
3474,3463
3475,3465
3476,3464
3477,3466
3478,3468
3479,3468
3480,3469
3481,3469
3482,3472
3483,3472
3484,3473
3485,3474
3486,3475
3487,3476
3488,3476
3489,3477
3490,3480
3491,3480
3492,3481
3493,3482
3494,3483
3495,3485
3496,3488
3497,3487
3498,3488
3499,3487
3500,3490
3501,3490
3502,3492
3503,3493
3504,3493
3505,3493
3506,3494
3507,3496
3508,3499
3509,3498
3510,3500
3511,3501
3512,3502
3513,3501
3514,3502
3515,3508
3516,3506
3517,3506
3518,3506
3519,3507
3520,3507
3521,3510
3522,3513
3523,3512
3524,3513
3525,3514
3526,3514
3527,3516
3528,3516
3529,3518
3530,3517
3531,3519
3532,3521
3533,3524
3534,3522
3535,3525
3536,3526
3537,3526
3538,3527
3539,3527
3540,3529
3541,3530
3542,3530
3543,3531
3544,3534
3545,3534
3546,3535
3547,3536
3548,3537
3549,3537
3550,3537
3551,3538
3552,3540
3553,3541
3554,3543
3555,3542
3556,3544
3557,3546
3558,3547
3559,3548
3560,3549
3561,3550
3562,3551
3563,3552
3564,3554
3565,3554
3566,3555
3567,3557
3568,3557
3569,3559
3570,3558
3571,3561
3572,3559
3573,3561
3574,3562
3575,3561
3576,3564
3577,3566
3578,3568
3579,3567
3580,3570
3581,3570
3582,3572
3583,3573
3584,3570
3585,3574
3586,3575
3587,3574
3588,3576
3589,3578
3590,3578
3591,3580
3592,3581
3593,3581
3594,3581
3595,3583
3596,3585
3597,3585
3598,3586
3599,3588
3600,3589
3601,3589
3602,3590
3603,3592
3604,3592
3605,3593
3606,3595
3607,3595
3608,3597
3609,3596
3610,3598
3611,3601
3612,3601
3613,3602
3614,3605
3615,3603
3616,3607
3617,3606
3618,3607
3619,3607
3620,3609
3621,3608
3622,3611
3623,3614
3624,3611
3625,3611
3626,3614
3627,3616
3628,3618
3629,3619
3630,3618
3631,3619
3632,3620
3633,3621
3634,3621
3635,3623
3636,3623
3637,3625
3638,3627
3639,3627
3640,3627
3641,3629
3642,3630
3643,3632
3644,3632
3645,3634
3646,3634
3647,3635
3648,3634
3649,3637
3650,3639
3651,3639
3652,3642
3653,3642
3654,3643
3655,3644
3656,3644
3657,3645
3658,3646
3659,3647
3660,3649
3661,3649
3662,3651
3663,3650
3664,3653
3665,3654
3666,3654
3667,3655
3668,3655
3669,3657
3670,3659
3671,3658
3672,3659
3673,3663
3674,3662
3675,3663
3676,3663
3677,3666
3678,3665
3679,3668
3680,3668
3681,3671
3682,3669
3683,3669
3684,3672
3685,3674
3686,3672
3687,3675
3688,3677
3689,3677
3690,3678
3691,3679
3692,3680
3693,3681
3694,3682
3695,3681
3696,3685
3697,3685
3698,3687
3699,3687
3700,3686
3701,3689
3702,3691
3703,3692
3704,3692
3705,3694
3706,3693
3707,3695
3708,3695
3709,3697
3710,3698
3711,3697
3712,3701
3713,3702
3714,3701
3715,3705
3716,3704
3717,3703
3718,3707
3719,3707
3720,3707
3721,3708
3722,3710
3723,3711
3724,3711
3725,3713
3726,3714
3727,3716
3728,3716
3729,3715
3730,3719
3731,3719
3732,3720
3733,3721
3734,3722
3735,3722
3736,3725
3737,3725
3738,3726
3739,3728
3740,3728
3741,3729
3742,3731
3743,3730
3744,3733
3745,3733
3746,3734
3747,3735
3748,3736
3749,3738
3750,3737
3751,3739
3752,3740
3753,3741
3754,3741
3755,3744
3756,3746
3757,3743
3758,3745
3759,3748
3760,3747
3761,3749
3762,3750
3763,3751
3764,3752
3765,3751
3766,3753
3767,3754
3768,3757
3769,3757
3770,3761
3771,3759
3772,3762
3773,3759
3774,3762
3775,3764
3776,3765
3777,3766
3778,3770
3779,3766
3780,3768
3781,3770
3782,3771
3783,3771
3784,3772
3785,3772
3786,3774
3787,3776
3788,3776
3789,3778
3790,3778
3791,3782
3792,3780
3793,3782
3794,3783
3795,3785
3796,3785
3797,3784
3798,3787
3799,3787
3800,3788
3801,3789
3802,3789
3803,3792
3804,3792
3805,3793
3806,3794
3807,3796
3808,3797
3809,3797
3810,3800
3811,3798
3812,3800
3813,3801
3814,3800
3815,3803
3816,3804
3817,3804
3818,3807
3819,3806
3820,3808
3821,3811
3822,3810
3823,3811
3824,3814
3825,3812
3826,3811
3827,3815
3828,3816
3829,3818
3830,3819
3831,3818
3832,3819
3833,3821
3834,3822
3835,3823
3836,3825
3837,3824
3838,3826
3839,3829
3840,3829
3841,3829
3842,3830
3843,3831
3844,3832
3845,3833
3846,3835
3847,3834
3848,3836
3849,3838
3850,3838
3851,3838
3852,3840
3853,3840
3854,3841
3855,3843
3856,3844
3857,3844
3858,3846
3859,3847
3860,3848
3861,3848
3862,3849
3863,3852
3864,3853
3865,3853
3866,3853
3867,3855
3868,3856
3869,3857
3870,3860
3871,3860
3872,3861
3873,3861
3874,3863
3875,3865
3876,3865
3877,3864
3878,3867
3879,3865
3880,3869
3881,3870
3882,3871
3883,3872
3884,3872
3885,3875
3886,3874
3887,3876
3888,3876
3889,3878
3890,3880
3891,3878
3892,3879
3893,3881
3894,3881
3895,3884
3896,3884
3897,3885
3898,3887
3899,3887
3900,3889
3901,3889
3902,3892
3903,3893
3904,3892
3905,3895
3906,3893
3907,3895
3908,3894
3909,3897
3910,3899
3911,3899
3912,3900
3913,3903
3914,3903
3915,3902
3916,3903
3917,3903
3918,3905
3919,3908
3920,3909
3921,3910
3922,3909
3923,3911
3924,3910
3925,3911
3926,3915
3927,3914
3928,3916
3929,3916
3930,3917
3931,3919
3932,3920
3933,3921
3934,3923
3935,3922
3936,3925
3937,3922
3938,3925
3939,3927
3940,3926
3941,3929
3942,3930
3943,3931
3944,3932
3945,3933
3946,3934
3947,3936
3948,3937
3949,3937
3950,3938
3951,3940
3952,3941
3953,3940
3954,3942
3955,3943
3956,3944
3957,3945
3958,3946
3959,3947
3960,3947
3961,3949
3962,3951
3963,3951
3964,3951
3965,3952
3966,3954
3967,3955
3968,3957
3969,3957
3970,3957
3971,3958
3972,3960
3973,3961
3974,3961
3975,3962
3976,3963
3977,3966
3978,3968
3979,3967
3980,3968
3981,3971
3982,3971
3983,3972
3984,3973
3985,3973
3986,3975
3987,3975
3988,3976
3989,3977
3990,3978
3991,3979
3992,3978
3993,3980
3994,3981
3995,3983
3996,3985
3997,3985
3998,3986
3999,3988
4000,3988
4001,3989
4002,3989
4003,3990
4004,3995
4005,3993
4006,3992
4007,3996
4008,3995
4009,3997
4010,3997
4011,4000
4012,4000
4013,4002
4014,4000
4015,4003
4016,4005
4017,4007
4018,4006
4019,4007
4020,4007
4021,4011
4022,4009
4023,4015
4024,4013
4025,4013
4026,4015
4027,4015
4028,4016
4029,4018
4030,4019
4031,4020
4032,4021
4033,4022
4034,4023
4035,4024
4036,4024
4037,4025
4038,4028
4039,4028
4040,4030
4041,4030
4042,4031
4043,4031
4044,4032
4045,4034
4046,4033
4047,4037
4048,4038
4049,4037
4050,4037
4051,4040
4052,4041
4053,4042
4054,4043
4055,4043
4056,4044
4057,4044
4058,4048
4059,4048
4060,4048
4061,4051
4062,4051
4063,4051
4064,4052
4065,4054
4066,4055
4067,4057
4068,4057
4069,4057
4070,4060
4071,4060
4072,4062
4073,4060
4074,4064
4075,4063
4076,4063
4077,4064
4078,4068
4079,4067
4080,4068
4081,4070
4082,4070
4083,4074
4084,4075
4085,4073
4086,4075
4087,4075
4088,4078
4089,4076
4090,4075
4091,4080
4092,4076
4093,4077
4094,4079
4095,4076
