0,1
1,1
2,1
3,1
4,1
5,1
6,1
7,1
8,1
9,1
10,1
11,1
12,1
13,1
14,1
15,4
16,6
17,6
18,8
19,10
20,9
21,10
22,11
23,10
24,13
25,13
26,14
27,17
28,16
29,18
30,19
31,20
32,19
33,22
34,22
35,25
36,27
37,25
38,28
39,28
40,30
41,30
42,32
43,29
44,29
45,35
46,35
47,36
48,38
49,37
50,39
51,41
52,40
53,41
54,43
55,44
56,45
57,46
58,45
59,48
60,49
61,52
62,49
63,51
64,53
65,52
66,56
67,55
68,58
69,57
70,58
71,59
72,62
73,62
74,63
75,65
76,64
77,66
78,68
79,68
80,69
81,69
82,70
83,72
84,72
85,73
86,73
87,73
88,76
89,77
90,77
91,80
92,81
93,81
94,83
95,82
96,84
97,86
98,87
99,88
100,89
101,90
102,91
103,91
104,93
105,94
106,94
107,97
108,97
109,98
110,99
111,98
112,100
113,101
114,103
115,102
116,102
117,105
118,105
119,107
120,108
121,108
122,111
123,112
124,111
125,113
126,115
127,117
128,113
129,117
130,118
131,118
132,120
133,120
134,122
135,124
136,123
137,125
138,125
139,127
140,128
141,129
142,130
143,130
144,131
145,132
146,135
147,135
148,136
149,137
150,138
151,139
152,139
153,138
154,142
155,140
156,144
157,142
158,146
159,146
160,149
161,150
162,148
163,151
164,153
165,152
166,155
167,154
168,158
169,157
170,158
171,159
172,161
173,161
174,162
175,163
176,164
177,165
178,165
179,167
180,169
181,168
182,170
183,170
184,173
185,173
186,174
187,176
188,177
189,177
190,178
191,178
192,181
193,178
194,182
195,183
196,184
197,186
198,186
199,188
200,188
201,193
202,189
203,190
204,192
205,192
206,194
207,195
208,195
209,198
210,198
211,198
212,200
213,200
214,202
215,202
216,205
217,202
218,206
219,204
220,206
221,209
222,210
223,212
224,211
225,215
226,214
227,215
228,217
229,216
230,216
231,219
232,220
233,221
234,222
235,222
236,223
237,223
238,226
239,227
240,228
241,229
242,230
243,230
244,232
245,233
246,236
247,234
248,237
249,237
250,237
251,241
252,240
253,240
254,242
255,244
256,243
257,245
258,245
259,246
260,248
261,251
262,252
263,252
264,251
265,254
266,253
267,255
268,256
269,257
270,259
271,260
272,260
273,263
274,262
275,262
276,264
277,268
278,268
279,268
280,269
281,269
282,271
283,272
284,272
285,275
286,276
287,275
288,277
289,278
290,279
291,280
292,279
293,283
294,284
295,283
296,285
297,287
298,287
299,288
300,289
301,287
302,290
303,292
304,292
305,293
306,296
307,295
308,295
309,298
310,299
311,300
312,302
313,302
314,301
315,304
316,305
317,306
318,308
319,307
320,309
321,312
322,310
323,311
324,313
325,314
326,315
327,317
328,316
329,318
330,319
331,319
332,323
333,322
334,323
335,325
336,326
337,325
338,326
339,327
340,327
341,331
342,331
343,332
344,332
345,334
346,337
347,335
348,335
349,339
350,338
351,340
352,342
353,341
354,343
355,344
356,345
357,345
358,346
359,346
360,350
361,350
362,351
363,352
364,352
365,354
366,355
367,356
368,359
369,358
370,360
371,360
372,361
373,362
374,363
375,365
376,366
377,367
378,366
379,367
380,370
381,370
382,370
383,371
384,373
385,375
386,374
387,376
388,376
389,379
390,379
391,381
392,380
393,382
394,383
395,382
396,383
397,386
398,386
399,388
400,388
401,390
402,391
403,392
404,393
405,394
406,397
407,397
408,396
409,397
410,399
411,400
412,399
413,403
414,402
415,404
416,405
417,406
418,406
419,408
420,408
421,411
422,412
423,411
424,413
425,414
426,414
427,414
428,418
429,419
430,418
431,420
432,421
433,423
434,422
435,424
436,426
437,426
438,426
439,429
440,429
441,430
442,431
443,432
444,433
445,433
446,435
447,437
448,438
449,439
450,438
451,440
452,441
453,444
454,443
455,444
456,445
457,447
458,446
459,448
460,449
461,451
462,452
463,451
464,452
465,454
466,457
467,456
468,457
469,458
470,459
471,460
472,461
473,462
474,463
475,463
476,464
477,465
478,468
479,469
480,468
481,470
482,471
483,472
484,473
485,475
486,475
487,475
488,477
489,478
490,478
491,478
492,480
493,482
494,483
495,484
496,484
497,486
498,487
499,488
500,488
501,489
502,492
503,491
504,493
505,494
506,495
507,497
508,496
509,499
510,498
511,501
512,501
513,503
514,501
515,504
516,504
517,506
518,507
519,508
520,510
521,511
522,512
523,513
524,514
525,515
526,515
527,517
528,518
529,519
530,519
531,521
532,522
533,522
534,523
535,522
536,525
537,527
538,529
539,527
540,529
541,530
542,533
543,533
544,535
545,537
546,535
547,535
548,537
549,538
550,539
551,541
552,540
553,541
554,543
555,545
556,545
557,547
558,549
559,547
560,551
561,550
562,551
563,553
564,553
565,555
566,556
567,556
568,558
569,558
570,560
571,560
572,563
573,562
574,565
575,568
576,565
577,567
578,567
579,569
580,570
581,569
582,569
583,574
584,574
585,574
586,576
587,576
588,577
589,580
590,579
591,582
592,582
593,582
594,583
595,584
596,585
597,588
598,590
599,590
600,588
601,591
602,591
603,591
604,592
605,594
606,595
607,596
608,598
609,599
610,599
611,601
612,601
613,604
614,602
615,604
616,605
617,607
618,606
619,609
620,609
621,611
622,611
623,612
624,614
625,615
626,617
627,615
628,617
629,619
630,620
631,620
632,622
633,624
634,624
635,624
636,626
637,628
638,629
639,626
640,630
641,630
642,631
643,633
644,633
645,633
646,636
647,637
648,638
649,637
650,639
651,640
652,642
653,646
654,643
655,647
656,645
657,647
658,649
659,648
660,649
661,649
662,652
663,654
664,654
665,655
666,656
667,657
668,656
669,659
670,658
671,660
672,662
673,663
674,663
675,665
676,666
677,667
678,669
679,670
680,669
681,671
682,671
683,673
684,675
685,676
686,675
687,678
688,678
689,679
690,680
691,680
692,682
693,682
694,684
695,686
696,688
697,687
698,688
699,689
700,691
701,692
702,691
703,691
704,693
705,694
706,695
707,697
708,698
709,699
710,701
711,701
712,702
713,703
714,703
715,704
716,705
717,708
718,708
719,710
720,709
721,710
722,712
723,713
724,714
725,717
726,717
727,717
728,716
729,718
730,718
731,720
732,722
733,722
734,725
735,727
736,725
737,727
738,729
739,729
740,731
741,730
742,731
743,733
744,734
745,735
746,736
747,738
748,738
749,740
750,741
751,741
752,742
753,743
754,745
755,745
756,746
757,745
758,746
759,748
760,750
761,751
762,751
763,754
764,753
765,754
766,755
767,757
768,758
769,759
770,762
771,757
772,762
773,764
774,764
775,765
776,767
777,766
778,768
779,769
780,772
781,771
782,772
783,773
784,777
785,774
786,776
787,776
788,779
789,779
790,780
791,781
792,781
793,783
794,784
795,785
796,786
797,786
798,788
799,789
800,790
801,791
802,792
803,793
804,794
805,795
806,796
807,796
808,799
809,798
810,802
811,802
812,802
813,806
814,803
815,804
816,807
817,808
818,809
819,810
820,810
821,813
822,813
823,814
824,815
825,814
826,815
827,817
828,817
829,819
830,820
831,820
832,823
833,822
834,824
835,824
836,826
837,826
838,828
839,830
840,830
841,831
842,832
843,831
844,834
845,835
846,836
847,839
848,838
849,840
850,841
851,841
852,843
853,844
854,844
855,845
856,846
857,847
858,848
859,849
860,849
861,851
862,852
863,854
864,855
865,856
866,857
867,855
868,859
869,858
870,860
871,861
872,863
873,863
874,864
875,866
876,866
877,867
878,869
879,871
880,870
881,871
882,872
883,875
884,874
885,876
886,879
887,879
888,878
889,879
890,880
891,881
892,884
893,884
894,882
895,886
896,887
897,888
898,887
899,890
900,889
901,892
902,892
903,895
904,895
905,897
906,896
907,898
908,898
909,900
910,901
911,903
912,903
913,905
914,905
915,906
916,906
917,908
918,909
919,911
920,911
921,912
922,913
923,914
924,914
925,917
926,917
927,917
928,918
929,919
930,921
931,923
932,923
933,923
934,925
935,926
936,927
937,928
938,929
939,930
940,930
941,931
942,932
943,933
944,934
945,936
946,937
947,938
948,940
949,940
950,941
951,945
952,943
953,944
954,945
955,945
956,947
957,948
958,947
959,949
960,950
961,951
962,953
963,953
964,954
965,956
966,954
967,956
968,957
969,959
970,959
971,962
972,964
973,964
974,965
975,966
976,965
977,969
978,969
979,969
980,971
981,972
982,972
983,974
984,976
985,976
986,978
987,978
988,979
989,980
990,981
991,981
992,984
993,984
994,986
995,987
996,986
997,987
998,991
999,990
1000,995
1001,991
1002,992
1003,994
1004,994
1005,998
1006,997
1007,997
1008,997
1009,1001
1010,1002
1011,1004
1012,1003
1013,1005
1014,1006
1015,1007
1016,1008
1017,1008
1018,1009
1019,1009
1020,1012
1021,1012
1022,1014
1023,1015
1024,1016
1025,1017
1026,1017
1027,1019
1028,1020
1029,1022
1030,1019
1031,1023
1032,1023
1033,1024
1034,1022
1035,1027
1036,1029
1037,1028
1038,1028
1039,1032
1040,1030
1041,1034
1042,1033
1043,1035
1044,1034
1045,1035
1046,1036
1047,1039
1048,1040
1049,1042
1050,1044
1051,1043
1052,1044
1053,1046
1054,1046
1055,1046
1056,1050
1057,1048
1058,1049
1059,1050
1060,1052
1061,1054
1062,1053
1063,1053
1064,1055
1065,1056
1066,1058
1067,1059
1068,1060
1069,1061
1070,1064
1071,1063
1072,1063
1073,1065
1074,1066
1075,1066
1076,1067
1077,1069
1078,1071
1079,1070
1080,1072
1081,1074
1082,1073
1083,1075
1084,1076
1085,1077
1086,1079
1087,1079
1088,1080
1089,1080
1090,1082
1091,1083
1092,1084
1093,1087
1094,1086
1095,1086
1096,1089
1097,1089
1098,1091
1099,1092
1100,1091
1101,1094
1102,1096
1103,1093
1104,1097
1105,1095
1106,1097
1107,1100
1108,1099
1109,1101
1110,1102
1111,1102
1112,1104
1113,1105
1114,1105
1115,1108
1116,1108
1117,1109
1118,1109
1119,1110
1120,1109
1121,1113
1122,1113
1123,1115
1124,1115
1125,1117
1126,1118
1127,1120
1128,1120
1129,1121
1130,1121
1131,1123
1132,1124
1133,1126
1134,1126
1135,1127
1136,1127
1137,1129
1138,1130
1139,1133
1140,1132
1141,1133
1142,1135
1143,1134
1144,1135
1145,1136
1146,1137
1147,1139
1148,1139
1149,1140
1150,1143
1151,1143
1152,1143
1153,1144
1154,1146
1155,1147
1156,1147
1157,1149
1158,1151
1159,1150
1160,1151
1161,1154
1162,1155
1163,1152
1164,1157
1165,1157
1166,1159
1167,1159
1168,1159
1169,1159
1170,1161
1171,1163
1172,1164
1173,1164
1174,1167
1175,1169
1176,1168
1177,1168
1178,1171
1179,1171
1180,1173
1181,1173
1182,1174
1183,1177
1184,1176
1185,1178
1186,1177
1187,1178
1188,1179
1189,1179
1190,1182
1191,1182
1192,1185
1193,1184
1194,1185
1195,1187
1196,1187
1197,1189
1198,1190
1199,1193
1200,1191
1201,1193
1202,1194
1203,1193
1204,1195
1205,1195
1206,1198
1207,1198
1208,1200
1209,1201
1210,1202
1211,1205
1212,1204
1213,1204
1214,1205
1215,1206
1216,1206
1217,1208
1218,1209
1219,1210
1220,1211
1221,1214
1222,1214
1223,1214
1224,1214
1225,1216
1226,1217
1227,1218
1228,1220
1229,1222
1230,1223
1231,1221
1232,1221
1233,1226
1234,1226
1235,1226
1236,1228
1237,1228
1238,1230
1239,1231
1240,1231
1241,1233
1242,1235
1243,1233
1244,1235
1245,1236
1246,1239
1247,1236
1248,1240
1249,1243
1250,1241
1251,1242
1252,1242
1253,1244
1254,1246
1255,1246
1256,1249
1257,1248
1258,1250
1259,1250
1260,1253
1261,1254
1262,1254
1263,1254
1264,1255
1265,1258
1266,1259
1267,1260
1268,1261
1269,1260
1270,1263
1271,1263
1272,1264
1273,1266
1274,1266
1275,1267
1276,1269
1277,1268
1278,1270
1279,1270
1280,1272
1281,1273
1282,1272
1283,1275
1284,1276
1285,1278
1286,1278
1287,1280
1288,1280
1289,1280
1290,1282
1291,1284
1292,1284
1293,1287
1294,1286
1295,1287
1296,1288
1297,1290
1298,1291
1299,1292
1300,1292
1301,1295
1302,1295
1303,1296
1304,1297
1305,1297
1306,1298
1307,1299
1308,1301
1309,1301
1310,1303
1311,1304
1312,1304
1313,1305
1314,1305
1315,1307
1316,1309
1317,1309
1318,1311
1319,1312
1320,1312
1321,1313
1322,1314
1323,1315
1324,1317
1325,1318
1326,1318
1327,1319
1328,1320
1329,1321
1330,1322
1331,1324
1332,1323
1333,1326
1334,1326
1335,1326
1336,1328
1337,1330
1338,1331
1339,1332
1340,1334
1341,1332
1342,1333
1343,1334
1344,1336
1345,1336
1346,1339
1347,1339
1348,1339
1349,1340
1350,1343
1351,1343
1352,1344
1353,1347
1354,1345
1355,1346
1356,1348
1357,1347
1358,1350
1359,1352
1360,1349
1361,1353
1362,1355
1363,1355
1364,1357
1365,1357
1366,1357
1367,1359
1368,1360
1369,1363
1370,1362
1371,1363
1372,1365
1373,1365
1374,1366
1375,1367
1376,1371
1377,1369
1378,1371
1379,1372
1380,1371
1381,1374
1382,1376
1383,1375
1384,1376
1385,1377
1386,1379
1387,1380
1388,1381
1389,1381
1390,1380
1391,1382
1392,1384
1393,1385
1394,1388
1395,1388
1396,1388
1397,1390
1398,1391
1399,1391
1400,1391
1401,1394
1402,1398
1403,1395
1404,1395
1405,1398
1406,1399
1407,1400
1408,1398
1409,1402
1410,1401
1411,1403
1412,1403
1413,1404
1414,1406
1415,1409
1416,1408
1417,1409
1418,1412
1419,1411
1420,1412
1421,1413
1422,1415
1423,1416
1424,1417
1425,1417
1426,1417
1427,1415
1428,1421
1429,1421
1430,1422
1431,1423
1432,1424
1433,1425
1434,1427
1435,1427
1436,1426
1437,1430
1438,1430
1439,1431
1440,1431
1441,1433
1442,1432
1443,1436
1444,1435
1445,1436
1446,1439
1447,1439
1448,1440
1449,1444
1450,1443
1451,1443
1452,1445
1453,1446
1454,1446
1455,1448
1456,1448
1457,1452
1458,1450
1459,1450
1460,1452
1461,1452
1462,1453
1463,1454
1464,1457
1465,1456
1466,1458
1467,1459
1468,1461
1469,1462
1470,1462
1471,1462
1472,1463
1473,1465
1474,1466
1475,1466
1476,1468
1477,1468
1478,1470
1479,1471
1480,1470
1481,1474
1482,1474
1483,1475
1484,1475
1485,1476
1486,1477
1487,1478
1488,1481
1489,1483
1490,1481
1491,1484
1492,1483
1493,1483
1494,1485
1495,1486
1496,1488
1497,1489
1498,1490
1499,1490
1500,1492
1501,1493
1502,1493
1503,1494
1504,1494
1505,1497
1506,1497
1507,1498
1508,1501
1509,1501
1510,1504
1511,1503
1512,1504
1513,1506
1514,1505
1515,1507
1516,1508
1517,1509
1518,1509
1519,1510
1520,1512
1521,1511
1522,1514
1523,1515
1524,1517
1525,1517
1526,1519
1527,1518
1528,1521
1529,1521
1530,1520
1531,1523
1532,1524
1533,1525
1534,1528
1535,1526
1536,1529
1537,1529
1538,1531
1539,1531
1540,1532
1541,1534
1542,1535
1543,1535
1544,1535
1545,1538
1546,1539
1547,1539
1548,1541
1549,1541
1550,1542
1551,1544
1552,1545
1553,1545
1554,1546
1555,1546
1556,1548
1557,1549
1558,1550
1559,1551
1560,1552
1561,1553
1562,1554
1563,1554
1564,1557
1565,1557
1566,1557
1567,1559
1568,1560
1569,1562
1570,1563
1571,1562
1572,1565
1573,1564
1574,1566
1575,1568
1576,1569
1577,1569
1578,1575
1579,1571
1580,1572
1581,1572
1582,1574
1583,1574
1584,1575
1585,1577
1586,1577
1587,1580
1588,1578
1589,1581
1590,1582
1591,1584
1592,1582
1593,1584
1594,1587
1595,1588
1596,1588
1597,1590
1598,1589
1599,1593
1600,1592
1601,1593
1602,1594
1603,1593
1604,1595
1605,1599
1606,1598
1607,1598
1608,1601
1609,1601
1610,1603
1611,1602
1612,1605
1613,1603
1614,1607
1615,1607
1616,1608
1617,1609
1618,1611
1619,1611
1620,1612
1621,1612
1622,1613
1623,1615
1624,1615
1625,1618
1626,1618
1627,1620
1628,1619
1629,1622
1630,1623
1631,1622
1632,1624
1633,1625
1634,1626
1635,1626
1636,1626
1637,1629
1638,1629
1639,1631
1640,1632
1641,1631
1642,1633
1643,1636
1644,1636
1645,1637
1646,1638
1647,1639
1648,1638
1649,1642
1650,1643
1651,1643
1652,1644
1653,1645
1654,1644
1655,1646
1656,1648
1657,1650
1658,1650
1659,1651
1660,1653
1661,1652
1662,1652
1663,1655
1664,1656
1665,1657
1666,1656
1667,1658
1668,1660
1669,1662
1670,1662
1671,1661
1672,1664
1673,1668
1674,1666
1675,1668
1676,1669
1677,1669
1678,1669
1679,1671
1680,1672
1681,1673
1682,1675
1683,1675
1684,1676
1685,1675
1686,1677
1687,1676
1688,1679
1689,1681
1690,1682
1691,1683
1692,1682
1693,1686
1694,1686
1695,1688
1696,1689
1697,1686
1698,1688
1699,1692
1700,1693
1701,1693
1702,1694
1703,1694
1704,1696
1705,1697
1706,1700
1707,1699
1708,1699
1709,1701
1710,1703
1711,1702
1712,1704
1713,1705
1714,1705
1715,1710
1716,1709
1717,1708
1718,1712
1719,1710
1720,1710
1721,1712
1722,1714
1723,1716
1724,1714
1725,1718
1726,1718
1727,1719
1728,1718
1729,1720
1730,1723
1731,1722
1732,1723
1733,1723
1734,1727
1735,1727
1736,1729
1737,1728
1738,1730
1739,1731
1740,1731
1741,1733
1742,1731
1743,1734
1744,1737
1745,1738
1746,1737
1747,1738
1748,1739
1749,1741
1750,1742
1751,1742
1752,1742
1753,1745
1754,1746
1755,1747
1756,1749
1757,1748
1758,1751
1759,1750
1760,1751
1761,1753
1762,1754
1763,1756
1764,1756
1765,1758
1766,1759
1767,1759
1768,1759
1769,1761
1770,1764
1771,1763
1772,1765
1773,1766
1774,1766
1775,1767
1776,1768
1777,1769
1778,1770
1779,1771
1780,1773
1781,1774
1782,1774
1783,1775
1784,1777
1785,1779
1786,1779
1787,1778
1788,1780
1789,1783
1790,1781
1791,1782
1792,1784
1793,1787
1794,1788
1795,1786
1796,1789
1797,1790
1798,1790
1799,1792
1800,1792
1801,1794
1802,1794
1803,1796
1804,1797
1805,1798
1806,1798
1807,1799
1808,1800
1809,1803
1810,1803
1811,1804
1812,1802
1813,1805
1814,1807
1815,1807
1816,1809
1817,1808
1818,1810
1819,1808
1820,1812
1821,1815
1822,1814
1823,1815
1824,1815
1825,1817
1826,1818
1827,1820
1828,1820
1829,1820
1830,1823
1831,1823
1832,1823
1833,1825
1834,1827
1835,1826
1836,1827
1837,1831
1838,1830
1839,1832
1840,1832
1841,1833
1842,1836
1843,1836
1844,1837
1845,1838
1846,1839
1847,1837
1848,1840
1849,1842
1850,1841
1851,1843
1852,1845
1853,1844
1854,1848
1855,1848
1856,1848
1857,1848
1858,1850
1859,1852
1860,1852
1861,1854
1862,1854
1863,1855
1864,1855
1865,1858
1866,1858
1867,1859
1868,1862
1869,1860
1870,1863
1871,1863
1872,1864
1873,1865
1874,1869
1875,1867
1876,1869
1877,1870
1878,1869
1879,1870
1880,1873
1881,1873
1882,1874
1883,1874
1884,1876
1885,1878
1886,1879
1887,1880
1888,1880
1889,1881
1890,1881
1891,1884
1892,1884
1893,1884
1894,1884
1895,1888
1896,1888
1897,1888
1898,1890
1899,1893
1900,1894
1901,1893
1902,1891
1903,1895
1904,1897
1905,1897
1906,1897
1907,1901
1908,1901
1909,1901
1910,1903
1911,1903
1912,1905
1913,1906
1914,1906
1915,1908
1916,1907
1917,1909
1918,1909
1919,1911
1920,1912
1921,1913
1922,1915
1923,1916
1924,1917
1925,1917
1926,1918
1927,1920
1928,1921
1929,1920
1930,1923
1931,1923
1932,1925
1933,1926
1934,1926
1935,1928
1936,1928
1937,1929
1938,1931
1939,1932
1940,1927
1941,1933
1942,1934
1943,1934
1944,1938
1945,1937
1946,1937
1947,1940
1948,1940
1949,1942
1950,1942
1951,1944
1952,1942
1953,1946
1954,1946
1955,1947
1956,1948
1957,1947
1958,1950
1959,1951
1960,1953
1961,1952
1962,1955
1963,1955
1964,1955
1965,1959
1966,1959
1967,1959
1968,1962
1969,1961
1970,1961
1971,1962
1972,1964
1973,1966
1974,1966
1975,1966
1976,1968
1977,1970
1978,1970
1979,1970
1980,1970
1981,1972
1982,1973
1983,1975
1984,1976
1985,1977
1986,1978
1987,1980
1988,1980
1989,1981
1990,1985
1991,1983
1992,1983
1993,1986
1994,1985
1995,1988
1996,1986
1997,1990
1998,1991
1999,1992
2000,1993
2001,1993
2002,1995
2003,1995
2004,1998
2005,1998
2006,1999
2007,1999
2008,1998
2009,2000
2010,2003
2011,2005
2012,2006
2013,2007
2014,2010
2015,2008
2016,2010
2017,2010
2018,2009
2019,2011
2020,2013
2021,2014
2022,2016
2023,2014
2024,2018
2025,2020
2026,2019
2027,2018
2028,2023
2029,2022
2030,2024
2031,2025
2032,2026
2033,2027
2034,2027
2035,2027
2036,2030
2037,2030
2038,2033
2039,2033
2040,2033
2041,2033
2042,2036
2043,2037
2044,2037
2045,2038
2046,2039
2047,2039
2048,2041
2049,2043
2050,2043
2051,2044
2052,2046
2053,2046
2054,2048
2055,2047
2056,2049
2057,2051
2058,2049
2059,2051
2060,2053
2061,2055
2062,2054
2063,2057
2064,2056
2065,2059
2066,2061
2067,2060
2068,2060
2069,2063
2070,2066
2071,2064
2072,2066
2073,2066
2074,2069
2075,2068
2076,2069
2077,2071
2078,2072
2079,2071
2080,2073
2081,2074
2082,2076
2083,2075
2084,2077
2085,2075
2086,2079
2087,2080
2088,2081
2089,2081
2090,2082
2091,2085
2092,2085
2093,2085
2094,2086
2095,2087
2096,2088
2097,2089
2098,2090
2099,2093
2100,2093
2101,2094
2102,2094
2103,2095
2104,2097
2105,2096
2106,2099
2107,2098
2108,2100
2109,2099
2110,2102
2111,2104
2112,2104
2113,2106
2114,2105
2115,2108
2116,2110
2117,2110
2118,2112
2119,2111
2120,2113
2121,2114
2122,2115
2123,2115
2124,2117
2125,2118
2126,2118
2127,2120
2128,2121
2129,2120
2130,2124
2131,2123
2132,2125
2133,2126
2134,2128
2135,2129
2136,2128
2137,2128
2138,2131
2139,2132
2140,2133
2141,2135
2142,2135
2143,2136
2144,2138
2145,2138
2146,2139
2147,2140
2148,2142
2149,2142
2150,2142
2151,2143
2152,2143
2153,2146
2154,2146
2155,2148
2156,2148
2157,2148
2158,2151
2159,2151
2160,2153
2161,2153
2162,2155
2163,2156
2164,2158
2165,2158
2166,2159
2167,2160
2168,2162
2169,2161
2170,2163
2171,2162
2172,2167
2173,2165
2174,2168
2175,2168
2176,2168
2177,2171
2178,2173
2179,2171
2180,2172
2181,2172
2182,2174
2183,2175
2184,2178
2185,2178
2186,2181
2187,2180
2188,2181
2189,2182
2190,2183
2191,2184
2192,2185
2193,2185
2194,2186
2195,2187
2196,2190
2197,2190
2198,2191
2199,2193
2200,2194
2201,2194
2202,2194
2203,2196
2204,2198
2205,2199
2206,2199
2207,2199
2208,2202
2209,2201
2210,2201
2211,2202
2212,2204
2213,2205
2214,2205
2215,2211
2216,2209
2217,2214
2218,2210
2219,2209
2220,2214
2221,2214
2222,2216
2223,2215
2224,2216
2225,2216
2226,2219
2227,2221
2228,2221
2229,2221
2230,2223
2231,2224
2232,2224
2233,2227
2234,2226
2235,2228
2236,2229
2237,2229
2238,2232
2239,2232
2240,2234
2241,2232
2242,2235
2243,2236
2244,2236
2245,2238
2246,2238
2247,2241
2248,2240
2249,2243
2250,2243
2251,2243
2252,2244
2253,2246
2254,2247
2255,2250
2256,2247
2257,2250
2258,2251
2259,2251
2260,2252
2261,2253
2262,2255
2263,2255
2264,2257
2265,2259
2266,2260
2267,2259
2268,2259
2269,2262
2270,2264
2271,2264
2272,2266
2273,2264
2274,2265
2275,2267
2276,2268
2277,2269
2278,2271
2279,2271
2280,2272
2281,2272
2282,2273
2283,2275
2284,2277
2285,2277
2286,2279
2287,2278
2288,2281
2289,2280
2290,2285
2291,2284
2292,2285
2293,2286
2294,2286
2295,2286
2296,2286
2297,2290
2298,2291
2299,2291
2300,2292
2301,2293
2302,2294
2303,2298
2304,2297
2305,2297
2306,2300
2307,2300
2308,2299
2309,2302
2310,2302
2311,2305
2312,2304
2313,2304
2314,2307
2315,2308
2316,2309
2317,2310
2318,2310
2319,2312
2320,2312
2321,2313
2322,2313
2323,2315
2324,2315
2325,2317
2326,2318
2327,2319
2328,2321
2329,2322
2330,2322
2331,2323
2332,2323
2333,2325
2334,2327
2335,2327
2336,2328
2337,2330
2338,2331
2339,2331
2340,2332
2341,2333
2342,2332
2343,2335
2344,2336
2345,2338
2346,2339
2347,2340
2348,2340
2349,2341
2350,2341
2351,2342
2352,2344
2353,2344
2354,2346
2355,2348
2356,2350
2357,2348
2358,2350
2359,2351
2360,2354
2361,2351
2362,2354
2363,2354
2364,2356
2365,2356
2366,2358
2367,2358
2368,2360
2369,2361
2370,2361
2371,2362
2372,2363
2373,2363
2374,2365
2375,2366
2376,2367
2377,2369
2378,2371
2379,2371
2380,2372
2381,2374
2382,2374
2383,2377
2384,2375
2385,2377
2386,2378
2387,2379
2388,2381
2389,2380
2390,2383
2391,2384
2392,2385
2393,2385
2394,2385
2395,2387
2396,2386
2397,2386
2398,2391
2399,2391
2400,2393
2401,2392
2402,2394
2403,2396
2404,2397
2405,2396
2406,2397
2407,2398
2408,2401
2409,2400
2410,2403
2411,2402
2412,2404
2413,2404
2414,2407
2415,2406
2416,2407
2417,2410
2418,2409
2419,2412
2420,2412
2421,2411
2422,2412
2423,2416
2424,2417
2425,2415
2426,2417
2427,2419
2428,2420
2429,2420
2430,2423
2431,2421
2432,2423
2433,2425
2434,2427
2435,2426
2436,2428
2437,2427
2438,2431
2439,2431
2440,2432
2441,2435
2442,2435
2443,2433
2444,2437
2445,2436
2446,2437
2447,2438
2448,2441
2449,2441
2450,2443
2451,2444
2452,2444
2453,2446
2454,2446
2455,2446
2456,2448
2457,2448
2458,2449
2459,2451
2460,2451
2461,2455
2462,2453
2463,2455
2464,2456
2465,2456
2466,2456
2467,2459
2468,2460
2469,2459
2470,2462
2471,2462
2472,2465
2473,2463
2474,2465
2475,2468
2476,2466
2477,2469
2478,2469
2479,2471
2480,2472
2481,2472
2482,2474
2483,2474
2484,2475
2485,2479
2486,2478
2487,2476
2488,2478
2489,2482
2490,2478
2491,2484
2492,2482
2493,2485
2494,2485
2495,2487
2496,2487
2497,2490
2498,2492
2499,2489
2500,2492
2501,2492
2502,2494
2503,2494
2504,2494
2505,2497
2506,2496
2507,2500
2508,2501
2509,2502
2510,2502
2511,2504
2512,2505
2513,2506
2514,2506
2515,2510
2516,2508
2517,2509
2518,2510
2519,2510
2520,2511
2521,2513
2522,2514
2523,2514
2524,2517
2525,2518
2526,2517
2527,2519
2528,2520
2529,2520
2530,2521
2531,2522
2532,2525
2533,2526
2534,2526
2535,2528
2536,2528
2537,2529
2538,2530
2539,2531
2540,2530
2541,2533
2542,2532
2543,2535
2544,2536
2545,2536
2546,2537
2547,2539
2548,2541
2549,2542
2550,2542
2551,2542
2552,2544
2553,2546
2554,2546
2555,2547
2556,2548
2557,2548
2558,2551
2559,2550
2560,2552
2561,2555
2562,2554
2563,2554
2564,2556
2565,2557
2566,2556
2567,2560
2568,2560
2569,2560
2570,2561
2571,2563
2572,2564
2573,2565
2574,2566
2575,2567
2576,2568
2577,2568
2578,2570
2579,2571
2580,2571
2581,2572
2582,2577
2583,2574
2584,2574
2585,2577
2586,2579
2587,2581
2588,2580
2589,2580
2590,2581
2591,2584
2592,2584
2593,2585
2594,2586
2595,2586
2596,2585
2597,2589
2598,2590
2599,2591
2600,2593
2601,2592
2602,2594
2603,2595
2604,2596
2605,2595
2606,2596
2607,2600
2608,2601
2609,2601
2610,2600
2611,2601
2612,2604
2613,2606
2614,2606
2615,2607
2616,2608
2617,2609
2618,2608
2619,2611
2620,2612
2621,2611
2622,2614
2623,2613
2624,2616
2625,2617
2626,2618
2627,2618
2628,2621
2629,2622
2630,2622
2631,2620
2632,2624
2633,2625
2634,2625
2635,2625
2636,2629
2637,2628
2638,2630
2639,2631
2640,2632
2641,2633
2642,2633
2643,2633
2644,2635
2645,2638
2646,2637
2647,2638
2648,2641
2649,2639
2650,2641
2651,2643
2652,2645
2653,2645
2654,2646
2655,2646
2656,2646
2657,2649
2658,2649
2659,2651
2660,2650
2661,2652
2662,2653
2663,2659
2664,2656
2665,2656
2666,2657
2667,2658
2668,2659
2669,2661
2670,2662
2671,2662
2672,2666
2673,2665
2674,2667
2675,2667
2676,2667
2677,2669
2678,2671
2679,2672
2680,2672
2681,2671
2682,2671
2683,2675
2684,2674
2685,2677
2686,2676
2687,2678
2688,2681
2689,2682
2690,2682
2691,2684
2692,2682
2693,2685
2694,2687
2695,2687
2696,2687
2697,2688
2698,2689
2699,2690
2700,2691
2701,2693
2702,2692
2703,2694
2704,2693
2705,2695
2706,2697
2707,2698
2708,2700
2709,2699
2710,2700
2711,2702
2712,2705
2713,2704
2714,2705
2715,2706
2716,2707
2717,2708
2718,2710
2719,2711
2720,2713
2721,2713
2722,2710
2723,2715
2724,2715
2725,2715
2726,2717
2727,2719
2728,2718
2729,2719
2730,2721
2731,2721
2732,2722
2733,2724
2734,2726
2735,2727
2736,2727
2737,2729
2738,2728
2739,2731
2740,2730
2741,2732
2742,2734
2743,2734
2744,2736
2745,2735
2746,2736
2747,2737
2748,2739
2749,2741
2750,2741
2751,2740
2752,2743
2753,2744
2754,2746
2755,2747
2756,2748
2757,2749
2758,2751
2759,2751
2760,2752
2761,2753
2762,2755
2763,2754
2764,2755
2765,2758
2766,2758
2767,2758
2768,2761
2769,2761
2770,2762
2771,2761
2772,2763
2773,2766
2774,2767
2775,2766
2776,2767
2777,2769
2778,2771
2779,2770
2780,2771
2781,2773
2782,2773
2783,2775
2784,2776
2785,2776
2786,2779
2787,2779
2788,2779
2789,2781
2790,2783
2791,2782
2792,2784
2793,2785
2794,2787
2795,2787
2796,2788
2797,2789
2798,2790
2799,2791
2800,2792
2801,2794
2802,2794
2803,2796
2804,2795
2805,2796
2806,2797
2807,2795
2808,2796
2809,2801
2810,2802
2811,2803
2812,2804
2813,2803
2814,2804
2815,2808
2816,2809
2817,2809
2818,2808
2819,2811
2820,2812
2821,2813
2822,2812
2823,2814
2824,2816
2825,2816
2826,2817
2827,2818
2828,2819
2829,2821
2830,2823
2831,2823
2832,2824
2833,2821
2834,2825
2835,2827
2836,2825
2837,2828
2838,2831
2839,2832
2840,2831
2841,2833
2842,2834
2843,2834
2844,2835
2845,2836
2846,2836
2847,2838
2848,2839
2849,2842
2850,2841
2851,2842
2852,2843
2853,2843
2854,2845
2855,2847
2856,2847
2857,2848
2858,2848
2859,2849
2860,2852
2861,2853
2862,2854
2863,2856
2864,2856
2865,2855
2866,2857
2867,2859
2868,2859
2869,2861
2870,2860
2871,2862
2872,2864
2873,2865
2874,2866
2875,2864
2876,2868
2877,2867
2878,2871
2879,2870
2880,2873
2881,2872
2882,2876
2883,2875
2884,2872
2885,2875
2886,2877
2887,2878
2888,2879
2889,2879
2890,2881
2891,2883
2892,2883
2893,2884
2894,2889
2895,2886
2896,2888
2897,2889
2898,2889
2899,2890
2900,2891
2901,2893
2902,2893
2903,2895
2904,2895
2905,2898
2906,2897
2907,2899
2908,2900
2909,2900
2910,2901
2911,2903
2912,2905
2913,2903
2914,2906
2915,2907
2916,2907
2917,2909
2918,2911
2919,2909
2920,2909
2921,2912
2922,2913
2923,2915
2924,2916
2925,2916
2926,2918
2927,2919
2928,2919
2929,2920
2930,2921
2931,2924
2932,2924
2933,2925
2934,2925
2935,2925
2936,2928
2937,2928
2938,2929
2939,2931
2940,2931
2941,2931
2942,2935
2943,2935
2944,2935
2945,2935
2946,2940
2947,2938
2948,2941
2949,2940
2950,2941
2951,2942
2952,2943
2953,2945
2954,2945
2955,2945
2956,2949
2957,2947
2958,2949
2959,2950
2960,2953
2961,2950
2962,2952
2963,2953
2964,2957
2965,2957
2966,2957
2967,2958
2968,2963
2969,2964
2970,2962
2971,2961
2972,2963
2973,2963
2974,2965
2975,2965
2976,2968
2977,2968
2978,2968
2979,2969
2980,2972
2981,2971
2982,2973
2983,2974
2984,2975
2985,2981
2986,2979
2987,2977
2988,2980
2989,2981
2990,2981
2991,2982
2992,2984
2993,2983
2994,2986
2995,2985
2996,2986
2997,2987
2998,2988
2999,2990
3000,2993
3001,2992
3002,2994
3003,2994
3004,2994
3005,2994
3006,2995
3007,2998
3008,3001
3009,3001
3010,3000
3011,3004
3012,3004
3013,3004
3014,3005
3015,3007
3016,3007
3017,3008
3018,3009
3019,3010
3020,3012
3021,3013
3022,3012
3023,3012
3024,3016
3025,3018
3026,3018
3027,3020
3028,3020
3029,3019
3030,3022
3031,3023
3032,3022
3033,3025
3034,3024
3035,3028
3036,3029
3037,3027
3038,3029
3039,3031
3040,3032
3041,3032
3042,3035
3043,3034
3044,3036
3045,3037
3046,3037
3047,3040
3048,3039
3049,3041
3050,3041
3051,3042
3052,3044
3053,3045
3054,3046
3055,3045
3056,3048
3057,3047
3058,3050
3059,3051
3060,3053
3061,3053
3062,3053
3063,3054
3064,3056
3065,3058
3066,3057
3067,3057
3068,3061
3069,3059
3070,3062
3071,3061
3072,3063
3073,3065
3074,3066
3075,3066
3076,3065
3077,3068
3078,3069
3079,3070
3080,3070
3081,3073
3082,3074
3083,3075
3084,3075
3085,3077
3086,3077
3087,3079
3088,3081
3089,3081
3090,3082
3091,3080
3092,3083
3093,3085
3094,3085
3095,3086
3096,3090
3097,3087
3098,3088
3099,3090
3100,3092
3101,3094
3102,3093
3103,3094
3104,3094
3105,3096
3106,3097
3107,3098
3108,3098
3109,3100
3110,3101
3111,3103
3112,3102
3113,3102
3114,3107
3115,3106
3116,3107
3117,3109
3118,3109
3119,3111
3120,3113
3121,3112
3122,3111
3123,3115
3124,3117
3125,3114
3126,3117
3127,3119
3128,3118
3129,3120
3130,3119
3131,3123
3132,3126
3133,3125
3134,3126
3135,3125
3136,3129
3137,3128
3138,3132
3139,3129
3140,3131
3141,3134
3142,3131
3143,3133
3144,3135
3145,3137
3146,3137
3147,3139
3148,3140
3149,3141
3150,3140
3151,3144
3152,3142
3153,3145
3154,3146
3155,3149
3156,3147
3157,3147
3158,3148
3159,3150
3160,3151
3161,3152
3162,3152
3163,3153
3164,3156
3165,3157
3166,3158
3167,3157
3168,3159
3169,3161
3170,3162
3171,3163
3172,3164
3173,3165
3174,3165
3175,3166
3176,3167
3177,3168
3178,3170
3179,3170
3180,3170
3181,3171
3182,3174
3183,3174
3184,3175
3185,3177
3186,3178
3187,3177
3188,3180
3189,3180
3190,3181
3191,3182
3192,3183
3193,3183
3194,3186
3195,3184
3196,3186
3197,3187
3198,3189
3199,3189
3200,3191
3201,3191
3202,3194
3203,3192
3204,3195
3205,3197
3206,3195
3207,3198
3208,3200
3209,3199
3210,3201
3211,3203
3212,3202
3213,3205
3214,3203
3215,3206
3216,3206
3217,3208
3218,3208
3219,3208
3220,3211
3221,3212
3222,3212
3223,3213
3224,3217
3225,3216
3226,3216
3227,3216
3228,3219
3229,3220
3230,3223
3231,3222
3232,3223
3233,3223
3234,3225
3235,3226
3236,3227
3237,3228
3238,3231
3239,3231
3240,3228
3241,3229
3242,3233
3243,3234
3244,3236
3245,3236
3246,3238
3247,3237
3248,3240
3249,3240
3250,3241
3251,3243
3252,3244
3253,3245
3254,3246
3255,3248
3256,3247
3257,3249
3258,3249
3259,3248
3260,3253
3261,3253
3262,3254
3263,3252
3264,3254
3265,3256
3266,3257
3267,3257
3268,3262
3269,3261
3270,3261
3271,3262
3272,3267
3273,3266
3274,3265
3275,3268
3276,3268
3277,3267
3278,3269
3279,3269
3280,3272
3281,3274
3282,3271
3283,3275
3284,3275
3285,3275
3286,3279
3287,3277
3288,3279
3289,3281
3290,3281
3291,3283
3292,3282
3293,3284
3294,3281
3295,3285
3296,3289
3297,3289
3298,3290
3299,3292
3300,3292
3301,3292
3302,3295
3303,3295
3304,3296
3305,3297
3306,3297
3307,3296
3308,3299
3309,3300
3310,3302
3311,3301
3312,3303
3313,3304
3314,3303
3315,3306
3316,3308
3317,3309
3318,3310
3319,3310
3320,3311
3321,3311
3322,3313
3323,3315
3324,3316
3325,3316
3326,3317
3327,3320
3328,3319
3329,3318
3330,3321
3331,3322
3332,3322
3333,3323
3334,3326
3335,3327
3336,3327
3337,3330
3338,3328
3339,3333
3340,3330
3341,3331
3342,3332
3343,3333
3344,3335
3345,3335
3346,3337
3347,3339
3348,3338
3349,3340
3350,3342
3351,3344
3352,3344
3353,3344
3354,3344
3355,3347
3356,3348
3357,3347
3358,3347
3359,3350
3360,3351
3361,3351
3362,3353
3363,3353
3364,3355
3365,3356
3366,3359
3367,3359
3368,3358
3369,3361
3370,3361
3371,3362
3372,3362
3373,3365
3374,3365
3375,3363
3376,3365
3377,3368
3378,3371
3379,3371
3380,3370
3381,3373
3382,3374
3383,3373
3384,3374
3385,3376
3386,3376
3387,3376
3388,3379
3389,3380
3390,3383
3391,3380
3392,3383
3393,3384
3394,3384
3395,3386
3396,3386
3397,3388
3398,3388
3399,3389
3400,3391
3401,3392
3402,3393
3403,3394
3404,3395
3405,3397
3406,3397
3407,3397
3408,3400
3409,3400
3410,3400
3411,3403
3412,3403
3413,3404
3414,3405
3415,3406
3416,3406
3417,3409
3418,3410
3419,3409
3420,3411
3421,3413
3422,3413
3423,3414
3424,3416
3425,3416
3426,3415
3427,3420
3428,3419
3429,3421
3430,3419
3431,3422
3432,3422
3433,3423
3434,3423
3435,3426
3436,3425
3437,3429
3438,3427
3439,3429
3440,3429
3441,3430
3442,3433
3443,3433
3444,3433
3445,3435
3446,3437
3447,3437
3448,3438
3449,3439
3450,3442
3451,3442
3452,3443
3453,3445
3454,3445
3455,3446
3456,3447
3457,3447
3458,3448
3459,3449
3460,3451
3461,3450
3462,3453
3463,3452
3464,3455
3465,3457
3466,3456
3467,3459
3468,3459
3469,3459
3470,3460
3471,3460
3472,3464
3473,3463
3474,3463
3475,3466
3476,3464
3477,3469
3478,3468
3479,3469
3480,3471
3481,3473
3482,3472
3483,3473
3484,3473
3485,3474
3486,3477
3487,3477
3488,3479
3489,3479
3490,3479
3491,3482
3492,3480
3493,3483
3494,3484
3495,3485
3496,3487
3497,3488
3498,3490
3499,3488
3500,3491
3501,3492
3502,3491
3503,3492
3504,3494
3505,3494
3506,3495
3507,3497
3508,3499
3509,3498
3510,3500
3511,3502
3512,3503
3513,3506
3514,3505
3515,3508
3516,3506
3517,3506
3518,3509
3519,3509
3520,3510
3521,3511
3522,3514
3523,3514
3524,3515
3525,3516
3526,3516
3527,3518
3528,3522
3529,3520
3530,3521
3531,3521
3532,3522
3533,3524
3534,3524
3535,3524
3536,3526
3537,3527
3538,3529
3539,3528
3540,3530
3541,3532
3542,3533
3543,3534
3544,3533
3545,3533
3546,3537
3547,3537
3548,3538
3549,3537
3550,3542
3551,3540
3552,3542
3553,3544
3554,3542
3555,3545
3556,3547
3557,3548
3558,3546
3559,3553
3560,3550
3561,3551
3562,3553
3563,3552
3564,3554
3565,3556
3566,3557
3567,3556
3568,3559
3569,3556
3570,3560
3571,3561
3572,3559
3573,3563
3574,3563
3575,3564
3576,3566
3577,3566
3578,3568
3579,3570
3580,3569
3581,3572
3582,3572
3583,3574
3584,3574
3585,3575
3586,3574
3587,3575
3588,3577
3589,3580
3590,3578
3591,3581
3592,3583
3593,3584
3594,3585
3595,3586
3596,3586
3597,3588
3598,3589
3599,3590
3600,3589
3601,3592
3602,3592
3603,3593
3604,3593
3605,3594
3606,3593
3607,3597
3608,3598
3609,3599
3610,3599
3611,3600
3612,3601
3613,3603
3614,3603
3615,3604
3616,3604
3617,3607
3618,3608
3619,3608
3620,3610
3621,3611
3622,3612
3623,3613
3624,3612
3625,3614
3626,3616
3627,3617
3628,3616
3629,3621
3630,3620
3631,3621
3632,3624
3633,3622
3634,3624
3635,3624
3636,3626
3637,3628
3638,3626
3639,3628
3640,3629
3641,3629
3642,3633
3643,3634
3644,3633
3645,3637
3646,3635
3647,3639
3648,3638
3649,3636
3650,3639
3651,3641
3652,3642
3653,3643
3654,3642
3655,3644
3656,3645
3657,3647
3658,3646
3659,3648
3660,3649
3661,3650
3662,3652
3663,3652
3664,3654
3665,3654
3666,3653
3667,3656
3668,3658
3669,3658
3670,3660
3671,3662
3672,3662
3673,3662
3674,3668
3675,3664
3676,3666
3677,3668
3678,3666
3679,3669
3680,3670
3681,3670
3682,3671
3683,3673
3684,3673
3685,3674
3686,3675
3687,3675
3688,3675
3689,3677
3690,3680
3691,3681
3692,3680
3693,3680
3694,3683
3695,3685
3696,3685
3697,3686
3698,3686
3699,3688
3700,3689
3701,3689
3702,3692
3703,3693
3704,3693
3705,3695
3706,3696
3707,3696
3708,3697
3709,3698
3710,3697
3711,3699
3712,3702
3713,3701
3714,3703
3715,3704
3716,3705
3717,3706
3718,3706
3719,3707
3720,3710
3721,3709
3722,3711
3723,3710
3724,3712
3725,3713
3726,3714
3727,3714
3728,3718
3729,3718
3730,3720
3731,3719
3732,3721
3733,3723
3734,3722
3735,3725
3736,3725
3737,3727
3738,3725
3739,3728
3740,3729
3741,3729
3742,3730
3743,3733
3744,3733
3745,3734
3746,3737
3747,3735
3748,3736
3749,3740
3750,3738
3751,3743
3752,3742
3753,3741
3754,3741
3755,3744
3756,3746
3757,3745
3758,3747
3759,3746
3760,3750
3761,3752
3762,3752
3763,3752
3764,3754
3765,3756
3766,3755
3767,3758
3768,3759
3769,3760
3770,3761
3771,3761
3772,3762
3773,3763
3774,3764
3775,3765
3776,3764
3777,3767
3778,3766
3779,3768
3780,3770
3781,3770
3782,3771
3783,3773
3784,3773
3785,3773
3786,3776
3787,3776
3788,3775
3789,3779
3790,3779
3791,3780
3792,3782
3793,3783
3794,3783
3795,3784
3796,3784
3797,3787
3798,3787
3799,3790
3800,3788
3801,3791
3802,3792
3803,3792
3804,3792
3805,3795
3806,3795
3807,3797
3808,3798
3809,3797
3810,3798
3811,3800
3812,3802
3813,3803
3814,3804
3815,3804
3816,3805
3817,3809
3818,3807
3819,3809
3820,3810
3821,3811
3822,3812
3823,3812
3824,3813
3825,3813
3826,3814
3827,3816
3828,3816
3829,3818
3830,3820
3831,3819
3832,3819
3833,3822
3834,3822
3835,3824
3836,3827
3837,3825
3838,3826
3839,3828
3840,3827
3841,3830
3842,3831
3843,3832
3844,3834
3845,3835
3846,3835
3847,3837
3848,3837
3849,3840
3850,3839
3851,3841
3852,3842
3853,3841
3854,3842
3855,3844
3856,3846
3857,3847
3858,3845
3859,3848
3860,3849
3861,3849
3862,3850
3863,3852
3864,3853
3865,3853
3866,3855
3867,3856
3868,3856
3869,3859
3870,3859
3871,3859
3872,3861
3873,3862
3874,3863
3875,3865
3876,3865
3877,3865
3878,3867
3879,3869
3880,3869
3881,3868
3882,3872
3883,3870
3884,3872
3885,3873
3886,3876
3887,3875
3888,3876
3889,3879
3890,3877
3891,3880
3892,3884
3893,3888
3894,3882
3895,3885
3896,3886
3897,3885
3898,3885
3899,3888
3900,3888
3901,3891
3902,3889
3903,3892
3904,3894
3905,3895
3906,3894
3907,3896
3908,3896
3909,3899
3910,3898
3911,3899
3912,3900
3913,3902
3914,3903
3915,3905
3916,3904
3917,3906
3918,3906
3919,3906
3920,3908
3921,3910
3922,3910
3923,3911
3924,3912
3925,3915
3926,3914
3927,3915
3928,3915
3929,3919
3930,3918
3931,3919
3932,3920
3933,3922
3934,3924
3935,3924
3936,3924
3937,3924
3938,3927
3939,3931
3940,3927
3941,3928
3942,3932
3943,3931
3944,3933
3945,3934
3946,3935
3947,3936
3948,3939
3949,3938
3950,3939
3951,3939
3952,3941
3953,3940
3954,3945
3955,3943
3956,3945
3957,3948
3958,3947
3959,3947
3960,3948
3961,3949
3962,3951
3963,3950
3964,3953
3965,3953
3966,3955
3967,3955
3968,3956
3969,3958
3970,3957
3971,3960
3972,3960
3973,3962
3974,3962
3975,3964
3976,3964
3977,3966
3978,3968
3979,3967
3980,3969
3981,3968
3982,3971
3983,3971
3984,3973
3985,3973
3986,3975
3987,3976
3988,3978
3989,3979
3990,3977
3991,3980
3992,3981
3993,3983
3994,3982
3995,3985
3996,3985
3997,3986
3998,3987
3999,3988
4000,3987
4001,3990
4002,3992
4003,3991
4004,3993
4005,3992
4006,3994
4007,3997
4008,3997
4009,3999
4010,4000
4011,4000
4012,4003
4013,4003
4014,4004
4015,4004
4016,4005
4017,4005
4018,4008
4019,4009
4020,4010
4021,4010
4022,4011
4023,4012
4024,4014
4025,4014
4026,4016
4027,4016
4028,4018
4029,4019
4030,4019
4031,4021
4032,4021
4033,4022
4034,4025
4035,4024
4036,4027
4037,4027
4038,4028
4039,4029
4040,4028
4041,4030
4042,4031
4043,4033
4044,4034
4045,4033
4046,4035
4047,4035
4048,4037
4049,4039
4050,4038
4051,4038
4052,4040
4053,4042
4054,4044
4055,4044
4056,4049
4057,4044
4058,4048
4059,4049
4060,4051
4061,4051
4062,4051
4063,4052
4064,4053
4065,4056
4066,4056
4067,4058
4068,4056
4069,4061
4070,4059
4071,4056
4072,4063
4073,4063
4074,4065
4075,4065
4076,4064
4077,4066
4078,4068
4079,4068
4080,4069
4081,4072
4082,4071
4083,4074
4084,4074
4085,4075
4086,4075
4087,4076
4088,4076
4089,4080
4090,4076
4091,4081
4092,4081
4093,4079
4094,4077
4095,4078
