0,8
1,5
2,4
3,3
4,4
5,4
6,7
7,7
8,11
9,6
10,12
11,12
12,10
13,13
14,11
15,16
16,14
17,16
18,21
19,19
20,19
21,21
22,20
23,24
24,24
25,27
26,25
27,27
28,28
29,29
30,32
31,30
32,30
33,36
34,32
35,34
36,36
37,35
38,37
39,39
40,41
41,42
42,38
43,43
44,43
45,46
46,48
47,45
48,52
49,50
50,50
51,54
52,49
53,54
54,54
55,57
56,59
57,54
58,61
59,58
60,60
61,62
62,58
63,63
64,62
65,66
66,67
67,64
68,69
69,68
70,69
71,73
72,71
73,74
74,72
75,75
76,75
77,78
78,73
79,80
80,79
81,82
82,83
83,81
84,84
85,82
86,86
87,86
88,85
89,91
90,85
91,89
92,92
93,90
94,93
95,93
96,93
97,97
98,96
99,101
100,95
101,100
102,103
103,99
104,105
105,103
106,104
107,107
108,103
109,108
110,106
111,110
112,110
113,112
114,114
115,114
116,115
117,116
118,116
119,119
120,117
121,121
122,123
123,120
124,123
125,121
126,123
127,128
128,124
129,130
130,127
131,128
132,131
133,130
134,134
135,135
136,136
137,139
138,133
139,136
140,141
141,136
142,141
143,140
144,143
145,147
146,142
147,147
148,145
149,146
150,150
151,149
152,153
153,151
154,152
155,154
156,152
157,156
158,157
159,158
160,159
161,158
162,159
163,161
164,160
165,165
166,162
167,167
168,165
169,166
170,168
171,170
172,169
173,173
174,173
175,175
176,171
177,177
178,175
179,174
180,180
181,177
182,181
183,183
184,182
185,183
186,182
187,185
188,187
189,188
190,187
191,187
192,190
193,191
194,192
195,196
196,194
197,194
198,198
199,197
200,197
201,199
202,198
203,204
204,201
205,205
206,205
207,203
208,207
209,206
210,207
211,210
212,210
213,212
214,213
215,214
216,216
217,215
218,219
219,215
220,219
221,222
222,217
223,223
224,222
225,225
226,225
227,224
228,228
229,225
230,228
231,229
232,226
233,232
234,230
235,231
236,233
237,232
238,239
239,238
240,236
241,243
242,238
243,244
244,240
245,242
246,244
247,241
248,248
249,248
250,248
251,251
252,250
253,250
254,258
255,252
256,256
257,255
258,256
259,262
260,258
261,259
262,261
263,259
264,263
265,261
266,267
267,263
268,266
269,270
270,268
271,269
272,270
273,272
274,273
275,270
276,277
277,277
278,275
279,277
280,275
281,279
282,279
283,281
284,283
285,282
286,285
287,283
288,287
289,288
290,285
291,290
292,289
293,291
294,293
295,291
296,298
297,294
298,297
299,300
300,295
301,299
302,301
303,298
304,303
305,300
306,304
307,304
308,306
309,306
310,308
311,309
312,311
313,312
314,312
315,313
316,311
317,315
318,316
319,318
320,320
321,318
322,322
323,318
324,322
325,324
326,324
327,325
328,325
329,329
330,331
331,329
332,333
333,331
334,331
335,335
336,334
337,336
338,338
339,335
340,338
341,336
342,340
343,342
344,342
345,345
346,343
347,346
348,345
349,347
350,351
351,345
352,350
353,349
354,353
355,354
356,353
357,355
358,357
359,355
360,358
361,356
362,359
363,359
364,360
365,363
366,362
367,365
368,369
369,367
370,367
371,371
372,367
373,374
374,371
375,373
376,374
377,372
378,377
379,376
380,379
381,380
382,380
383,382
384,381
385,382
386,384
387,383
388,383
389,384
390,386
391,390
392,390
393,391
394,390
395,394
396,396
397,395
398,398
399,393
400,396
401,397
402,397
403,401
404,398
405,403
406,407
407,404
408,407
409,404
410,412
411,410
412,406
413,412
414,412
415,412
416,415
417,414
418,416
419,416
420,418
421,418
422,418
423,423
424,422
425,419
426,423
427,423
428,424
429,427
430,427
431,432
432,430
433,430
434,434
435,432
436,432
437,436
438,436
439,436
440,434
441,439
442,437
443,441
444,444
445,438
446,443
447,444
448,444
449,447
450,445
451,448
452,452
453,448
454,453
455,451
456,455
457,453
458,457
459,459
460,455
461,457
462,460
463,457
464,462
465,464
466,464
467,465
468,463
469,468
470,467
471,468
472,471
473,468
474,475
475,471
476,474
477,472
478,473
479,477
480,478
481,478
482,481
483,480
484,483
485,483
486,479
487,488
488,484
489,484
490,488
491,487
492,491
493,487
494,489
495,493
496,491
497,496
498,494
499,497
500,498
501,495
502,499
503,501
504,503
505,502
506,500
507,505
508,502
509,506
510,510
511,508
512,509
513,506
514,513
515,514
516,512
517,515
518,515
519,515
520,521
521,517
522,520
523,519
524,519
525,525
526,520
527,525
528,521
529,526
530,527
531,525
532,528
533,528
534,532
535,534
536,532
537,534
538,537
539,533
540,540
541,540
542,538
543,543
544,540
545,545
546,541
547,544
548,548
549,544
550,548
551,550
552,548
553,553
554,551
555,554
556,551
557,554
558,557
559,553
560,560
561,559
562,558
563,562
564,558
565,562
566,562
567,563
568,569
569,565
570,568
571,568
572,565
573,573
574,568
575,574
576,573
577,574
578,579
579,575
580,576
581,576
582,579
583,584
584,581
585,581
586,582
587,583
588,587
589,584
590,588
591,587
592,587
593,590
594,591
595,589
596,595
597,592
598,596
599,598
600,596
601,596
602,597
603,599
604,602
605,601
606,605
607,604
608,605
609,606
610,607
611,609
612,606
613,610
614,613
615,611
616,613
617,613
618,617
619,618
620,614
621,620
622,617
623,620
624,623
625,621
626,626
627,622
628,626
629,628
630,625
631,631
632,626
633,628
634,633
635,628
636,632
637,632
638,635
639,636
640,635
641,637
642,638
643,639
644,641
645,642
646,646
647,644
648,644
649,648
650,644
651,649
652,652
653,646
654,652
655,651
656,655
657,657
658,651
659,656
660,658
661,655
662,662
663,658
664,663
665,662
666,661
667,667
668,664
669,664
670,665
671,665
672,671
673,666
674,673
675,674
676,672
677,678
678,672
679,676
680,673
681,676
682,679
683,676
684,682
685,684
686,682
687,686
688,685
689,685
690,688
691,684
692,689
693,688
694,690
695,690
696,693
697,697
698,691
699,694
700,694
701,695
702,700
703,695
704,700
705,702
706,701
707,703
708,705
709,703
710,709
711,705
712,710
713,712
714,710
715,711
716,713
717,713
718,717
719,716
720,715
721,719
722,721
723,720
724,720
725,722
726,723
727,726
728,728
729,722
730,728
731,728
732,726
733,733
734,729
735,731
736,730
737,733
738,739
739,733
740,739
741,738
742,738
743,740
744,740
745,742
746,742
747,743
748,747
749,742
750,750
751,748
752,750
753,751
754,748
755,751
756,752
757,753
758,759
759,753
760,758
761,757
762,759
763,763
764,761
765,763
766,766
767,765
768,764
769,768
770,768
771,770
772,767
773,772
774,773
775,772
776,773
777,771
778,774
779,774
780,778
781,782
782,780
783,780
784,782
785,779
786,786
787,783
788,785
789,785
790,785
791,792
792,790
793,790
794,792
795,789
796,794
797,794
798,797
799,795
800,794
801,802
802,798
803,802
804,803
805,801
806,803
807,803
808,805
809,808
810,804
811,811
812,809
813,809
814,811
815,813
816,817
817,812
818,816
819,820
820,817
821,820
822,819
823,820
824,824
825,822
826,823
827,826
828,825
829,828
830,828
831,829
832,831
833,830
834,834
835,830
836,832
837,838
838,834
839,839
840,835
841,840
842,840
843,839
844,843
845,841
846,844
847,844
848,845
849,847
850,846
851,850
852,850
853,847
854,854
855,852
856,851
857,854
858,853
859,856
860,856
861,857
862,861
863,859
864,863
865,859
866,865
867,864
868,865
869,866
870,868
871,867
872,872
873,869
874,870
875,870
876,874
877,876
878,877
879,876
880,878
881,875
882,881
883,883
884,881
885,883
886,883
887,885
888,886
889,883
890,888
891,888
892,891
893,893
894,890
895,893
896,891
897,894
898,897
899,894
900,900
901,897
902,897
903,899
904,900
905,904
906,902
907,903
908,907
909,903
910,910
911,906
912,910
913,908
914,909
915,915
916,913
917,915
918,916
919,915
920,918
921,917
922,919
923,922
924,921
925,925
926,922
927,925
928,926
929,925
930,928
931,925
932,927
933,932
934,930
935,934
936,938
937,933
938,938
939,938
940,938
941,938
942,936
943,941
944,939
945,943
946,944
947,943
948,945
949,944
950,945
951,952
952,947
953,950
954,951
955,951
956,956
957,952
958,957
959,957
960,959
961,959
962,958
963,960
964,960
965,961
966,967
967,962
968,968
969,965
970,967
971,970
972,969
973,972
974,969
975,974
976,974
977,972
978,976
979,975
980,975
981,980
982,978
983,980
984,979
985,981
986,985
987,984
988,986
989,988
990,986
991,990
992,990
993,988
994,994
995,992
996,992
997,995
998,994
999,1001
1000,995
1001,1002
1002,1002
1003,996
1004,1005
1005,1003
1006,1003
1007,1006
1008,1003
1009,1009
1010,1007
1011,1010
1012,1008
1013,1010
1014,1012
1015,1012
1016,1015
1017,1016
1018,1013
1019,1019
1020,1018
1021,1021
1022,1021
1023,1019
1024,1025
1025,1023
1026,1026
1027,1025
1028,1022
1029,1028
1030,1027
1031,1028
1032,1031
1033,1028
1034,1036
1035,1032
1036,1032
1037,1035
1038,1034
1039,1039
1040,1040
1041,1037
1042,1042
1043,1039
1044,1044
1045,1044
1046,1041
1047,1048
1048,1047
1049,1046
1050,1050
1051,1045
1052,1049
1053,1051
1054,1049
1055,1054
1056,1054
1057,1054
1058,1054
1059,1056
1060,1060
1061,1059
1062,1062
1063,1060
1064,1060
1065,1066
1066,1061
1067,1065
1068,1065
1069,1067
1070,1070
1071,1065
1072,1069
1073,1071
1074,1071
1075,1075
1076,1071
1077,1078
1078,1074
1079,1076
1080,1080
1081,1075
1082,1080
1083,1082
1084,1080
1085,1083
1086,1083
1087,1082
1088,1089
1089,1084
1090,1091
1091,1090
1092,1087
1093,1092
1094,1089
1095,1092
1096,1095
1097,1093
1098,1099
1099,1093
1100,1098
1101,1097
1102,1097
1103,1104
1104,1100
1105,1101
1106,1103
1107,1104
1108,1108
1109,1107
1110,1110
1111,1111
1112,1109
1113,1111
1114,1109
1115,1113
1116,1114
1117,1116
1118,1118
1119,1118
1120,1116
1121,1118
1122,1119
1123,1122
1124,1120
1125,1122
1126,1126
1127,1121
1128,1128
1129,1127
1130,1127
1131,1131
1132,1129
1133,1132
1134,1135
1135,1132
1136,1134
1137,1134
1138,1135
1139,1140
1140,1136
1141,1141
1142,1137
1143,1138
1144,1144
1145,1141
1146,1144
1147,1145
1148,1142
1149,1149
1150,1146
1151,1150
1152,1150
1153,1149
1154,1150
1155,1149
1156,1156
1157,1153
1158,1158
1159,1157
1160,1157
1161,1158
1162,1158
1163,1160
1164,1162
1165,1161
1166,1167
1167,1165
1168,1163
1169,1168
1170,1166
1171,1168
1172,1168
1173,1169
1174,1173
1175,1171
1176,1173
1177,1173
1178,1173
1179,1178
1180,1176
1181,1177
1182,1179
1183,1178
1184,1180
1185,1180
1186,1181
1187,1188
1188,1183
1189,1187
1190,1189
1191,1186
1192,1190
1193,1189
1194,1193
1195,1191
1196,1190
1197,1194
1198,1195
1199,1194
1200,1199
1201,1195
1202,1200
1203,1200
1204,1203
1205,1202
1206,1203
1207,1207
1208,1205
1209,1207
1210,1206
1211,1205
1212,1209
1213,1207
1214,1211
1215,1213
1216,1213
1217,1214
1218,1216
1219,1219
1220,1219
1221,1217
1222,1222
1223,1218
1224,1220
1225,1223
1226,1224
1227,1225
1228,1225
1229,1224
1230,1227
1231,1228
1232,1230
1233,1230
1234,1229
1235,1233
1236,1232
1237,1236
1238,1235
1239,1233
1240,1240
1241,1236
1242,1241
1243,1243
1244,1239
1245,1243
1246,1243
1247,1245
1248,1246
1249,1243
1250,1248
1251,1249
1252,1250
1253,1254
1254,1248
1255,1255
1256,1253
1257,1253
1258,1256
1259,1256
1260,1257
1261,1256
1262,1258
1263,1262
1264,1261
1265,1265
1266,1263
1267,1265
1268,1269
1269,1266
1270,1267
1271,1269
1272,1267
1273,1271
1274,1272
1275,1272
1276,1276
1277,1274
1278,1278
1279,1275
1280,1277
1281,1277
1282,1277
1283,1280
1284,1283
1285,1280
1286,1286
1287,1283
1288,1286
1289,1285
1290,1287
1291,1288
1292,1287
1293,1292
1294,1292
1295,1291
1296,1294
1297,1291
1298,1297
1299,1297
1300,1294
1301,1300
1302,1297
1303,1299
1304,1304
1305,1300
1306,1304
1307,1302
1308,1305
1309,1306
1310,1306
1311,1307
1312,1308
1313,1308
1314,1312
1315,1312
1316,1314
1317,1313
1318,1315
1319,1316
1320,1319
1321,1319
1322,1321
1323,1319
1324,1321
1325,1323
1326,1322
1327,1326
1328,1325
1329,1327
1330,1328
1331,1329
1332,1332
1333,1329
1334,1334
1335,1333
1336,1330
1337,1337
1338,1333
1339,1338
1340,1336
1341,1336
1342,1343
1343,1337
1344,1343
1345,1339
1346,1341
1347,1348
1348,1343
1349,1349
1350,1348
1351,1350
1352,1352
1353,1351
1354,1351
1355,1352
1356,1354
1357,1357
1358,1351
1359,1355
1360,1358
1361,1355
1362,1362
1363,1358
1364,1362
1365,1363
1366,1362
1367,1366
1368,1365
1369,1364
1370,1370
1371,1365
1372,1368
1373,1371
1374,1372
1375,1372
1376,1371
1377,1373
1378,1374
1379,1376
1380,1378
1381,1375
1382,1381
1383,1381
1384,1378
1385,1384
1386,1384
1387,1383
1388,1385
1389,1386
1390,1388
1391,1386
1392,1389
1393,1390
1394,1388
1395,1392
1396,1391
1397,1394
1398,1393
1399,1394
1400,1399
1401,1395
1402,1398
1403,1398
1404,1399
1405,1402
1406,1400
1407,1403
1408,1404
1409,1405
1410,1407
1411,1405
1412,1408
1413,1412
1414,1408
1415,1413
1416,1414
1417,1411
1418,1416
1419,1414
1420,1418
1421,1417
1422,1417
1423,1420
1424,1418
1425,1420
1426,1424
1427,1424
1428,1424
1429,1427
1430,1427
1431,1427
1432,1428
1433,1429
1434,1431
1435,1434
1436,1436
1437,1430
1438,1437
1439,1433
1440,1435
1441,1438
1442,1438
1443,1441
1444,1441
1445,1440
1446,1445
1447,1440
1448,1447
1449,1445
1450,1445
1451,1451
1452,1447
1453,1450
1454,1447
1455,1449
1456,1452
1457,1452
1458,1456
1459,1459
1460,1454
1461,1460
1462,1457
1463,1457
1464,1460
1465,1459
1466,1463
1467,1462
1468,1464
1469,1467
1470,1463
1471,1468
1472,1469
1473,1468
1474,1473
1475,1469
1476,1474
1477,1471
1478,1472
1479,1476
1480,1473
1481,1479
1482,1477
1483,1477
1484,1482
1485,1479
1486,1481
1487,1485
1488,1484
1489,1486
1490,1483
1491,1488
1492,1487
1493,1489
1494,1492
1495,1491
1496,1490
1497,1491
1498,1490
1499,1494
1500,1493
1501,1498
1502,1499
1503,1496
1504,1501
1505,1501
1506,1502
1507,1507
1508,1502
1509,1506
1510,1510
1511,1504
1512,1508
1513,1511
1514,1509
1515,1514
1516,1510
1517,1517
1518,1515
1519,1517
1520,1517
1521,1516
1522,1518
1523,1518
1524,1519
1525,1525
1526,1522
1527,1526
1528,1524
1529,1526
1530,1527
1531,1527
1532,1528
1533,1529
1534,1531
1535,1533
1536,1531
1537,1537
1538,1532
1539,1535
1540,1537
1541,1535
1542,1537
1543,1540
1544,1540
1545,1541
1546,1541
1547,1546
1548,1546
1549,1543
1550,1547
1551,1545
1552,1546
1553,1552
1554,1550
1555,1551
1556,1551
1557,1550
1558,1557
1559,1554
1560,1554
1561,1555
1562,1558
1563,1562
1564,1557
1565,1560
1566,1562
1567,1562
1568,1565
1569,1563
1570,1565
1571,1566
1572,1567
1573,1572
1574,1569
1575,1571
1576,1571
1577,1571
1578,1577
1579,1574
1580,1577
1581,1579
1582,1578
1583,1582
1584,1578
1585,1581
1586,1583
1587,1580
1588,1583
1589,1581
1590,1585
1591,1589
1592,1587
1593,1591
1594,1588
1595,1593
1596,1594
1597,1590
1598,1595
1599,1595
1600,1592
1601,1596
1602,1596
1603,1600
1604,1602
1605,1600
1606,1605
1607,1603
1608,1604
1609,1607
1610,1603
1611,1608
1612,1608
1613,1606
1614,1609
1615,1609
1616,1611
1617,1612
1618,1614
1619,1618
1620,1616
1621,1618
1622,1617
1623,1616
1624,1621
1625,1619
1626,1622
1627,1623
1628,1625
1629,1625
1630,1622
1631,1626
1632,1626
1633,1628
1634,1629
1635,1628
1636,1630
1637,1633
1638,1632
1639,1635
1640,1635
1641,1639
1642,1635
1643,1640
1644,1641
1645,1640
1646,1642
1647,1645
1648,1642
1649,1642
1650,1644
1651,1645
1652,1649
1653,1647
1654,1652
1655,1648
1656,1650
1657,1656
1658,1652
1659,1657
1660,1657
1661,1658
1662,1660
1663,1657
1664,1661
1665,1662
1666,1658
1667,1663
1668,1661
1669,1666
1670,1666
1671,1664
1672,1671
1673,1668
1674,1670
1675,1669
1676,1671
1677,1672
1678,1672
1679,1676
1680,1675
1681,1675
1682,1679
1683,1674
1684,1678
1685,1682
1686,1678
1687,1685
1688,1682
1689,1687
1690,1685
1691,1683
1692,1688
1693,1687
1694,1689
1695,1691
1696,1689
1697,1693
1698,1693
1699,1693
1700,1695
1701,1693
1702,1697
1703,1697
1704,1698
1705,1702
1706,1701
1707,1703
1708,1703
1709,1699
1710,1708
1711,1706
1712,1706
1713,1712
1714,1707
1715,1713
1716,1709
1717,1713
1718,1716
1719,1712
1720,1715
1721,1713
1722,1719
1723,1719
1724,1719
1725,1721
1726,1719
1727,1724
1728,1725
1729,1722
1730,1724
1731,1724
1732,1725
1733,1728
1734,1727
1735,1729
1736,1731
1737,1730
1738,1735
1739,1732
1740,1736
1741,1737
1742,1736
1743,1739
1744,1738
1745,1741
1746,1744
1747,1741
1748,1747
1749,1742
1750,1743
1751,1751
1752,1744
1753,1749
1754,1749
1755,1751
1756,1755
1757,1748
1758,1752
1759,1753
1760,1753
1761,1761
1762,1753
1763,1758
1764,1759
1765,1759
1766,1761
1767,1760
1768,1765
1769,1764
1770,1767
1771,1767
1772,1765
1773,1771
1774,1768
1775,1768
1776,1773
1777,1770
1778,1772
1779,1776
1780,1777
1781,1778
1782,1774
1783,1780
1784,1780
1785,1778
1786,1779
1787,1784
1788,1785
1789,1786
1790,1783
1791,1788
1792,1785
1793,1787
1794,1789
1795,1790
1796,1792
1797,1793
1798,1794
1799,1797
1800,1793
1801,1798
1802,1796
1803,1799
1804,1800
1805,1797
1806,1800
1807,1804
1808,1802
1809,1807
1810,1804
1811,1804
1812,1810
1813,1808
1814,1810
1815,1809
1816,1811
1817,1813
1818,1811
1819,1817
1820,1815
1821,1817
1822,1819
1823,1817
1824,1820
1825,1819
1826,1822
1827,1824
1828,1820
1829,1824
1830,1822
1831,1827
1832,1829
1833,1827
1834,1831
1835,1832
1836,1828
1837,1835
1838,1835
1839,1832
1840,1837
1841,1834
1842,1840
1843,1838
1844,1838
1845,1840
1846,1837
1847,1844
1848,1843
1849,1843
1850,1844
1851,1844
1852,1848
1853,1848
1854,1852
1855,1852
1856,1850
1857,1853
1858,1851
1859,1852
1860,1856
1861,1855
1862,1856
1863,1859
1864,1860
1865,1864
1866,1860
1867,1863
1868,1862
1869,1864
1870,1865
1871,1862
1872,1869
1873,1866
1874,1867
1875,1870
1876,1871
1877,1872
1878,1877
1879,1872
1880,1877
1881,1877
1882,1876
1883,1878
1884,1877
1885,1880
1886,1880
1887,1879
1888,1885
1889,1883
1890,1886
1891,1885
1892,1886
1893,1888
1894,1888
1895,1892
1896,1890
1897,1889
1898,1895
1899,1894
1900,1893
1901,1897
1902,1895
1903,1899
1904,1897
1905,1898
1906,1905
1907,1898
1908,1903
1909,1903
1910,1904
1911,1911
1912,1907
1913,1910
1914,1911
1915,1910
1916,1911
1917,1910
1918,1913
1919,1914
1920,1913
1921,1920
1922,1917
1923,1920
1924,1917
1925,1922
1926,1921
1927,1922
1928,1923
1929,1923
1930,1921
1931,1927
1932,1926
1933,1929
1934,1932
1935,1929
1936,1930
1937,1929
1938,1932
1939,1936
1940,1934
1941,1936
1942,1937
1943,1934
1944,1940
1945,1938
1946,1940
1947,1942
1948,1940
1949,1944
1950,1941
1951,1947
1952,1946
1953,1945
1954,1949
1955,1950
1956,1951
1957,1950
1958,1951
1959,1955
1960,1952
1961,1956
1962,1956
1963,1956
1964,1960
1965,1960
1966,1960
1967,1963
1968,1961
1969,1965
1970,1961
1971,1966
1972,1967
1973,1968
1974,1970
1975,1969
1976,1970
1977,1974
1978,1971
1979,1972
1980,1973
1981,1974
1982,1977
1983,1977
1984,1977
1985,1980
1986,1977
1987,1984
1988,1980
1989,1983
1990,1985
1991,1985
1992,1987
1993,1985
1994,1988
1995,1989
1996,1986
1997,1991
1998,1989
1999,1992
2000,1995
2001,1993
2002,1997
2003,1998
2004,1997
2005,2001
2006,1999
2007,2002
2008,2005
2009,2001
2010,2005
2011,2006
2012,2007
2013,2006
2014,2012
2015,2012
2016,2011
2017,2014
2018,2015
2019,2011
2020,2014
2021,2014
2022,2018
2023,2021
2024,2015
2025,2022
2026,2019
2027,2021
2028,2023
2029,2021
2030,2027
2031,2027
2032,2026
2033,2028
2034,2029
2035,2031
2036,2032
2037,2033
2038,2035
2039,2031
2040,2036
2041,2035
2042,2036
2043,2039
2044,2037
2045,2042
2046,2042
2047,2041
2048,2044
2049,2042
2050,2045
2051,2047
2052,2048
2053,2049
2054,2046
2055,2051
2056,2053
2057,2050
2058,2056
2059,2054
2060,2053
2061,2057
2062,2056
2063,2062
2064,2057
2065,2060
2066,2064
2067,2063
2068,2064
2069,2065
2070,2062
2071,2068
2072,2064
2073,2067
2074,2068
2075,2068
2076,2073
2077,2069
2078,2073
2079,2074
2080,2072
2081,2077
2082,2073
2083,2076
2084,2079
2085,2078
2086,2080
2087,2081
2088,2084
2089,2086
2090,2084
2091,2087
2092,2086
2093,2088
2094,2090
2095,2088
2096,2094
2097,2090
2098,2091
2099,2094
2100,2091
2101,2097
2102,2097
2103,2097
2104,2101
2105,2098
2106,2103
2107,2102
2108,2105
2109,2108
2110,2104
2111,2105
2112,2106
2113,2103
2114,2109
2115,2109
2116,2109
2117,2113
2118,2110
2119,2117
2120,2114
2121,2115
2122,2117
2123,2117
2124,2118
2125,2119
2126,2119
2127,2125
2128,2118
2129,2125
2130,2125
2131,2123
2132,2129
2133,2125
2134,2128
2135,2128
2136,2129
2137,2133
2138,2131
2139,2136
2140,2136
2141,2136
2142,2138
2143,2135
2144,2139
2145,2138
2146,2140
2147,2142
2148,2140
2149,2143
2150,2144
2151,2144
2152,2149
2153,2145
2154,2147
2155,2151
2156,2152
2157,2152
2158,2151
2159,2151
2160,2156
2161,2152
2162,2157
2163,2155
2164,2157
2165,2162
2166,2157
2167,2162
2168,2161
2169,2163
2170,2167
2171,2162
2172,2167
2173,2170
2174,2166
2175,2169
2176,2170
2177,2171
2178,2171
2179,2173
2180,2174
2181,2175
2182,2178
2183,2180
2184,2179
2185,2179
2186,2178
2187,2182
2188,2182
2189,2179
2190,2184
2191,2185
2192,2184
2193,2183
2194,2186
2195,2190
2196,2189
2197,2190
2198,2192
2199,2193
2200,2193
2201,2193
2202,2197
2203,2200
2204,2197
2205,2198
2206,2203
2207,2196
2208,2208
2209,2204
2210,2204
2211,2204
2212,2202
2213,2207
2214,2208
2215,2209
2216,2212
2217,2211
2218,2212
2219,2210
2220,2212
2221,2214
2222,2215
2223,2218
2224,2218
2225,2217
2226,2222
2227,2219
2228,2224
2229,2224
2230,2222
2231,2226
2232,2225
2233,2228
2234,2229
2235,2227
2236,2230
2237,2229
2238,2231
2239,2233
2240,2233
2241,2235
2242,2235
2243,2237
2244,2236
2245,2238
2246,2240
2247,2242
2248,2242
2249,2243
2250,2241
2251,2244
2252,2244
2253,2246
2254,2250
2255,2248
2256,2250
2257,2250
2258,2250
2259,2256
2260,2253
2261,2255
2262,2255
2263,2254
2264,2260
2265,2259
2266,2257
2267,2260
2268,2258
2269,2264
2270,2264
2271,2266
2272,2268
2273,2265
2274,2269
2275,2266
2276,2268
2277,2269
2278,2269
2279,2274
2280,2274
2281,2273
2282,2277
2283,2276
2284,2280
2285,2276
2286,2278
2287,2282
2288,2277
2289,2282
2290,2284
2291,2283
2292,2284
2293,2282
2294,2290
2295,2289
2296,2289
2297,2291
2298,2288
2299,2291
2300,2297
2301,2293
2302,2296
2303,2298
2304,2294
2305,2299
2306,2296
2307,2302
2308,2302
2309,2303
2310,2307
2311,2301
2312,2306
2313,2306
2314,2305
2315,2312
2316,2308
2317,2312
2318,2312
2319,2311
2320,2316
2321,2310
2322,2316
2323,2316
2324,2314
2325,2322
2326,2320
2327,2323
2328,2319
2329,2322
2330,2323
2331,2325
2332,2324
2333,2325
2334,2326
2335,2329
2336,2329
2337,2332
2338,2333
2339,2329
2340,2335
2341,2331
2342,2336
2343,2337
2344,2334
2345,2340
2346,2338
2347,2342
2348,2341
2349,2341
2350,2341
2351,2346
2352,2341
2353,2349
2354,2343
2355,2351
2356,2347
2357,2347
2358,2353
2359,2352
2360,2352
2361,2352
2362,2355
2363,2356
2364,2355
2365,2360
2366,2358
2367,2356
2368,2361
2369,2363
2370,2364
2371,2365
2372,2363
2373,2369
2374,2365
2375,2369
2376,2370
2377,2369
2378,2373
2379,2368
2380,2373
2381,2375
2382,2372
2383,2379
2384,2375
2385,2376
2386,2379
2387,2378
2388,2385
2389,2378
2390,2383
2391,2386
2392,2384
2393,2384
2394,2387
2395,2387
2396,2389
2397,2389
2398,2392
2399,2391
2400,2392
2401,2396
2402,2394
2403,2395
2404,2400
2405,2395
2406,2399
2407,2396
2408,2400
2409,2405
2410,2399
2411,2406
2412,2406
2413,2404
2414,2408
2415,2405
2416,2409
2417,2410
2418,2410
2419,2415
2420,2410
2421,2416
2422,2412
2423,2415
2424,2420
2425,2417
2426,2420
2427,2420
2428,2421
2429,2422
2430,2422
2431,2425
2432,2423
2433,2425
2434,2429
2435,2426
2436,2429
2437,2431
2438,2430
2439,2434
2440,2431
2441,2435
2442,2436
2443,2435
2444,2437
2445,2437
2446,2434
2447,2442
2448,2440
2449,2441
2450,2444
2451,2443
2452,2444
2453,2446
2454,2449
2455,2448
2456,2447
2457,2449
2458,2447
2459,2451
2460,2451
2461,2451
2462,2454
2463,2454
2464,2458
2465,2458
2466,2455
2467,2461
2468,2459
2469,2462
2470,2462
2471,2461
2472,2464
2473,2462
2474,2469
2475,2469
2476,2467
2477,2471
2478,2469
2479,2471
2480,2475
2481,2474
2482,2475
2483,2477
2484,2472
2485,2479
2486,2476
2487,2480
2488,2484
2489,2479
2490,2481
2491,2485
2492,2483
2493,2485
2494,2485
2495,2490
2496,2487
2497,2487
2498,2490
2499,2491
2500,2494
2501,2492
2502,2493
2503,2497
2504,2496
2505,2497
2506,2498
2507,2497
2508,2504
2509,2501
2510,2505
2511,2502
2512,2501
2513,2507
2514,2506
2515,2509
2516,2508
2517,2506
2518,2512
2519,2511
2520,2514
2521,2512
2522,2512
2523,2517
2524,2513
2525,2517
2526,2517
2527,2516
2528,2520
2529,2520
2530,2521
2531,2525
2532,2525
2533,2527
2534,2525
2535,2526
2536,2532
2537,2526
2538,2533
2539,2533
2540,2528
2541,2534
2542,2535
2543,2536
2544,2538
2545,2537
2546,2539
2547,2538
2548,2541
2549,2540
2550,2542
2551,2542
2552,2541
2553,2547
2554,2549
2555,2544
2556,2550
2557,2549
2558,2549
2559,2554
2560,2552
2561,2554
2562,2552
2563,2556
2564,2556
2565,2558
2566,2561
2567,2557
2568,2561
2569,2563
2570,2559
2571,2564
2572,2564
2573,2564
2574,2566
2575,2565
2576,2565
2577,2571
2578,2566
2579,2574
2580,2570
2581,2575
2582,2577
2583,2576
2584,2580
2585,2575
2586,2576
2587,2580
2588,2580
2589,2582
2590,2584
2591,2584
2592,2586
2593,2582
2594,2589
2595,2587
2596,2588
2597,2591
2598,2589
2599,2592
2600,2591
2601,2591
2602,2597
2603,2591
2604,2597
2605,2591
2606,2595
2607,2602
2608,2600
2609,2604
2610,2601
2611,2604
2612,2605
2613,2600
2614,2605
2615,2609
2616,2607
2617,2610
2618,2610
2619,2609
2620,2611
2621,2613
2622,2615
2623,2613
2624,2614
2625,2620
2626,2617
2627,2618
2628,2619
2629,2619
2630,2622
2631,2619
2632,2625
2633,2627
2634,2626
2635,2627
2636,2625
2637,2629
2638,2628
2639,2630
2640,2636
2641,2630
2642,2635
2643,2636
2644,2634
2645,2635
2646,2634
2647,2641
2648,2642
2649,2639
2650,2641
2651,2643
2652,2646
2653,2646
2654,2643
2655,2651
2656,2648
2657,2650
2658,2655
2659,2647
2660,2657
2661,2652
2662,2652
2663,2658
2664,2652
2665,2655
2666,2658
2667,2657
2668,2659
2669,2658
2670,2659
2671,2664
2672,2664
2673,2664
2674,2667
2675,2668
2676,2665
2677,2669
2678,2672
2679,2672
2680,2671
2681,2672
2682,2674
2683,2678
2684,2674
2685,2674
2686,2677
2687,2674
2688,2681
2689,2679
2690,2682
2691,2682
2692,2680
2693,2686
2694,2687
2695,2687
2696,2688
2697,2686
2698,2688
2699,2693
2700,2688
2701,2695
2702,2692
2703,2695
2704,2693
2705,2694
2706,2701
2707,2697
2708,2700
2709,2698
2710,2699
2711,2706
2712,2701
2713,2702
2714,2702
2715,2707
2716,2708
2717,2708
2718,2706
2719,2714
2720,2708
2721,2713
2722,2712
2723,2711
2724,2715
2725,2714
2726,2719
2727,2716
2728,2715
2729,2719
2730,2721
2731,2722
2732,2723
2733,2721
2734,2728
2735,2726
2736,2728
2737,2730
2738,2725
2739,2732
2740,2729
2741,2731
2742,2736
2743,2731
2744,2733
2745,2733
2746,2737
2747,2737
2748,2739
2749,2742
2750,2740
2751,2740
2752,2743
2753,2741
2754,2746
2755,2747
2756,2746
2757,2746
2758,2747
2759,2753
2760,2748
2761,2749
2762,2751
2763,2753
2764,2755
2765,2760
2766,2757
2767,2760
2768,2759
2769,2758
2770,2765
2771,2759
2772,2763
2773,2763
2774,2763
2775,2768
2776,2763
2777,2769
2778,2769
2779,2771
2780,2774
2781,2769
2782,2777
2783,2774
2784,2777
2785,2779
2786,2774
2787,2777
2788,2779
2789,2782
2790,2785
2791,2782
2792,2783
2793,2783
2794,2786
2795,2790
2796,2783
2797,2789
2798,2791
2799,2787
2800,2796
2801,2793
2802,2797
2803,2794
2804,2791
2805,2801
2806,2797
2807,2800
2808,2797
2809,2802
2810,2804
2811,2804
2812,2799
2813,2807
2814,2804
2815,2808
2816,2807
2817,2806
2818,2812
2819,2806
2820,2810
2821,2814
2822,2809
2823,2816
2824,2812
2825,2819
2826,2819
2827,2814
2828,2821
2829,2819
2830,2820
2831,2822
2832,2820
2833,2826
2834,2822
2835,2828
2836,2830
2837,2827
2838,2829
2839,2827
2840,2834
2841,2831
2842,2831
2843,2834
2844,2834
2845,2835
2846,2837
2847,2839
2848,2838
2849,2839
2850,2839
2851,2841
2852,2841
2853,2847
2854,2841
2855,2848
2856,2850
2857,2846
2858,2850
2859,2850
2860,2848
2861,2856
2862,2852
2863,2852
2864,2853
2865,2851
2866,2857
2867,2860
2868,2859
2869,2862
2870,2860
2871,2864
2872,2863
2873,2861
2874,2868
2875,2861
2876,2867
2877,2867
2878,2868
2879,2869
2880,2866
2881,2875
2882,2871
2883,2870
2884,2877
2885,2873
2886,2878
2887,2877
2888,2878
2889,2879
2890,2878
2891,2879
2892,2883
2893,2881
2894,2887
2895,2883
2896,2888
2897,2888
2898,2884
2899,2889
2900,2889
2901,2893
2902,2896
2903,2894
2904,2896
2905,2893
2906,2895
2907,2901
2908,2898
2909,2900
2910,2898
2911,2902
2912,2903
2913,2902
2914,2903
2915,2905
2916,2905
2917,2912
2918,2905
2919,2909
2920,2913
2921,2908
2922,2914
2923,2914
2924,2912
2925,2914
2926,2913
2927,2922
2928,2917
2929,2919
2930,2921
2931,2920
2932,2922
2933,2924
2934,2925
2935,2927
2936,2922
2937,2929
2938,2930
2939,2927
2940,2929
2941,2930
2942,2932
2943,2934
2944,2937
2945,2937
2946,2933
2947,2940
2948,2937
2949,2939
2950,2941
2951,2938
2952,2939
2953,2944
2954,2945
2955,2948
2956,2948
2957,2949
2958,2950
2959,2946
2960,2953
2961,2952
2962,2950
2963,2955
2964,2952
2965,2958
2966,2952
2967,2954
2968,2962
2969,2956
2970,2962
2971,2963
2972,2963
2973,2965
2974,2962
2975,2964
2976,2963
2977,2967
2978,2968
2979,2965
2980,2973
2981,2969
2982,2972
2983,2975
2984,2972
2985,2974
2986,2977
2987,2974
2988,2981
2989,2975
2990,2982
2991,2980
2992,2981
2993,2986
2994,2983
2995,2982
2996,2987
2997,2984
2998,2989
2999,2987
3000,2990
3001,2994
3002,2994
3003,2993
3004,2993
3005,2993
3006,2995
3007,2996
3008,2997
3009,3003
3010,3001
3011,3003
3012,3003
3013,3001
3014,3006
3015,3006
3016,3005
3017,3007
3018,3008
3019,3010
3020,3009
3021,3014
3022,3010
3023,3011
3024,3013
3025,3017
3026,3019
3027,3015
3028,3016
3029,3018
3030,3017
3031,3025
3032,3020
3033,3021
3034,3023
3035,3022
3036,3025
3037,3025
3038,3028
3039,3030
3040,3027
3041,3033
3042,3033
3043,3031
3044,3033
3045,3034
3046,3035
3047,3039
3048,3035
3049,3040
3050,3042
3051,3039
3052,3043
3053,3040
3054,3044
3055,3045
3056,3045
3057,3051
3058,3047
3059,3052
3060,3053
3061,3050
3062,3052
3063,3051
3064,3053
3065,3054
3066,3054
3067,3061
3068,3057
3069,3062
3070,3061
3071,3059
3072,3064
3073,3062
3074,3065
3075,3063
3076,3067
3077,3068
3078,3066
3079,3071
3080,3068
3081,3069
3082,3075
3083,3071
3084,3075
3085,3073
3086,3078
3087,3080
3088,3079
3089,3078
3090,3084
3091,3081
3092,3084
3093,3084
3094,3082
3095,3085
3096,3083
3097,3087
3098,3086
3099,3086
3100,3091
3101,3091
3102,3092
3103,3096
3104,3089
3105,3095
3106,3093
3107,3095
3108,3098
3109,3096
3110,3099
3111,3098
3112,3103
3113,3105
3114,3101
3115,3104
3116,3105
3117,3105
3118,3110
3119,3107
3120,3109
3121,3108
3122,3110
3123,3116
3124,3111
3125,3116
3126,3114
3127,3118
3128,3116
3129,3117
3130,3119
3131,3118
3132,3123
3133,3124
3134,3122
3135,3126
3136,3125
3137,3123
3138,3131
3139,3130
3140,3129
3141,3133
3142,3130
3143,3136
3144,3134
3145,3132
3146,3135
3147,3133
3148,3137
3149,3142
3150,3138
3151,3142
3152,3139
3153,3145
3154,3145
3155,3143
3156,3148
3157,3145
3158,3148
3159,3150
3160,3147
3161,3151
3162,3151
3163,3155
3164,3152
3165,3155
3166,3158
3167,3152
3168,3158
3169,3159
3170,3160
3171,3164
3172,3158
3173,3165
3174,3166
3175,3162
3176,3170
3177,3167
3178,3167
3179,3170
3180,3170
3181,3171
3182,3170
3183,3170
3184,3174
3185,3179
3186,3175
3187,3178
3188,3175
3189,3178
3190,3180
3191,3176
3192,3181
3193,3183
3194,3183
3195,3181
3196,3186
3197,3186
3198,3185
3199,3189
3200,3191
3201,3188
3202,3195
3203,3191
3204,3192
3205,3195
3206,3197
3207,3196
3208,3197
3209,3194
3210,3200
3211,3198
3212,3203
3213,3200
3214,3199
3215,3206
3216,3203
3217,3205
3218,3206
3219,3209
3220,3212
3221,3209
3222,3214
3223,3211
3224,3214
3225,3217
3226,3215
3227,3218
3228,3217
3229,3218
3230,3218
3231,3223
3232,3217
3233,3225
3234,3220
3235,3225
3236,3226
3237,3227
3238,3229
3239,3227
3240,3230
3241,3230
3242,3228
3243,3232
3244,3231
3245,3232
3246,3235
3247,3235
3248,3237
3249,3236
3250,3241
3251,3238
3252,3237
3253,3240
3254,3239
3255,3241
3256,3245
3257,3244
3258,3247
3259,3246
3260,3249
3261,3252
3262,3250
3263,3254
3264,3255
3265,3255
3266,3255
3267,3257
3268,3260
3269,3254
3270,3259
3271,3264
3272,3261
3273,3263
3274,3267
3275,3261
3276,3265
3277,3263
3278,3268
3279,3269
3280,3269
3281,3272
3282,3269
3283,3271
3284,3277
3285,3270
3286,3278
3287,3275
3288,3278
3289,3278
3290,3277
3291,3282
3292,3281
3293,3280
3294,3286
3295,3280
3296,3285
3297,3283
3298,3285
3299,3288
3300,3289
3301,3293
3302,3290
3303,3292
3304,3297
3305,3294
3306,3297
3307,3296
3308,3298
3309,3301
3310,3300
3311,3303
3312,3301
3313,3300
3314,3302
3315,3302
3316,3306
3317,3304
3318,3304
3319,3308
3320,3306
3321,3308
3322,3311
3323,3312
3324,3314
3325,3315
3326,3312
3327,3317
3328,3316
3329,3317
3330,3320
3331,3317
3332,3322
3333,3322
3334,3324
3335,3326
3336,3322
3337,3330
3338,3326
3339,3326
3340,3328
3341,3330
3342,3335
3343,3333
3344,3331
3345,3337
3346,3331
3347,3339
3348,3335
3349,3340
3350,3339
3351,3336
3352,3340
3353,3342
3354,3343
3355,3349
3356,3342
3357,3347
3358,3342
3359,3346
3360,3349
3361,3347
3362,3351
3363,3349
3364,3354
3365,3355
3366,3352
3367,3358
3368,3359
3369,3355
3370,3358
3371,3360
3372,3362
3373,3363
3374,3361
3375,3362
3376,3364
3377,3363
3378,3369
3379,3367
3380,3367
3381,3371
3382,3369
3383,3373
3384,3374
3385,3375
3386,3371
3387,3373
3388,3377
3389,3378
3390,3377
3391,3381
3392,3381
3393,3385
3394,3381
3395,3381
3396,3386
3397,3385
3398,3388
3399,3384
3400,3388
3401,3389
3402,3390
3403,3393
3404,3390
3405,3396
3406,3396
3407,3392
3408,3400
3409,3395
3410,3400
3411,3398
3412,3397
3413,3398
3414,3406
3415,3399
3416,3409
3417,3407
3418,3405
3419,3405
3420,3408
3421,3413
3422,3411
3423,3409
3424,3414
3425,3409
3426,3416
3427,3413
3428,3418
3429,3417
3430,3417
3431,3421
3432,3421
3433,3423
3434,3424
3435,3422
3436,3426
3437,3421
3438,3425
3439,3426
3440,3430
3441,3430
3442,3431
3443,3428
3444,3433
3445,3429
3446,3437
3447,3436
3448,3438
3449,3441
3450,3435
3451,3442
3452,3437
3453,3441
3454,3443
3455,3440
3456,3442
3457,3446
3458,3445
3459,3448
3460,3446
3461,3450
3462,3455
3463,3448
3464,3453
3465,3454
3466,3456
3467,3455
3468,3453
3469,3458
3470,3461
3471,3460
3472,3464
3473,3461
3474,3464
3475,3464
3476,3462
3477,3467
3478,3463
3479,3466
3480,3468
3481,3466
3482,3473
3483,3467
3484,3473
3485,3470
3486,3471
3487,3474
3488,3476
3489,3478
3490,3479
3491,3475
3492,3483
3493,3482
3494,3484
3495,3483
3496,3486
3497,3486
3498,3483
3499,3485
3500,3486
3501,3487
3502,3494
3503,3487
3504,3491
3505,3493
3506,3493
3507,3494
3508,3495
3509,3494
3510,3502
3511,3499
3512,3499
3513,3503
3514,3501
3515,3504
3516,3503
3517,3503
3518,3510
3519,3507
3520,3508
3521,3509
3522,3509
3523,3510
3524,3513
3525,3512
3526,3515
3527,3517
3528,3515
3529,3513
3530,3521
3531,3520
3532,3521
3533,3525
3534,3522
3535,3525
3536,3523
3537,3525
3538,3530
3539,3526
3540,3530
3541,3530
3542,3530
3543,3535
3544,3531
3545,3533
3546,3534
3547,3535
3548,3539
3549,3538
3550,3538
3551,3536
3552,3541
3553,3541
3554,3543
3555,3541
3556,3547
3557,3544
3558,3549
3559,3547
3560,3545
3561,3551
3562,3549
3563,3553
3564,3550
3565,3554
3566,3554
3567,3553
3568,3557
3569,3555
3570,3559
3571,3559
3572,3557
3573,3562
3574,3563
3575,3562
3576,3567
3577,3564
3578,3568
3579,3568
3580,3565
3581,3572
3582,3567
3583,3573
3584,3573
3585,3571
3586,3574
3587,3574
3588,3579
3589,3577
3590,3576
3591,3579
3592,3580
3593,3583
3594,3584
3595,3579
3596,3584
3597,3584
3598,3586
3599,3585
3600,3584
3601,3587
3602,3590
3603,3591
3604,3593
3605,3593
3606,3595
3607,3596
3608,3595
3609,3595
3610,3596
3611,3599
3612,3600
3613,3599
3614,3604
3615,3602
3616,3606
3617,3607
3618,3606
3619,3607
3620,3605
3621,3607
3622,3610
3623,3611
3624,3611
3625,3614
3626,3616
3627,3614
3628,3614
3629,3615
3630,3615
3631,3617
3632,3619
3633,3620
3634,3625
3635,3619
3636,3620
3637,3627
3638,3623
3639,3628
3640,3627
3641,3627
3642,3632
3643,3630
3644,3631
3645,3631
3646,3634
3647,3637
3648,3636
3649,3634
3650,3638
3651,3635
3652,3640
3653,3638
3654,3642
3655,3645
3656,3643
3657,3645
3658,3642
3659,3643
3660,3650
3661,3645
3662,3648
3663,3649
3664,3648
3665,3652
3666,3652
3667,3659
3668,3653
3669,3656
3670,3657
3671,3658
3672,3662
3673,3661
3674,3663
3675,3665
3676,3659
3677,3668
3678,3665
3679,3663
3680,3672
3681,3669
3682,3671
3683,3670
3684,3670
3685,3671
3686,3670
3687,3675
3688,3677
3689,3675
3690,3679
3691,3678
3692,3681
3693,3679
3694,3677
3695,3679
3696,3687
3697,3684
3698,3687
3699,3686
3700,3685
3701,3688
3702,3687
3703,3689
3704,3691
3705,3691
3706,3694
3707,3693
3708,3694
3709,3697
3710,3695
3711,3699
3712,3695
3713,3702
3714,3702
3715,3702
3716,3702
3717,3700
3718,3707
3719,3703
3720,3707
3721,3708
3722,3708
3723,3711
3724,3708
3725,3714
3726,3716
3727,3715
3728,3714
3729,3717
3730,3717
3731,3717
3732,3719
3733,3719
3734,3720
3735,3720
3736,3723
3737,3717
3738,3728
3739,3727
3740,3726
3741,3729
3742,3731
3743,3730
3744,3735
3745,3730
3746,3733
3747,3731
3748,3734
3749,3734
3750,3735
3751,3740
3752,3737
3753,3741
3754,3743
3755,3739
3756,3747
3757,3744
3758,3744
3759,3751
3760,3742
3761,3749
3762,3747
3763,3751
3764,3754
3765,3753
3766,3752
3767,3753
3768,3753
3769,3755
3770,3753
3771,3757
3772,3757
3773,3757
3774,3764
3775,3761
3776,3761
3777,3761
3778,3767
3779,3770
3780,3764
3781,3769
3782,3770
3783,3769
3784,3773
3785,3769
3786,3770
3787,3773
3788,3771
3789,3779
3790,3776
3791,3776
3792,3779
3793,3779
3794,3779
3795,3783
3796,3783
3797,3784
3798,3785
3799,3784
3800,3786
3801,3784
3802,3789
3803,3786
3804,3794
3805,3793
3806,3793
3807,3793
3808,3792
3809,3799
3810,3797
3811,3794
3812,3801
3813,3800
3814,3803
3815,3801
3816,3802
3817,3809
3818,3804
3819,3808
3820,3807
3821,3803
3822,3813
3823,3810
3824,3808
3825,3811
3826,3811
3827,3816
3828,3815
3829,3815
3830,3817
3831,3818
3832,3821
3833,3819
3834,3817
3835,3824
3836,3820
3837,3824
3838,3826
3839,3823
3840,3826
3841,3830
3842,3825
3843,3833
3844,3828
3845,3831
3846,3831
3847,3831
3848,3831
3849,3835
3850,3837
3851,3836
3852,3836
3853,3839
3854,3839
3855,3844
3856,3842
3857,3843
3858,3846
3859,3842
3860,3845
3861,3848
3862,3845
3863,3851
3864,3847
3865,3850
3866,3851
3867,3851
3868,3857
3869,3854
3870,3857
3871,3858
3872,3859
3873,3859
3874,3857
3875,3861
3876,3864
3877,3860
3878,3868
3879,3863
3880,3867
3881,3867
3882,3866
3883,3871
3884,3870
3885,3871
3886,3874
3887,3872
3888,3874
3889,3877
3890,3876
3891,3877
3892,3875
3893,3878
3894,3883
3895,3877
3896,3884
3897,3882
3898,3888
3899,3886
3900,3884
3901,3888
3902,3888
3903,3892
3904,3891
3905,3888
3906,3894
3907,3894
3908,3894
3909,3899
3910,3892
3911,3902
3912,3899
3913,3898
3914,3902
3915,3900
3916,3901
3917,3905
3918,3905
3919,3910
3920,3904
3921,3907
3922,3908
3923,3908
3924,3913
3925,3910
3926,3911
3927,3913
3928,3911
3929,3916
3930,3916
3931,3918
3932,3919
3933,3917
3934,3921
3935,3923
3936,3920
3937,3928
3938,3924
3939,3927
3940,3925
3941,3924
3942,3929
3943,3927
3944,3932
3945,3932
3946,3933
3947,3936
3948,3931
3949,3933
3950,3937
3951,3936
3952,3943
3953,3937
3954,3941
3955,3941
3956,3943
3957,3944
3958,3945
3959,3947
3960,3944
3961,3947
3962,3951
3963,3947
3964,3949
3965,3949
3966,3952
3967,3954
3968,3948
3969,3956
3970,3958
3971,3956
3972,3957
3973,3958
3974,3959
3975,3961
3976,3962
3977,3964
3978,3963
3979,3961
3980,3966
3981,3968
3982,3969
3983,3972
3984,3970
3985,3973
3986,3973
3987,3971
3988,3977
3989,3972
3990,3975
3991,3976
3992,3977
3993,3979
3994,3981
3995,3982
3996,3978
3997,3980
3998,3984
3999,3985
4000,3988
4001,3985
4002,3989
4003,3990
4004,3989
4005,3994
4006,3993
4007,3992
4008,3995
4009,3994
4010,3998
4011,3995
4012,3997
4013,4000
4014,3996
4015,4002
4016,4001
4017,4005
4018,4003
4019,4003
4020,4003
4021,4008
4022,4005
4023,4012
4024,4012
4025,4011
4026,4014
4027,4011
4028,4014
4029,4015
4030,4015
4031,4020
4032,4021
4033,4021
4034,4022
4035,4023
4036,4023
4037,4022
4038,4024
4039,4024
4040,4026
4041,4029
4042,4029
4043,4032
4044,4031
4045,4029
4046,4037
4047,4029
4048,4035
4049,4036
4050,4035
4051,4041
4052,4037
4053,4041
4054,4039
4055,4042
4056,4046
4057,4044
4058,4044
4059,4047
4060,4047
4061,4048
4062,4047
4063,4048
4064,4051
4065,4048
4066,4053
4067,4058
4068,4056
4069,4058
4070,4056
4071,4058
4072,4058
4073,4055
4074,4062
4075,4062
4076,4061
4077,4063
4078,4061
4079,4066
4080,4068
4081,4065
4082,4071
4083,4066
4084,4068
4085,4069
4086,4072
4087,4075
4088,4069
4089,4073
4090,4073
4091,4072
4092,4077
4093,4073
4094,4075
4095,4075
