0,8
1,7
2,7
3,4
4,6
5,6
6,6
7,8
8,7
9,10
10,12
11,11
12,14
13,15
14,16
15,20
16,17
17,20
18,20
19,19
20,22
21,20
22,23
23,24
24,26
25,29
26,25
27,29
28,27
29,29
30,33
31,33
32,36
33,35
34,35
35,37
36,34
37,41
38,39
39,39
40,45
41,41
42,44
43,43
44,44
45,49
46,47
47,48
48,48
49,48
50,52
51,52
52,54
53,55
54,54
55,57
56,57
57,59
58,59
59,58
60,61
61,62
62,65
63,63
64,65
65,68
66,65
67,68
68,70
69,66
70,71
71,71
72,73
73,76
74,75
75,77
76,76
77,75
78,80
79,81
80,79
81,81
82,80
83,85
84,85
85,86
86,88
87,84
88,91
89,89
90,88
91,95
92,92
93,94
94,94
95,93
96,100
97,96
98,100
99,100
100,100
101,101
102,102
103,105
104,105
105,101
106,108
107,106
108,107
109,108
110,106
111,112
112,111
113,112
114,115
115,114
116,119
117,114
118,120
119,120
120,116
121,122
122,123
123,124
124,123
125,125
126,128
127,126
128,129
129,129
130,129
131,134
132,130
133,134
134,133
135,132
136,135
137,133
138,138
139,142
140,139
141,142
142,146
143,143
144,143
145,143
146,145
147,149
148,147
149,149
150,148
151,152
152,155
153,153
154,155
155,152
156,154
157,161
158,155
159,162
160,161
161,161
162,165
163,160
164,163
165,165
166,165
167,167
168,164
169,169
170,167
171,170
172,174
173,171
174,175
175,173
176,174
177,176
178,174
179,181
180,180
181,181
182,185
183,182
184,183
185,185
186,185
187,188
188,187
189,191
190,191
191,189
192,193
193,190
194,193
195,196
196,191
197,198
198,200
199,198
200,201
201,197
202,202
203,204
204,202
205,205
206,205
207,208
208,206
209,207
210,212
211,206
212,211
213,213
214,212
215,215
216,213
217,218
218,216
219,217
220,219
221,218
222,220
223,222
224,223
225,226
226,222
227,226
228,225
229,227
230,232
231,228
232,234
233,232
234,232
235,234
236,236
237,235
238,236
239,236
240,242
241,239
242,241
243,240
244,241
245,245
246,243
247,245
248,248
249,248
250,252
251,249
252,254
253,255
254,253
255,255
256,260
257,257
258,261
259,261
260,259
261,266
262,258
263,263
264,263
265,263
266,269
267,264
268,267
269,269
270,268
271,273
272,272
273,275
274,275
275,274
276,275
277,275
278,279
279,281
280,278
281,281
282,279
283,285
284,281
285,284
286,285
287,284
288,287
289,288
290,287
291,293
292,290
293,293
294,292
295,296
296,296
297,291
298,300
299,300
300,299
301,304
302,299
303,301
304,304
305,302
306,305
307,305
308,308
309,312
310,306
311,312
312,313
313,310
314,313
315,315
316,318
317,316
318,318
319,322
320,317
321,318
322,319
323,321
324,323
325,324
326,324
327,329
328,327
329,330
330,327
331,331
332,332
333,330
334,336
335,334
336,334
337,337
338,335
339,341
340,338
341,342
342,341
343,342
344,342
345,342
346,347
347,350
348,347
349,351
350,346
351,351
352,352
353,352
354,356
355,353
356,355
357,355
358,356
359,358
360,357
361,360
362,360
363,359
364,366
365,364
366,365
367,367
368,365
369,365
370,371
371,367
372,371
373,369
374,372
375,377
376,371
377,376
378,378
379,376
380,380
381,376
382,380
383,382
384,384
385,386
386,381
387,388
388,388
389,385
390,391
391,390
392,390
393,394
394,393
395,395
396,392
397,399
398,395
399,395
400,402
401,401
402,398
403,400
404,403
405,407
406,405
407,406
408,408
409,407
410,412
411,406
412,410
413,413
414,411
415,418
416,415
417,415
418,418
419,416
420,421
421,417
422,421
423,425
424,420
425,425
426,423
427,423
428,425
429,428
430,428
431,429
432,430
433,433
434,431
435,433
436,435
437,435
438,440
439,436
440,439
441,441
442,439
443,445
444,440
445,442
446,448
447,445
448,447
449,446
450,450
451,450
452,448
453,454
454,452
455,459
456,455
457,455
458,458
459,457
460,460
461,461
462,459
463,463
464,462
465,464
466,465
467,463
468,469
469,466
470,469
471,473
472,470
473,474
474,470
475,474
476,475
477,474
478,477
479,477
480,476
481,482
482,482
483,482
484,486
485,482
486,485
487,484
488,487
489,492
490,485
491,490
492,487
493,492
494,492
495,491
496,496
497,496
498,495
499,497
500,495
501,499
502,502
503,500
504,506
505,504
506,505
507,505
508,503
509,509
510,506
511,509
512,513
513,513
514,518
515,514
516,515
517,517
518,513
519,520
520,517
521,519
522,521
523,519
524,526
525,523
526,523
527,528
528,526
529,530
530,529
531,529
532,530
533,528
534,532
535,531
536,535
537,537
538,534
539,539
540,540
541,537
542,540
543,541
544,544
545,547
546,541
547,547
548,545
549,547
550,549
551,547
552,551
553,553
554,555
555,554
556,552
557,556
558,558
559,558
560,560
561,559
562,563
563,559
564,563
565,565
566,565
567,569
568,568
569,569
570,571
571,566
572,571
573,573
574,573
575,574
576,573
577,578
578,577
579,575
580,583
581,576
582,580
583,579
584,581
585,587
586,582
587,583
588,586
589,588
590,588
591,586
592,593
593,591
594,589
595,594
596,596
597,595
598,599
599,597
600,598
601,597
602,599
603,603
604,601
605,603
606,605
607,604
608,606
609,604
610,610
611,608
612,609
613,613
614,612
615,613
616,617
617,615
618,620
619,617
620,618
621,622
622,617
623,624
624,622
625,622
626,624
627,621
628,628
629,625
630,627
631,632
632,630
633,630
634,630
635,631
636,635
637,632
638,638
639,638
640,636
641,640
642,638
643,642
644,639
645,641
646,647
647,640
648,647
649,646
650,646
651,651
652,652
653,653
654,654
655,650
656,655
657,657
658,658
659,661
660,658
661,663
662,659
663,660
664,663
665,663
666,667
667,663
668,666
669,669
670,666
671,669
672,668
673,672
674,675
675,672
676,675
677,674
678,677
679,678
680,676
681,681
682,680
683,679
684,685
685,684
686,686
687,682
688,684
689,691
690,686
691,691
692,691
693,689
694,693
695,690
696,693
697,694
698,693
699,701
700,698
701,699
702,700
703,699
704,702
705,699
706,705
707,708
708,704
709,707
710,708
711,705
712,712
713,708
714,713
715,712
716,715
717,718
718,713
719,720
720,720
721,718
722,719
723,719
724,723
725,725
726,721
727,727
728,726
729,725
730,730
731,727
732,728
733,731
734,733
735,733
736,733
737,737
738,735
739,739
740,741
741,740
742,739
743,741
744,744
745,743
746,741
747,747
748,747
749,749
750,750
751,744
752,750
753,748
754,751
755,752
756,752
757,754
758,757
759,757
760,760
761,759
762,759
763,759
764,762
765,765
766,764
767,762
768,766
769,764
770,769
771,768
772,769
773,775
774,769
775,775
776,773
777,773
778,775
779,776
780,780
781,778
782,778
783,781
784,780
785,783
786,783
787,785
788,790
789,787
790,788
791,790
792,788
793,791
794,790
795,792
796,795
797,795
798,798
799,795
800,798
801,797
802,799
803,804
804,798
805,806
806,805
807,803
808,809
809,807
810,807
811,809
812,807
813,813
814,809
815,814
816,815
817,816
818,816
819,817
820,816
821,821
822,819
823,819
824,822
825,824
826,827
827,823
828,825
829,829
830,824
831,829
832,830
833,830
834,833
835,830
836,832
837,835
838,836
839,840
840,835
841,841
842,837
843,839
844,844
845,844
846,845
847,846
848,845
849,847
850,846
851,849
852,851
853,850
854,851
855,853
856,854
857,855
858,854
859,859
860,856
861,861
862,863
863,862
864,864
865,863
866,866
867,861
868,868
869,866
870,868
871,871
872,867
873,868
874,873
875,872
876,876
877,875
878,874
879,876
880,877
881,877
882,882
883,879
884,883
885,884
886,884
887,887
888,883
889,886
890,890
891,886
892,892
893,893
894,893
895,895
896,895
897,897
898,897
899,899
900,897
901,899
902,902
903,900
904,904
905,905
906,906
907,910
908,903
909,907
910,909
911,906
912,913
913,910
914,912
915,912
916,912
917,917
918,916
919,919
920,919
921,918
922,921
923,917
924,920
925,922
926,921
927,925
928,927
929,929
930,929
931,926
932,931
933,931
934,935
935,932
936,935
937,936
938,938
939,934
940,941
941,941
942,942
943,942
944,939
945,946
946,942
947,946
948,947
949,946
950,950
951,947
952,950
953,954
954,948
955,953
956,955
957,953
958,957
959,954
960,959
961,956
962,957
963,964
964,959
965,966
966,964
967,963
968,966
969,964
970,969
971,970
972,969
973,974
974,973
975,974
976,975
977,976
978,978
979,979
980,980
981,977
982,978
983,981
984,982
985,984
986,979
987,983
988,989
989,983
990,988
991,991
992,987
993,992
994,993
995,990
996,998
997,997
998,997
999,1001
1000,998
1001,1001
1002,999
1003,1004
1004,1001
1005,1001
1006,1008
1007,1006
1008,1006
1009,1007
1010,1006
1011,1010
1012,1008
1013,1011
1014,1012
1015,1011
1016,1017
1017,1016
1018,1018
1019,1018
1020,1018
1021,1021
1022,1021
1023,1022
1024,1021
1025,1023
1026,1027
1027,1025
1028,1028
1029,1027
1030,1027
1031,1029
1032,1031
1033,1031
1034,1036
1035,1029
1036,1038
1037,1035
1038,1037
1039,1038
1040,1037
1041,1041
1042,1044
1043,1042
1044,1045
1045,1044
1046,1045
1047,1049
1048,1046
1049,1051
1050,1049
1051,1048
1052,1055
1053,1050
1054,1056
1055,1055
1056,1053
1057,1056
1058,1055
1059,1060
1060,1057
1061,1058
1062,1061
1063,1062
1064,1063
1065,1065
1066,1063
1067,1066
1068,1063
1069,1068
1070,1069
1071,1069
1072,1073
1073,1071
1074,1074
1075,1074
1076,1071
1077,1077
1078,1077
1079,1078
1080,1079
1081,1077
1082,1082
1083,1082
1084,1082
1085,1085
1086,1082
1087,1088
1088,1088
1089,1087
1090,1090
1091,1086
1092,1090
1093,1091
1094,1092
1095,1094
1096,1092
1097,1096
1098,1098
1099,1095
1100,1102
1101,1098
1102,1103
1103,1101
1104,1104
1105,1107
1106,1104
1107,1106
1108,1106
1109,1108
1110,1111
1111,1109
1112,1113
1113,1114
1114,1113
1115,1114
1116,1112
1117,1116
1118,1118
1119,1118
1120,1121
1121,1118
1122,1124
1123,1122
1124,1118
1125,1123
1126,1122
1127,1124
1128,1128
1129,1125
1130,1131
1131,1129
1132,1129
1133,1131
1134,1131
1135,1132
1136,1138
1137,1133
1138,1138
1139,1137
1140,1137
1141,1143
1142,1139
1143,1143
1144,1143
1145,1145
1146,1144
1147,1142
1148,1146
1149,1148
1150,1146
1151,1152
1152,1147
1153,1154
1154,1153
1155,1153
1156,1159
1157,1153
1158,1160
1159,1158
1160,1156
1161,1159
1162,1159
1163,1161
1164,1164
1165,1163
1166,1168
1167,1168
1168,1166
1169,1167
1170,1168
1171,1172
1172,1167
1173,1174
1174,1173
1175,1171
1176,1177
1177,1173
1178,1179
1179,1175
1180,1174
1181,1177
1182,1182
1183,1179
1184,1183
1185,1181
1186,1187
1187,1186
1188,1184
1189,1189
1190,1189
1191,1191
1192,1191
1193,1191
1194,1194
1195,1193
1196,1193
1197,1195
1198,1196
1199,1197
1200,1197
1201,1197
1202,1201
1203,1202
1204,1203
1205,1202
1206,1206
1207,1207
1208,1204
1209,1208
1210,1206
1211,1206
1212,1208
1213,1208
1214,1213
1215,1210
1216,1214
1217,1217
1218,1217
1219,1217
1220,1215
1221,1217
1222,1224
1223,1220
1224,1222
1225,1222
1226,1222
1227,1228
1228,1227
1229,1228
1230,1228
1231,1229
1232,1231
1233,1232
1234,1230
1235,1234
1236,1231
1237,1236
1238,1234
1239,1236
1240,1238
1241,1237
1242,1242
1243,1243
1244,1243
1245,1243
1246,1242
1247,1244
1248,1243
1249,1247
1250,1248
1251,1248
1252,1251
1253,1250
1254,1254
1255,1255
1256,1252
1257,1258
1258,1255
1259,1259
1260,1260
1261,1259
1262,1262
1263,1262
1264,1263
1265,1264
1266,1262
1267,1267
1268,1264
1269,1268
1270,1271
1271,1268
1272,1273
1273,1275
1274,1270
1275,1273
1276,1273
1277,1274
1278,1276
1279,1274
1280,1280
1281,1278
1282,1278
1283,1282
1284,1279
1285,1284
1286,1284
1287,1284
1288,1287
1289,1285
1290,1291
1291,1287
1292,1289
1293,1295
1294,1293
1295,1298
1296,1296
1297,1296
1298,1297
1299,1295
1300,1300
1301,1299
1302,1301
1303,1305
1304,1299
1305,1305
1306,1304
1307,1304
1308,1307
1309,1308
1310,1308
1311,1309
1312,1310
1313,1314
1314,1312
1315,1313
1316,1314
1317,1312
1318,1319
1319,1319
1320,1318
1321,1321
1322,1319
1323,1323
1324,1322
1325,1324
1326,1324
1327,1325
1328,1325
1329,1328
1330,1328
1331,1332
1332,1331
1333,1329
1334,1335
1335,1332
1336,1338
1337,1337
1338,1336
1339,1340
1340,1333
1341,1341
1342,1342
1343,1342
1344,1345
1345,1344
1346,1345
1347,1345
1348,1347
1349,1349
1350,1345
1351,1348
1352,1349
1353,1350
1354,1355
1355,1354
1356,1357
1357,1356
1358,1354
1359,1358
1360,1359
1361,1361
1362,1361
1363,1362
1364,1365
1365,1360
1366,1363
1367,1367
1368,1363
1369,1368
1370,1367
1371,1368
1372,1372
1373,1369
1374,1372
1375,1373
1376,1372
1377,1376
1378,1373
1379,1376
1380,1376
1381,1379
1382,1383
1383,1381
1384,1380
1385,1383
1386,1380
1387,1385
1388,1386
1389,1389
1390,1386
1391,1387
1392,1393
1393,1390
1394,1392
1395,1393
1396,1393
1397,1395
1398,1396
1399,1396
1400,1398
1401,1395
1402,1403
1403,1402
1404,1400
1405,1402
1406,1401
1407,1408
1408,1403
1409,1406
1410,1408
1411,1408
1412,1412
1413,1411
1414,1409
1415,1413
1416,1414
1417,1415
1418,1416
1419,1417
1420,1419
1421,1419
1422,1420
1423,1424
1424,1419
1425,1425
1426,1424
1427,1427
1428,1425
1429,1427
1430,1428
1431,1426
1432,1431
1433,1431
1434,1427
1435,1434
1436,1432
1437,1431
1438,1430
1439,1433
1440,1440
1441,1437
1442,1443
1443,1444
1444,1438
1445,1445
1446,1443
1447,1446
1448,1445
1449,1445
1450,1447
1451,1447
1452,1448
1453,1451
1454,1452
1455,1452
1456,1455
1457,1454
1458,1456
1459,1458
1460,1457
1461,1461
1462,1458
1463,1463
1464,1463
1465,1461
1466,1466
1467,1465
1468,1466
1469,1468
1470,1465
1471,1469
1472,1467
1473,1472
1474,1472
1475,1473
1476,1475
1477,1470
1478,1475
1479,1478
1480,1476
1481,1482
1482,1477
1483,1480
1484,1484
1485,1483
1486,1485
1487,1481
1488,1486
1489,1488
1490,1484
1491,1490
1492,1488
1493,1489
1494,1494
1495,1492
1496,1492
1497,1492
1498,1494
1499,1495
1500,1497
1501,1501
1502,1496
1503,1501
1504,1502
1505,1500
1506,1504
1507,1506
1508,1502
1509,1508
1510,1507
1511,1511
1512,1510
1513,1510
1514,1509
1515,1510
1516,1514
1517,1516
1518,1512
1519,1519
1520,1518
1521,1520
1522,1519
1523,1518
1524,1521
1525,1522
1526,1521
1527,1533
1528,1525
1529,1526
1530,1526
1531,1528
1532,1530
1533,1530
1534,1533
1535,1535
1536,1534
1537,1535
1538,1532
1539,1536
1540,1536
1541,1540
1542,1541
1543,1537
1544,1542
1545,1543
1546,1543
1547,1550
1548,1546
1549,1552
1550,1548
1551,1548
1552,1548
1553,1552
1554,1549
1555,1553
1556,1551
1557,1555
1558,1554
1559,1556
1560,1558
1561,1555
1562,1561
1563,1561
1564,1562
1565,1565
1566,1563
1567,1563
1568,1565
1569,1564
1570,1568
1571,1565
1572,1570
1573,1570
1574,1568
1575,1576
1576,1574
1577,1572
1578,1576
1579,1574
1580,1578
1581,1575
1582,1578
1583,1581
1584,1579
1585,1582
1586,1582
1587,1585
1588,1585
1589,1583
1590,1590
1591,1586
1592,1591
1593,1593
1594,1591
1595,1595
1596,1593
1597,1595
1598,1594
1599,1596
1600,1597
1601,1600
1602,1597
1603,1602
1604,1602
1605,1601
1606,1604
1607,1602
1608,1608
1609,1607
1610,1609
1611,1607
1612,1606
1613,1609
1614,1609
1615,1614
1616,1615
1617,1613
1618,1615
1619,1614
1620,1618
1621,1621
1622,1618
1623,1619
1624,1622
1625,1620
1626,1625
1627,1620
1628,1625
1629,1627
1630,1628
1631,1627
1632,1627
1633,1632
1634,1632
1635,1636
1636,1633
1637,1632
1638,1635
1639,1638
1640,1637
1641,1640
1642,1636
1643,1638
1644,1641
1645,1640
1646,1642
1647,1642
1648,1643
1649,1645
1650,1645
1651,1648
1652,1650
1653,1647
1654,1653
1655,1648
1656,1653
1657,1654
1658,1654
1659,1659
1660,1659
1661,1657
1662,1660
1663,1656
1664,1664
1665,1659
1666,1663
1667,1661
1668,1664
1669,1665
1670,1664
1671,1669
1672,1667
1673,1670
1674,1673
1675,1670
1676,1673
1677,1671
1678,1675
1679,1677
1680,1673
1681,1676
1682,1681
1683,1679
1684,1683
1685,1682
1686,1682
1687,1687
1688,1682
1689,1687
1690,1688
1691,1689
1692,1691
1693,1687
1694,1691
1695,1694
1696,1689
1697,1693
1698,1691
1699,1693
1700,1697
1701,1695
1702,1698
1703,1699
1704,1703
1705,1703
1706,1698
1707,1704
1708,1703
1709,1707
1710,1706
1711,1706
1712,1711
1713,1708
1714,1709
1715,1710
1716,1711
1717,1716
1718,1718
1719,1715
1720,1718
1721,1717
1722,1720
1723,1721
1724,1721
1725,1723
1726,1722
1727,1722
1728,1722
1729,1723
1730,1727
1731,1727
1732,1730
1733,1726
1734,1732
1735,1733
1736,1733
1737,1735
1738,1735
1739,1733
1740,1740
1741,1734
1742,1736
1743,1742
1744,1738
1745,1742
1746,1741
1747,1739
1748,1748
1749,1743
1750,1747
1751,1746
1752,1746
1753,1751
1754,1750
1755,1754
1756,1753
1757,1752
1758,1755
1759,1752
1760,1756
1761,1754
1762,1754
1763,1760
1764,1756
1765,1763
1766,1763
1767,1760
1768,1765
1769,1761
1770,1764
1771,1766
1772,1765
1773,1771
1774,1768
1775,1771
1776,1769
1777,1771
1778,1774
1779,1773
1780,1777
1781,1775
1782,1779
1783,1778
1784,1779
1785,1781
1786,1782
1787,1783
1788,1783
1789,1785
1790,1785
1791,1788
1792,1785
1793,1787
1794,1792
1795,1789
1796,1795
1797,1791
1798,1794
1799,1796
1800,1797
1801,1800
1802,1796
1803,1799
1804,1802
1805,1800
1806,1802
1807,1800
1808,1804
1809,1807
1810,1802
1811,1805
1812,1806
1813,1809
1814,1810
1815,1807
1816,1815
1817,1812
1818,1812
1819,1814
1820,1813
1821,1819
1822,1814
1823,1816
1824,1818
1825,1818
1826,1820
1827,1820
1828,1824
1829,1824
1830,1823
1831,1826
1832,1827
1833,1825
1834,1829
1835,1831
1836,1832
1837,1837
1838,1833
1839,1838
1840,1836
1841,1835
1842,1840
1843,1838
1844,1839
1845,1842
1846,1842
1847,1843
1848,1844
1849,1844
1850,1847
1851,1844
1852,1851
1853,1849
1854,1851
1855,1852
1856,1850
1857,1856
1858,1850
1859,1854
1860,1856
1861,1853
1862,1859
1863,1855
1864,1858
1865,1859
1866,1858
1867,1863
1868,1862
1869,1864
1870,1864
1871,1863
1872,1869
1873,1867
1874,1869
1875,1872
1876,1872
1877,1875
1878,1876
1879,1875
1880,1879
1881,1876
1882,1876
1883,1879
1884,1878
1885,1882
1886,1879
1887,1881
1888,1886
1889,1882
1890,1885
1891,1886
1892,1885
1893,1892
1894,1889
1895,1889
1896,1888
1897,1892
1898,1895
1899,1894
1900,1899
1901,1896
1902,1896
1903,1899
1904,1898
1905,1901
1906,1898
1907,1899
1908,1904
1909,1904
1910,1905
1911,1906
1912,1906
1913,1911
1914,1909
1915,1908
1916,1908
1917,1911
1918,1914
1919,1912
1920,1915
1921,1914
1922,1917
1923,1921
1924,1918
1925,1919
1926,1922
1927,1921
1928,1923
1929,1924
1930,1923
1931,1928
1932,1927
1933,1927
1934,1927
1935,1929
1936,1935
1937,1930
1938,1935
1939,1933
1940,1936
1941,1939
1942,1933
1943,1941
1944,1939
1945,1938
1946,1944
1947,1941
1948,1945
1949,1943
1950,1944
1951,1946
1952,1946
1953,1947
1954,1951
1955,1948
1956,1953
1957,1948
1958,1953
1959,1954
1960,1954
1961,1959
1962,1954
1963,1959
1964,1958
1965,1956
1966,1964
1967,1958
1968,1966
1969,1962
1970,1964
1971,1964
1972,1967
1973,1964
1974,1968
1975,1969
1976,1972
1977,1972
1978,1972
1979,1975
1980,1973
1981,1977
1982,1977
1983,1977
1984,1979
1985,1980
1986,1982
1987,1983
1988,1982
1989,1986
1990,1982
1991,1984
1992,1990
1993,1986
1994,1991
1995,1987
1996,1990
1997,1993
1998,1990
1999,1992
2000,1994
2001,1997
2002,1996
2003,1996
2004,2001
2005,1997
2006,2003
2007,2003
2008,2003
2009,2005
2010,2005
2011,2006
2012,2010
2013,2008
2014,2008
2015,2009
2016,2013
2017,2013
2018,2013
2019,2015
2020,2018
2021,2016
2022,2017
2023,2019
2024,2022
2025,2024
2026,2021
2027,2023
2028,2023
2029,2022
2030,2030
2031,2023
2032,2029
2033,2028
2034,2030
2035,2031
2036,2030
2037,2032
2038,2032
2039,2033
2040,2039
2041,2034
2042,2039
2043,2038
2044,2038
2045,2044
2046,2038
2047,2043
2048,2042
2049,2044
2050,2049
2051,2046
2052,2049
2053,2047
2054,2048
2055,2052
2056,2049
2057,2051
2058,2051
2059,2051
2060,2059
2061,2055
2062,2060
2063,2061
2064,2058
2065,2062
2066,2061
2067,2060
2068,2063
2069,2060
2070,2067
2071,2068
2072,2068
2073,2070
2074,2070
2075,2070
2076,2073
2077,2069
2078,2073
2079,2074
2080,2076
2081,2076
2082,2078
2083,2078
2084,2079
2085,2079
2086,2081
2087,2080
2088,2085
2089,2083
2090,2086
2091,2089
2092,2087
2093,2091
2094,2087
2095,2092
2096,2092
2097,2092
2098,2097
2099,2093
2100,2096
2101,2099
2102,2095
2103,2097
2104,2099
2105,2100
2106,2102
2107,2099
2108,2106
2109,2102
2110,2102
2111,2109
2112,2105
2113,2109
2114,2109
2115,2109
2116,2114
2117,2111
2118,2113
2119,2117
2120,2112
2121,2116
2122,2117
2123,2116
2124,2119
2125,2120
2126,2124
2127,2123
2128,2121
2129,2125
2130,2123
2131,2126
2132,2128
2133,2128
2134,2129
2135,2127
2136,2132
2137,2130
2138,2130
2139,2135
2140,2134
2141,2139
2142,2136
2143,2136
2144,2140
2145,2136
2146,2143
2147,2144
2148,2141
2149,2147
2150,2144
2151,2147
2152,2149
2153,2146
2154,2150
2155,2148
2156,2150
2157,2151
2158,2150
2159,2152
2160,2157
2161,2155
2162,2160
2163,2156
2164,2159
2165,2162
2166,2162
2167,2163
2168,2159
2169,2161
2170,2164
2171,2164
2172,2168
2173,2169
2174,2168
2175,2172
2176,2171
2177,2174
2178,2171
2179,2173
2180,2177
2181,2176
2182,2178
2183,2179
2184,2177
2185,2179
2186,2178
2187,2181
2188,2180
2189,2184
2190,2188
2191,2185
2192,2190
2193,2188
2194,2191
2195,2192
2196,2191
2197,2194
2198,2191
2199,2197
2200,2194
2201,2195
2202,2197
2203,2197
2204,2196
2205,2203
2206,2199
2207,2199
2208,2203
2209,2202
2210,2203
2211,2207
2212,2208
2213,2209
2214,2208
2215,2210
2216,2209
2217,2213
2218,2214
2219,2213
2220,2218
2221,2213
2222,2218
2223,2218
2224,2218
2225,2221
2226,2220
2227,2222
2228,2222
2229,2222
2230,2227
2231,2226
2232,2226
2233,2228
2234,2229
2235,2229
2236,2232
2237,2230
2238,2234
2239,2234
2240,2234
2241,2237
2242,2237
2243,2237
2244,2236
2245,2242
2246,2240
2247,2242
2248,2247
2249,2241
2250,2242
2251,2247
2252,2246
2253,2246
2254,2248
2255,2248
2256,2250
2257,2250
2258,2252
2259,2252
2260,2252
2261,2260
2262,2258
2263,2259
2264,2261
2265,2260
2266,2262
2267,2262
2268,2263
2269,2260
2270,2262
2271,2265
2272,2268
2273,2271
2274,2269
2275,2267
2276,2272
2277,2270
2278,2274
2279,2277
2280,2274
2281,2275
2282,2277
2283,2281
2284,2278
2285,2280
2286,2280
2287,2283
2288,2282
2289,2285
2290,2285
2291,2287
2292,2288
2293,2289
2294,2288
2295,2288
2296,2291
2297,2292
2298,2291
2299,2294
2300,2295
2301,2293
2302,2301
2303,2298
2304,2301
2305,2300
2306,2302
2307,2302
2308,2302
2309,2307
2310,2303
2311,2307
2312,2310
2313,2306
2314,2311
2315,2310
2316,2309
2317,2315
2318,2310
2319,2315
2320,2313
2321,2315
2322,2318
2323,2317
2324,2321
2325,2318
2326,2318
2327,2325
2328,2320
2329,2326
2330,2321
2331,2323
2332,2330
2333,2325
2334,2331
2335,2331
2336,2329
2337,2333
2338,2331
2339,2335
2340,2336
2341,2336
2342,2336
2343,2336
2344,2335
2345,2343
2346,2336
2347,2341
2348,2345
2349,2340
2350,2344
2351,2343
2352,2348
2353,2346
2354,2345
2355,2353
2356,2348
2357,2353
2358,2351
2359,2353
2360,2357
2361,2352
2362,2357
2363,2360
2364,2359
2365,2360
2366,2357
2367,2362
2368,2362
2369,2362
2370,2364
2371,2362
2372,2365
2373,2366
2374,2369
2375,2371
2376,2370
2377,2375
2378,2372
2379,2370
2380,2375
2381,2375
2382,2378
2383,2381
2384,2380
2385,2382
2386,2383
2387,2380
2388,2382
2389,2382
2390,2385
2391,2385
2392,2386
2393,2388
2394,2389
2395,2389
2396,2392
2397,2390
2398,2391
2399,2394
2400,2396
2401,2399
2402,2396
2403,2399
2404,2401
2405,2399
2406,2404
2407,2402
2408,2405
2409,2404
2410,2403
2411,2405
2412,2405
2413,2409
2414,2407
2415,2407
2416,2413
2417,2411
2418,2412
2419,2411
2420,2417
2421,2419
2422,2416
2423,2416
2424,2420
2425,2414
2426,2422
2427,2418
2428,2421
2429,2423
2430,2424
2431,2428
2432,2428
2433,2429
2434,2430
2435,2427
2436,2429
2437,2433
2438,2433
2439,2435
2440,2434
2441,2432
2442,2434
2443,2437
2444,2438
2445,2439
2446,2443
2447,2444
2448,2441
2449,2442
2450,2443
2451,2444
2452,2445
2453,2447
2454,2450
2455,2451
2456,2449
2457,2453
2458,2451
2459,2453
2460,2452
2461,2455
2462,2459
2463,2457
2464,2459
2465,2456
2466,2459
2467,2461
2468,2461
2469,2462
2470,2463
2471,2466
2472,2471
2473,2465
2474,2467
2475,2469
2476,2467
2477,2470
2478,2467
2479,2474
2480,2473
2481,2473
2482,2478
2483,2477
2484,2476
2485,2480
2486,2476
2487,2485
2488,2481
2489,2483
2490,2484
2491,2481
2492,2488
2493,2488
2494,2489
2495,2492
2496,2487
2497,2491
2498,2493
2499,2490
2500,2496
2501,2491
2502,2496
2503,2496
2504,2494
2505,2503
2506,2500
2507,2501
2508,2504
2509,2505
2510,2505
2511,2502
2512,2503
2513,2504
2514,2505
2515,2512
2516,2506
2517,2510
2518,2513
2519,2515
2520,2518
2521,2511
2522,2514
2523,2519
2524,2517
2525,2522
2526,2516
2527,2519
2528,2523
2529,2524
2530,2523
2531,2521
2532,2525
2533,2529
2534,2525
2535,2529
2536,2527
2537,2529
2538,2535
2539,2534
2540,2533
2541,2534
2542,2537
2543,2538
2544,2538
2545,2539
2546,2540
2547,2538
2548,2547
2549,2541
2550,2542
2551,2546
2552,2543
2553,2546
2554,2548
2555,2550
2556,2549
2557,2550
2558,2551
2559,2554
2560,2555
2561,2559
2562,2555
2563,2554
2564,2555
2565,2557
2566,2560
2567,2561
2568,2564
2569,2561
2570,2565
2571,2565
2572,2565
2573,2569
2574,2565
2575,2567
2576,2569
2577,2573
2578,2571
2579,2575
2580,2573
2581,2577
2582,2575
2583,2579
2584,2581
2585,2575
2586,2578
2587,2579
2588,2579
2589,2583
2590,2582
2591,2586
2592,2586
2593,2589
2594,2588
2595,2588
2596,2590
2597,2591
2598,2593
2599,2595
2600,2595
2601,2596
2602,2597
2603,2596
2604,2600
2605,2599
2606,2600
2607,2601
2608,2602
2609,2602
2610,2599
2611,2608
2612,2603
2613,2608
2614,2610
2615,2604
2616,2611
2617,2611
2618,2609
2619,2617
2620,2612
2621,2615
2622,2615
2623,2615
2624,2618
2625,2621
2626,2617
2627,2625
2628,2620
2629,2624
2630,2624
2631,2625
2632,2625
2633,2623
2634,2626
2635,2627
2636,2622
2637,2633
2638,2632
2639,2630
2640,2631
2641,2634
2642,2635
2643,2633
2644,2638
2645,2639
2646,2639
2647,2641
2648,2640
2649,2640
2650,2642
2651,2643
2652,2648
2653,2646
2654,2645
2655,2648
2656,2646
2657,2650
2658,2649
2659,2654
2660,2655
2661,2652
2662,2658
2663,2657
2664,2659
2665,2658
2666,2658
2667,2662
2668,2662
2669,2660
2670,2663
2671,2663
2672,2663
2673,2670
2674,2665
2675,2667
2676,2668
2677,2671
2678,2671
2679,2669
2680,2672
2681,2673
2682,2675
2683,2681
2684,2675
2685,2680
2686,2676
2687,2680
2688,2683
2689,2678
2690,2686
2691,2683
2692,2682
2693,2690
2694,2685
2695,2691
2696,2691
2697,2689
2698,2695
2699,2690
2700,2693
2701,2696
2702,2693
2703,2696
2704,2694
2705,2696
2706,2701
2707,2700
2708,2702
2709,2700
2710,2704
2711,2703
2712,2704
2713,2710
2714,2703
2715,2707
2716,2709
2717,2710
2718,2709
2719,2712
2720,2712
2721,2717
2722,2711
2723,2714
2724,2718
2725,2714
2726,2718
2727,2721
2728,2721
2729,2724
2730,2721
2731,2727
2732,2725
2733,2727
2734,2729
2735,2725
2736,2732
2737,2730
2738,2733
2739,2733
2740,2732
2741,2734
2742,2733
2743,2734
2744,2740
2745,2735
2746,2741
2747,2739
2748,2742
2749,2739
2750,2743
2751,2743
2752,2745
2753,2743
2754,2748
2755,2745
2756,2753
2757,2747
2758,2754
2759,2751
2760,2755
2761,2754
2762,2755
2763,2754
2764,2760
2765,2759
2766,2760
2767,2761
2768,2761
2769,2765
2770,2762
2771,2767
2772,2768
2773,2767
2774,2764
2775,2766
2776,2771
2777,2772
2778,2771
2779,2776
2780,2774
2781,2776
2782,2774
2783,2776
2784,2776
2785,2775
2786,2780
2787,2779
2788,2779
2789,2782
2790,2781
2791,2782
2792,2789
2793,2783
2794,2788
2795,2788
2796,2787
2797,2794
2798,2791
2799,2795
2800,2792
2801,2791
2802,2797
2803,2797
2804,2796
2805,2796
2806,2799
2807,2801
2808,2799
2809,2799
2810,2803
2811,2798
2812,2804
2813,2807
2814,2806
2815,2810
2816,2809
2817,2811
2818,2812
2819,2809
2820,2811
2821,2811
2822,2813
2823,2817
2824,2814
2825,2820
2826,2816
2827,2819
2828,2822
2829,2821
2830,2823
2831,2820
2832,2823
2833,2825
2834,2827
2835,2826
2836,2826
2837,2829
2838,2830
2839,2830
2840,2835
2841,2831
2842,2836
2843,2840
2844,2838
2845,2840
2846,2836
2847,2843
2848,2841
2849,2840
2850,2842
2851,2840
2852,2844
2853,2845
2854,2845
2855,2846
2856,2852
2857,2846
2858,2852
2859,2853
2860,2852
2861,2858
2862,2851
2863,2859
2864,2857
2865,2859
2866,2862
2867,2856
2868,2861
2869,2861
2870,2864
2871,2864
2872,2867
2873,2866
2874,2863
2875,2865
2876,2871
2877,2868
2878,2871
2879,2872
2880,2874
2881,2873
2882,2874
2883,2875
2884,2875
2885,2879
2886,2879
2887,2877
2888,2883
2889,2881
2890,2884
2891,2887
2892,2881
2893,2886
2894,2886
2895,2886
2896,2890
2897,2889
2898,2889
2899,2894
2900,2893
2901,2895
2902,2895
2903,2892
2904,2899
2905,2894
2906,2899
2907,2896
2908,2901
2909,2901
2910,2902
2911,2901
2912,2906
2913,2907
2914,2910
2915,2903
2916,2906
2917,2911
2918,2910
2919,2915
2920,2914
2921,2913
2922,2917
2923,2916
2924,2915
2925,2916
2926,2916
2927,2919
2928,2920
2929,2924
2930,2923
2931,2922
2932,2925
2933,2923
2934,2926
2935,2927
2936,2928
2937,2929
2938,2927
2939,2930
2940,2929
2941,2933
2942,2934
2943,2931
2944,2939
2945,2933
2946,2936
2947,2938
2948,2939
2949,2943
2950,2942
2951,2943
2952,2947
2953,2943
2954,2943
2955,2946
2956,2943
2957,2951
2958,2952
2959,2954
2960,2951
2961,2948
2962,2952
2963,2953
2964,2955
2965,2957
2966,2958
2967,2959
2968,2956
2969,2961
2970,2963
2971,2964
2972,2967
2973,2964
2974,2963
2975,2968
2976,2965
2977,2969
2978,2971
2979,2973
2980,2974
2981,2973
2982,2973
2983,2972
2984,2977
2985,2980
2986,2976
2987,2978
2988,2980
2989,2978
2990,2982
2991,2982
2992,2983
2993,2985
2994,2984
2995,2990
2996,2986
2997,2985
2998,2991
2999,2992
3000,2990
3001,2992
3002,2997
3003,2994
3004,2995
3005,2995
3006,2997
3007,2999
3008,3003
3009,2997
3010,3003
3011,3006
3012,3001
3013,3008
3014,3002
3015,3008
3016,3010
3017,3006
3018,3011
3019,3010
3020,3013
3021,3014
3022,3010
3023,3013
3024,3014
3025,3015
3026,3016
3027,3014
3028,3019
3029,3020
3030,3020
3031,3022
3032,3024
3033,3028
3034,3024
3035,3028
3036,3030
3037,3028
3038,3033
3039,3025
3040,3032
3041,3032
3042,3033
3043,3036
3044,3035
3045,3032
3046,3036
3047,3037
3048,3036
3049,3042
3050,3037
3051,3042
3052,3044
3053,3046
3054,3045
3055,3047
3056,3049
3057,3047
3058,3048
3059,3050
3060,3052
3061,3050
3062,3053
3063,3050
3064,3058
3065,3052
3066,3059
3067,3057
3068,3059
3069,3065
3070,3059
3071,3065
3072,3065
3073,3063
3074,3065
3075,3065
3076,3072
3077,3068
3078,3067
3079,3072
3080,3067
3081,3074
3082,3075
3083,3074
3084,3078
3085,3077
3086,3080
3087,3076
3088,3075
3089,3080
3090,3080
3091,3079
3092,3084
3093,3082
3094,3083
3095,3084
3096,3087
3097,3090
3098,3087
3099,3092
3100,3091
3101,3090
3102,3096
3103,3091
3104,3097
3105,3096
3106,3097
3107,3098
3108,3096
3109,3107
3110,3100
3111,3104
3112,3106
3113,3104
3114,3102
3115,3107
3116,3105
3117,3106
3118,3106
3119,3110
3120,3112
3121,3110
3122,3115
3123,3112
3124,3114
3125,3114
3126,3121
3127,3117
3128,3116
3129,3121
3130,3124
3131,3120
3132,3123
3133,3124
3134,3125
3135,3125
3136,3127
3137,3130
3138,3129
3139,3130
3140,3130
3141,3134
3142,3133
3143,3133
3144,3134
3145,3137
3146,3138
3147,3139
3148,3140
3149,3139
3150,3141
3151,3144
3152,3145
3153,3147
3154,3142
3155,3145
3156,3147
3157,3146
3158,3151
3159,3147
3160,3154
3161,3150
3162,3154
3163,3155
3164,3152
3165,3157
3166,3157
3167,3158
3168,3160
3169,3161
3170,3161
3171,3160
3172,3162
3173,3166
3174,3166
3175,3168
3176,3166
3177,3168
3178,3169
3179,3166
3180,3170
3181,3174
3182,3172
3183,3172
3184,3178
3185,3172
3186,3176
3187,3178
3188,3179
3189,3182
3190,3180
3191,3183
3192,3179
3193,3182
3194,3188
3195,3183
3196,3186
3197,3188
3198,3187
3199,3192
3200,3186
3201,3190
3202,3194
3203,3194
3204,3194
3205,3196
3206,3198
3207,3198
3208,3198
3209,3202
3210,3198
3211,3200
3212,3201
3213,3201
3214,3204
3215,3203
3216,3205
3217,3206
3218,3207
3219,3209
3220,3207
3221,3213
3222,3210
3223,3213
3224,3217
3225,3211
3226,3214
3227,3218
3228,3213
3229,3221
3230,3217
3231,3218
3232,3226
3233,3224
3234,3226
3235,3222
3236,3225
3237,3231
3238,3226
3239,3232
3240,3232
3241,3231
3242,3236
3243,3233
3244,3236
3245,3234
3246,3236
3247,3237
3248,3238
3249,3241
3250,3237
3251,3243
3252,3244
3253,3240
3254,3244
3255,3243
3256,3244
3257,3251
3258,3247
3259,3252
3260,3251
3261,3252
3262,3254
3263,3249
3264,3253
3265,3254
3266,3256
3267,3257
3268,3259
3269,3262
3270,3263
3271,3258
3272,3266
3273,3260
3274,3263
3275,3266
3276,3262
3277,3268
3278,3269
3279,3270
3280,3269
3281,3270
3282,3275
3283,3275
3284,3272
3285,3276
3286,3272
3287,3276
3288,3278
3289,3276
3290,3284
3291,3279
3292,3284
3293,3286
3294,3282
3295,3287
3296,3285
3297,3286
3298,3290
3299,3288
3300,3291
3301,3291
3302,3292
3303,3294
3304,3291
3305,3293
3306,3294
3307,3298
3308,3298
3309,3297
3310,3299
3311,3301
3312,3304
3313,3305
3314,3303
3315,3308
3316,3304
3317,3308
3318,3311
3319,3305
3320,3309
3321,3317
3322,3312
3323,3316
3324,3311
3325,3313
3326,3316
3327,3319
3328,3317
3329,3318
3330,3318
3331,3322
3332,3319
3333,3325
3334,3326
3335,3326
3336,3326
3337,3325
3338,3327
3339,3327
3340,3331
3341,3335
3342,3333
3343,3336
3344,3332
3345,3333
3346,3340
3347,3335
3348,3340
3349,3342
3350,3342
3351,3341
3352,3341
3353,3341
3354,3343
3355,3343
3356,3350
3357,3347
3358,3350
3359,3348
3360,3350
3361,3354
3362,3350
3363,3352
3364,3350
3365,3353
3366,3358
3367,3357
3368,3357
3369,3361
3370,3360
3371,3365
3372,3364
3373,3360
3374,3365
3375,3365
3376,3366
3377,3367
3378,3365
3379,3369
3380,3370
3381,3370
3382,3370
3383,3373
3384,3378
3385,3374
3386,3371
3387,3380
3388,3379
3389,3381
3390,3381
3391,3383
3392,3381
3393,3384
3394,3388
3395,3388
3396,3387
3397,3387
3398,3384
3399,3387
3400,3387
3401,3389
3402,3395
3403,3393
3404,3393
3405,3395
3406,3394
3407,3398
3408,3396
3409,3402
3410,3402
3411,3403
3412,3405
3413,3404
3414,3401
3415,3405
3416,3406
3417,3406
3418,3409
3419,3406
3420,3411
3421,3410
3422,3414
3423,3413
3424,3415
3425,3413
3426,3412
3427,3420
3428,3416
3429,3418
3430,3420
3431,3419
3432,3420
3433,3423
3434,3423
3435,3421
3436,3422
3437,3429
3438,3429
3439,3426
3440,3430
3441,3431
3442,3431
3443,3436
3444,3436
3445,3437
3446,3433
3447,3434
3448,3439
3449,3439
3450,3439
3451,3439
3452,3445
3453,3444
3454,3440
3455,3444
3456,3441
3457,3444
3458,3445
3459,3447
3460,3447
3461,3448
3462,3452
3463,3456
3464,3451
3465,3454
3466,3458
3467,3453
3468,3461
3469,3457
3470,3459
3471,3459
3472,3460
3473,3462
3474,3462
3475,3466
3476,3464
3477,3462
3478,3466
3479,3465
3480,3469
3481,3470
3482,3470
3483,3476
3484,3468
3485,3471
3486,3477
3487,3473
3488,3478
3489,3475
3490,3480
3491,3485
3492,3477
3493,3483
3494,3482
3495,3487
3496,3486
3497,3487
3498,3487
3499,3488
3500,3487
3501,3489
3502,3490
3503,3493
3504,3493
3505,3496
3506,3494
3507,3495
3508,3496
3509,3502
3510,3494
3511,3502
3512,3504
3513,3503
3514,3504
3515,3504
3516,3509
3517,3507
3518,3510
3519,3508
3520,3506
3521,3512
3522,3511
3523,3512
3524,3514
3525,3514
3526,3518
3527,3515
3528,3516
3529,3522
3530,3517
3531,3521
3532,3519
3533,3519
3534,3526
3535,3522
3536,3529
3537,3524
3538,3524
3539,3531
3540,3529
3541,3529
3542,3529
3543,3532
3544,3535
3545,3535
3546,3537
3547,3534
3548,3538
3549,3539
3550,3538
3551,3539
3552,3544
3553,3542
3554,3542
3555,3544
3556,3542
3557,3551
3558,3548
3559,3546
3560,3547
3561,3547
3562,3556
3563,3552
3564,3555
3565,3557
3566,3556
3567,3559
3568,3556
3569,3558
3570,3561
3571,3561
3572,3564
3573,3559
3574,3566
3575,3566
3576,3561
3577,3565
3578,3565
3579,3566
3580,3569
3581,3570
3582,3572
3583,3573
3584,3570
3585,3573
3586,3575
3587,3576
3588,3578
3589,3575
3590,3581
3591,3576
3592,3584
3593,3584
3594,3583
3595,3585
3596,3582
3597,3589
3598,3586
3599,3587
3600,3590
3601,3590
3602,3592
3603,3593
3604,3593
3605,3595
3606,3594
3607,3597
3608,3598
3609,3595
3610,3602
3611,3600
3612,3598
3613,3602
3614,3600
3615,3606
3616,3606
3617,3608
3618,3610
3619,3606
3620,3610
3621,3610
3622,3608
3623,3615
3624,3612
3625,3616
3626,3615
3627,3616
3628,3618
3629,3615
3630,3621
3631,3619
3632,3617
3633,3624
3634,3619
3635,3624
3636,3623
3637,3624
3638,3631
3639,3628
3640,3627
3641,3629
3642,3630
3643,3634
3644,3632
3645,3635
3646,3635
3647,3631
3648,3635
3649,3638
3650,3639
3651,3640
3652,3639
3653,3642
3654,3642
3655,3641
3656,3645
3657,3642
3658,3644
3659,3645
3660,3649
3661,3649
3662,3652
3663,3652
3664,3652
3665,3654
3666,3653
3667,3656
3668,3656
3669,3657
3670,3657
3671,3663
3672,3658
3673,3663
3674,3662
3675,3662
3676,3668
3677,3663
3678,3668
3679,3672
3680,3668
3681,3669
3682,3671
3683,3671
3684,3675
3685,3673
3686,3672
3687,3677
3688,3678
3689,3677
3690,3675
3691,3682
3692,3679
3693,3678
3694,3686
3695,3683
3696,3684
3697,3687
3698,3681
3699,3688
3700,3687
3701,3687
3702,3694
3703,3688
3704,3690
3705,3695
3706,3692
3707,3697
3708,3695
3709,3697
3710,3700
3711,3698
3712,3703
3713,3700
3714,3703
3715,3701
3716,3705
3717,3705
3718,3706
3719,3706
3720,3705
3721,3707
3722,3715
3723,3709
3724,3715
3725,3713
3726,3713
3727,3719
3728,3714
3729,3720
3730,3719
3731,3718
3732,3723
3733,3717
3734,3724
3735,3721
3736,3724
3737,3724
3738,3724
3739,3729
3740,3729
3741,3730
3742,3732
3743,3732
3744,3733
3745,3733
3746,3731
3747,3736
3748,3736
3749,3737
3750,3741
3751,3735
3752,3741
3753,3741
3754,3738
3755,3744
3756,3742
3757,3747
3758,3747
3759,3745
3760,3752
3761,3746
3762,3752
3763,3748
3764,3751
3765,3753
3766,3752
3767,3755
3768,3756
3769,3758
3770,3758
3771,3757
3772,3762
3773,3760
3774,3763
3775,3763
3776,3764
3777,3766
3778,3770
3779,3764
3780,3772
3781,3766
3782,3773
3783,3774
3784,3769
3785,3775
3786,3776
3787,3776
3788,3780
3789,3779
3790,3777
3791,3782
3792,3778
3793,3785
3794,3780
3795,3783
3796,3788
3797,3785
3798,3790
3799,3789
3800,3788
3801,3794
3802,3790
3803,3792
3804,3792
3805,3793
3806,3796
3807,3792
3808,3796
3809,3800
3810,3795
3811,3805
3812,3796
3813,3804
3814,3803
3815,3801
3816,3806
3817,3803
3818,3806
3819,3805
3820,3808
3821,3813
3822,3810
3823,3812
3824,3812
3825,3813
3826,3814
3827,3811
3828,3818
3829,3815
3830,3818
3831,3821
3832,3820
3833,3822
3834,3823
3835,3821
3836,3826
3837,3826
3838,3826
3839,3827
3840,3827
3841,3830
3842,3829
3843,3831
3844,3836
3845,3829
3846,3832
3847,3837
3848,3837
3849,3837
3850,3838
3851,3841
3852,3839
3853,3842
3854,3841
3855,3839
3856,3848
3857,3845
3858,3842
3859,3848
3860,3847
3861,3848
3862,3855
3863,3852
3864,3855
3865,3850
3866,3855
3867,3856
3868,3852
3869,3860
3870,3859
3871,3858
3872,3860
3873,3857
3874,3861
3875,3859
3876,3866
3877,3868
3878,3864
3879,3870
3880,3870
3881,3865
3882,3869
3883,3869
3884,3872
3885,3872
3886,3872
3887,3877
3888,3875
3889,3880
3890,3877
3891,3875
3892,3879
3893,3882
3894,3883
3895,3881
3896,3887
3897,3887
3898,3887
3899,3885
3900,3888
3901,3884
3902,3893
3903,3888
3904,3892
3905,3894
3906,3894
3907,3898
3908,3898
3909,3898
3910,3901
3911,3895
3912,3901
3913,3899
3914,3902
3915,3907
3916,3900
3917,3904
3918,3906
3919,3907
3920,3907
3921,3907
3922,3908
3923,3913
3924,3915
3925,3916
3926,3911
3927,3911
3928,3916
3929,3917
3930,3918
3931,3917
3932,3917
3933,3923
3934,3919
3935,3922
3936,3923
3937,3921
3938,3925
3939,3924
3940,3927
3941,3932
3942,3927
3943,3934
3944,3930
3945,3934
3946,3937
3947,3934
3948,3939
3949,3935
3950,3937
3951,3937
3952,3938
3953,3942
3954,3940
3955,3940
3956,3947
3957,3943
3958,3946
3959,3947
3960,3945
3961,3948
3962,3947
3963,3954
3964,3948
3965,3951
3966,3952
3967,3954
3968,3958
3969,3954
3970,3959
3971,3961
3972,3960
3973,3963
3974,3961
3975,3958
3976,3967
3977,3962
3978,3966
3979,3969
3980,3968
3981,3971
3982,3972
3983,3972
3984,3974
3985,3969
3986,3977
3987,3974
3988,3976
3989,3980
3990,3974
3991,3981
3992,3978
3993,3980
3994,3981
3995,3982
3996,3984
3997,3985
3998,3988
3999,3988
4000,3987
4001,3992
4002,3991
4003,3990
4004,3990
4005,3987
4006,3995
4007,3996
4008,3992
4009,3999
4010,3998
4011,3997
4012,4000
4013,3999
4014,4004
4015,4000
4016,4002
4017,4002
4018,4002
4019,4005
4020,4008
4021,4007
4022,4014
4023,4007
4024,4011
4025,4014
4026,4013
4027,4015
4028,4014
4029,4015
4030,4019
4031,4017
4032,4019
4033,4017
4034,4020
4035,4021
4036,4022
4037,4026
4038,4020
4039,4027
4040,4025
4041,4027
4042,4029
4043,4031
4044,4034
4045,4034
4046,4034
4047,4033
4048,4034
4049,4035
4050,4040
4051,4034
4052,4040
4053,4040
4054,4039
4055,4041
4056,4041
4057,4047
4058,4045
4059,4045
4060,4050
4061,4048
4062,4050
4063,4049
4064,4054
4065,4052
4066,4050
4067,4052
4068,4060
4069,4055
4070,4056
4071,4057
4072,4057
4073,4063
4074,4061
4075,4062
4076,4064
4077,4062
4078,4064
4079,4068
4080,4070
4081,4066
4082,4070
4083,4072
4084,4068
4085,4073
4086,4075
4087,4072
4088,4076
4089,4073
4090,4079
4091,4079
4092,4073
4093,4078
4094,4073
4095,4075
