0,4
1,5
2,4
3,8
4,8
5,7
6,9
7,7
8,11
9,11
10,8
11,14
12,13
13,15
14,15
15,18
16,20
17,16
18,22
19,19
20,18
21,25
22,23
23,24
24,25
25,24
26,28
27,28
28,28
29,31
30,32
31,35
32,33
33,36
34,34
35,36
36,37
37,36
38,38
39,41
40,37
41,41
42,42
43,43
44,46
45,45
46,50
47,49
48,49
49,53
50,48
51,53
52,53
53,53
54,57
55,53
56,58
57,59
58,59
59,62
60,60
61,60
62,61
63,65
64,65
65,63
66,69
67,65
68,70
69,70
70,68
71,73
72,70
73,72
74,76
75,76
76,77
77,81
78,77
79,79
80,82
81,81
82,83
83,81
84,87
85,84
86,86
87,93
88,86
89,88
90,89
91,92
92,91
93,91
94,95
95,95
96,95
97,99
98,99
99,102
100,98
101,100
102,102
103,104
104,102
105,105
106,103
107,108
108,106
109,112
110,110
111,108
112,113
113,113
114,114
115,113
116,114
117,119
118,117
119,119
120,118
121,119
122,123
123,123
124,127
125,126
126,129
127,127
128,128
129,130
130,131
131,132
132,134
133,133
134,133
135,137
136,132
137,137
138,136
139,139
140,139
141,141
142,144
143,143
144,145
145,145
146,146
147,148
148,151
149,146
150,151
151,150
152,149
153,158
154,151
155,155
156,156
157,155
158,161
159,159
160,159
161,162
162,161
163,164
164,160
165,165
166,167
167,169
168,167
169,168
170,172
171,170
172,172
173,176
174,171
175,176
176,176
177,177
178,177
179,177
180,182
181,182
182,182
183,183
184,180
185,186
186,183
187,187
188,187
189,189
190,191
191,190
192,188
193,196
194,193
195,195
196,199
197,195
198,196
199,201
200,198
201,202
202,201
203,201
204,202
205,202
206,205
207,207
208,207
209,210
210,207
211,209
212,211
213,215
214,211
215,212
216,218
217,214
218,216
219,218
220,217
221,222
222,221
223,222
224,222
225,223
226,227
227,223
228,228
229,232
230,226
231,231
232,233
233,234
234,232
235,231
236,235
237,236
238,239
239,239
240,239
241,238
242,242
243,241
244,245
245,241
246,245
247,244
248,247
249,253
250,249
251,253
252,253
253,253
254,257
255,253
256,256
257,257
258,258
259,257
260,257
261,263
262,264
263,259
264,263
265,262
266,267
267,268
268,267
269,269
270,267
271,270
272,276
273,270
274,276
275,273
276,276
277,277
278,274
279,282
280,281
281,282
282,281
283,283
284,286
285,283
286,287
287,287
288,288
289,288
290,287
291,291
292,296
293,289
294,294
295,293
296,295
297,296
298,295
299,298
300,297
301,298
302,304
303,303
304,302
305,303
306,305
307,310
308,306
309,309
310,310
311,312
312,312
313,313
314,315
315,315
316,315
317,318
318,315
319,318
320,318
321,320
322,322
323,324
324,321
325,327
326,323
327,327
328,327
329,330
330,329
331,331
332,333
333,334
334,330
335,335
336,332
337,340
338,339
339,336
340,342
341,340
342,339
343,342
344,344
345,345
346,347
347,349
348,347
349,348
350,351
351,350
352,352
353,355
354,352
355,354
356,355
357,355
358,360
359,355
360,358
361,361
362,362
363,364
364,362
365,367
366,368
367,363
368,371
369,370
370,371
371,369
372,368
373,371
374,373
375,375
376,376
377,375
378,380
379,376
380,378
381,380
382,379
383,382
384,381
385,382
386,385
387,385
388,386
389,386
390,391
391,391
392,391
393,395
394,391
395,396
396,395
397,395
398,396
399,400
400,398
401,403
402,398
403,402
404,405
405,403
406,405
407,402
408,406
409,406
410,410
411,414
412,407
413,411
414,415
415,411
416,416
417,416
418,417
419,417
420,419
421,421
422,422
423,423
424,427
425,426
426,427
427,425
428,426
429,431
430,425
431,432
432,434
433,429
434,433
435,435
436,434
437,437
438,437
439,440
440,438
441,443
442,442
443,441
444,445
445,441
446,446
447,447
448,444
449,449
450,448
451,451
452,451
453,450
454,452
455,453
456,454
457,454
458,453
459,460
460,458
461,461
462,464
463,458
464,461
465,465
466,464
467,468
468,464
469,470
470,467
471,471
472,471
473,469
474,474
475,475
476,475
477,478
478,472
479,477
480,478
481,477
482,484
483,481
484,479
485,485
486,486
487,487
488,487
489,487
490,489
491,485
492,490
493,490
494,490
495,497
496,492
497,495
498,499
499,499
500,499
501,498
502,504
503,501
504,503
505,503
506,506
507,507
508,506
509,502
510,512
511,507
512,512
513,512
514,513
515,512
516,514
517,517
518,516
519,518
520,520
521,517
522,518
523,521
524,522
525,523
526,521
527,525
528,525
529,529
530,531
531,529
532,533
533,534
534,533
535,536
536,531
537,534
538,541
539,539
540,541
541,538
542,541
543,546
544,542
545,545
546,549
547,542
548,546
549,549
550,551
551,548
552,548
553,553
554,552
555,556
556,555
557,556
558,555
559,556
560,560
561,560
562,561
563,562
564,560
565,564
566,563
567,565
568,566
569,567
570,567
571,569
572,568
573,574
574,569
575,574
576,575
577,573
578,580
579,578
580,580
581,579
582,578
583,582
584,580
585,585
586,587
587,586
588,585
589,585
590,590
591,589
592,588
593,593
594,592
595,591
596,593
597,597
598,593
599,599
600,595
601,600
602,599
603,603
604,602
605,600
606,606
607,603
608,607
609,608
610,608
611,612
612,607
613,609
614,613
615,610
616,614
617,614
618,617
619,618
620,615
621,622
622,620
623,618
624,622
625,621
626,624
627,625
628,624
629,628
630,626
631,629
632,631
633,630
634,634
635,630
636,632
637,635
638,637
639,637
640,638
641,641
642,641
643,641
644,645
645,642
646,647
647,647
648,647
649,649
650,648
651,647
652,653
653,653
654,650
655,655
656,650
657,654
658,655
659,656
660,660
661,660
662,662
663,661
664,662
665,663
666,663
667,668
668,664
669,668
670,668
671,670
672,673
673,672
674,673
675,674
676,673
677,676
678,676
679,678
680,680
681,679
682,680
683,681
684,680
685,685
686,682
687,685
688,684
689,687
690,688
691,687
692,689
693,690
694,692
695,693
696,693
697,698
698,697
699,695
700,697
701,698
702,701
703,702
704,701
705,702
706,702
707,705
708,709
709,707
710,707
711,707
712,710
713,714
714,711
715,716
716,711
717,716
718,720
719,716
720,720
721,717
722,718
723,722
724,722
725,727
726,726
727,724
728,730
729,724
730,727
731,727
732,729
733,730
734,729
735,734
736,734
737,734
738,738
739,736
740,736
741,736
742,740
743,742
744,743
745,741
746,746
747,745
748,748
749,745
750,745
751,748
752,748
753,750
754,750
755,753
756,756
757,752
758,757
759,755
760,756
761,758
762,760
763,764
764,761
765,762
766,765
767,763
768,764
769,767
770,769
771,768
772,769
773,773
774,772
775,770
776,773
777,777
778,776
779,779
780,778
781,781
782,776
783,783
784,785
785,780
786,783
787,785
788,787
789,790
790,787
791,791
792,790
793,793
794,793
795,792
796,796
797,792
798,798
799,799
800,795
801,801
802,801
803,803
804,805
805,804
806,803
807,805
808,806
809,810
810,805
811,813
812,808
813,814
814,815
815,811
816,815
817,813
818,815
819,821
820,818
821,818
822,821
823,818
824,821
825,821
826,822
827,826
828,823
829,827
830,826
831,829
832,831
833,831
834,831
835,832
836,832
837,837
838,833
839,838
840,836
841,837
842,841
843,840
844,839
845,844
846,843
847,848
848,845
849,845
850,849
851,846
852,851
853,846
854,851
855,857
856,852
857,858
858,857
859,861
860,860
861,857
862,861
863,862
864,862
865,862
866,865
867,866
868,866
869,866
870,870
871,868
872,868
873,869
874,875
875,876
876,875
877,876
878,876
879,873
880,877
881,883
882,882
883,880
884,880
885,883
886,881
887,885
888,889
889,889
890,886
891,891
892,893
893,894
894,892
895,894
896,892
897,896
898,899
899,897
900,902
901,897
902,898
903,904
904,899
905,906
906,905
907,905
908,907
909,907
910,910
911,910
912,912
913,914
914,911
915,913
916,915
917,914
918,918
919,917
920,919
921,919
922,922
923,923
924,919
925,922
926,926
927,927
928,927
929,925
930,931
931,927
932,932
933,931
934,930
935,933
936,937
937,936
938,935
939,940
940,940
941,943
942,941
943,941
944,943
945,943
946,943
947,944
948,946
949,947
950,945
951,952
952,951
953,949
954,956
955,950
956,958
957,952
958,958
959,956
960,958
961,960
962,956
963,961
964,961
965,960
966,967
967,967
968,968
969,966
970,968
971,972
972,968
973,973
974,974
975,975
976,975
977,976
978,977
979,974
980,978
981,982
982,981
983,980
984,983
985,980
986,986
987,986
988,984
989,990
990,984
991,988
992,992
993,988
994,994
995,994
996,993
997,995
998,997
999,998
1000,997
1001,1003
1002,1000
1003,1003
1004,1005
1005,1005
1006,1004
1007,1008
1008,1006
1009,1009
1010,1007
1011,1008
1012,1012
1013,1009
1014,1016
1015,1014
1016,1016
1017,1016
1018,1014
1019,1021
1020,1016
1021,1022
1022,1020
1023,1019
1024,1022
1025,1022
1026,1024
1027,1026
1028,1022
1029,1030
1030,1026
1031,1027
1032,1033
1033,1032
1034,1036
1035,1033
1036,1036
1037,1035
1038,1034
1039,1040
1040,1039
1041,1040
1042,1040
1043,1042
1044,1041
1045,1046
1046,1044
1047,1048
1048,1046
1049,1044
1050,1052
1051,1047
1052,1049
1053,1049
1054,1052
1055,1056
1056,1051
1057,1058
1058,1058
1059,1058
1060,1063
1061,1056
1062,1060
1063,1063
1064,1059
1065,1067
1066,1062
1067,1067
1068,1065
1069,1067
1070,1069
1071,1066
1072,1072
1073,1074
1074,1073
1075,1073
1076,1070
1077,1076
1078,1076
1079,1075
1080,1081
1081,1079
1082,1080
1083,1079
1084,1083
1085,1085
1086,1083
1087,1084
1088,1087
1089,1089
1090,1089
1091,1090
1092,1091
1093,1092
1094,1090
1095,1095
1096,1100
1097,1094
1098,1099
1099,1099
1100,1101
1101,1101
1102,1100
1103,1101
1104,1103
1105,1102
1106,1105
1107,1106
1108,1108
1109,1108
1110,1111
1111,1113
1112,1111
1113,1110
1114,1114
1115,1112
1116,1118
1117,1112
1118,1115
1119,1118
1120,1120
1121,1120
1122,1121
1123,1124
1124,1123
1125,1122
1126,1128
1127,1124
1128,1125
1129,1127
1130,1129
1131,1130
1132,1130
1133,1133
1134,1136
1135,1134
1136,1136
1137,1133
1138,1135
1139,1138
1140,1136
1141,1139
1142,1141
1143,1141
1144,1142
1145,1142
1146,1148
1147,1143
1148,1145
1149,1149
1150,1147
1151,1149
1152,1148
1153,1153
1154,1152
1155,1154
1156,1153
1157,1154
1158,1156
1159,1160
1160,1157
1161,1159
1162,1162
1163,1158
1164,1162
1165,1163
1166,1163
1167,1167
1168,1166
1169,1170
1170,1166
1171,1171
1172,1168
1173,1169
1174,1172
1175,1175
1176,1173
1177,1172
1178,1176
1179,1176
1180,1180
1181,1178
1182,1183
1183,1182
1184,1184
1185,1187
1186,1184
1187,1186
1188,1187
1189,1186
1190,1191
1191,1189
1192,1192
1193,1191
1194,1190
1195,1196
1196,1195
1197,1195
1198,1193
1199,1196
1200,1197
1201,1199
1202,1202
1203,1202
1204,1204
1205,1204
1206,1201
1207,1208
1208,1206
1209,1209
1210,1211
1211,1210
1212,1216
1213,1213
1214,1210
1215,1214
1216,1211
1217,1218
1218,1217
1219,1220
1220,1222
1221,1216
1222,1220
1223,1221
1224,1223
1225,1226
1226,1225
1227,1223
1228,1228
1229,1227
1230,1229
1231,1227
1232,1229
1233,1235
1234,1228
1235,1231
1236,1233
1237,1234
1238,1235
1239,1233
1240,1237
1241,1235
1242,1237
1243,1242
1244,1239
1245,1243
1246,1242
1247,1246
1248,1250
1249,1245
1250,1248
1251,1247
1252,1251
1253,1250
1254,1252
1255,1255
1256,1255
1257,1253
1258,1257
1259,1253
1260,1261
1261,1261
1262,1258
1263,1264
1264,1263
1265,1265
1266,1263
1267,1267
1268,1267
1269,1265
1270,1268
1271,1269
1272,1266
1273,1272
1274,1271
1275,1273
1276,1274
1277,1273
1278,1275
1279,1278
1280,1275
1281,1285
1282,1279
1283,1279
1284,1284
1285,1286
1286,1287
1287,1285
1288,1285
1289,1286
1290,1289
1291,1290
1292,1289
1293,1293
1294,1293
1295,1294
1296,1299
1297,1298
1298,1296
1299,1298
1300,1299
1301,1299
1302,1299
1303,1299
1304,1309
1305,1301
1306,1307
1307,1303
1308,1309
1309,1309
1310,1308
1311,1312
1312,1307
1313,1311
1314,1313
1315,1309
1316,1316
1317,1314
1318,1317
1319,1319
1320,1320
1321,1317
1322,1319
1323,1318
1324,1323
1325,1325
1326,1325
1327,1328
1328,1325
1329,1331
1330,1326
1331,1331
1332,1329
1333,1329
1334,1333
1335,1332
1336,1333
1337,1335
1338,1332
1339,1336
1340,1338
1341,1337
1342,1343
1343,1338
1344,1341
1345,1340
1346,1342
1347,1348
1348,1344
1349,1347
1350,1347
1351,1349
1352,1352
1353,1348
1354,1351
1355,1355
1356,1355
1357,1354
1358,1355
1359,1357
1360,1356
1361,1358
1362,1360
1363,1359
1364,1359
1365,1363
1366,1361
1367,1363
1368,1366
1369,1368
1370,1368
1371,1369
1372,1372
1373,1371
1374,1367
1375,1371
1376,1370
1377,1377
1378,1373
1379,1376
1380,1381
1381,1379
1382,1382
1383,1380
1384,1379
1385,1384
1386,1385
1387,1382
1388,1384
1389,1384
1390,1390
1391,1388
1392,1389
1393,1390
1394,1390
1395,1396
1396,1394
1397,1392
1398,1395
1399,1393
1400,1398
1401,1400
1402,1403
1403,1401
1404,1399
1405,1402
1406,1402
1407,1404
1408,1407
1409,1408
1410,1410
1411,1406
1412,1408
1413,1410
1414,1414
1415,1411
1416,1415
1417,1413
1418,1417
1419,1414
1420,1418
1421,1423
1422,1416
1423,1422
1424,1422
1425,1425
1426,1424
1427,1422
1428,1428
1429,1425
1430,1424
1431,1431
1432,1430
1433,1430
1434,1433
1435,1432
1436,1436
1437,1431
1438,1435
1439,1435
1440,1436
1441,1442
1442,1439
1443,1440
1444,1442
1445,1442
1446,1446
1447,1444
1448,1447
1449,1446
1450,1448
1451,1453
1452,1447
1453,1453
1454,1452
1455,1454
1456,1458
1457,1454
1458,1454
1459,1456
1460,1456
1461,1457
1462,1461
1463,1461
1464,1463
1465,1459
1466,1464
1467,1465
1468,1461
1469,1469
1470,1468
1471,1469
1472,1467
1473,1469
1474,1473
1475,1471
1476,1475
1477,1476
1478,1474
1479,1475
1480,1479
1481,1477
1482,1482
1483,1479
1484,1482
1485,1482
1486,1484
1487,1483
1488,1487
1489,1487
1490,1488
1491,1487
1492,1487
1493,1488
1494,1489
1495,1493
1496,1495
1497,1497
1498,1491
1499,1496
1500,1499
1501,1499
1502,1498
1503,1497
1504,1500
1505,1498
1506,1503
1507,1507
1508,1505
1509,1507
1510,1511
1511,1508
1512,1509
1513,1510
1514,1513
1515,1516
1516,1512
1517,1519
1518,1514
1519,1515
1520,1517
1521,1519
1522,1522
1523,1524
1524,1525
1525,1523
1526,1520
1527,1526
1528,1523
1529,1524
1530,1531
1531,1528
1532,1531
1533,1529
1534,1530
1535,1533
1536,1534
1537,1536
1538,1536
1539,1538
1540,1536
1541,1538
1542,1541
1543,1543
1544,1539
1545,1545
1546,1540
1547,1546
1548,1546
1549,1547
1550,1550
1551,1548
1552,1547
1553,1550
1554,1552
1555,1553
1556,1555
1557,1555
1558,1558
1559,1555
1560,1560
1561,1556
1562,1560
1563,1565
1564,1561
1565,1565
1566,1564
1567,1563
1568,1563
1569,1564
1570,1567
1571,1570
1572,1570
1573,1570
1574,1568
1575,1572
1576,1572
1577,1570
1578,1577
1579,1577
1580,1577
1581,1581
1582,1577
1583,1587
1584,1582
1585,1581
1586,1586
1587,1583
1588,1583
1589,1584
1590,1586
1591,1587
1592,1588
1593,1591
1594,1588
1595,1590
1596,1592
1597,1594
1598,1596
1599,1598
1600,1598
1601,1601
1602,1599
1603,1598
1604,1600
1605,1599
1606,1603
1607,1602
1608,1604
1609,1610
1610,1605
1611,1610
1612,1609
1613,1612
1614,1614
1615,1612
1616,1616
1617,1611
1618,1613
1619,1617
1620,1616
1621,1617
1622,1617
1623,1619
1624,1623
1625,1622
1626,1625
1627,1621
1628,1627
1629,1626
1630,1627
1631,1627
1632,1627
1633,1629
1634,1634
1635,1627
1636,1631
1637,1633
1638,1632
1639,1635
1640,1633
1641,1639
1642,1636
1643,1637
1644,1643
1645,1641
1646,1642
1647,1643
1648,1641
1649,1650
1650,1648
1651,1645
1652,1648
1653,1649
1654,1651
1655,1650
1656,1654
1657,1656
1658,1655
1659,1656
1660,1659
1661,1656
1662,1662
1663,1659
1664,1659
1665,1661
1666,1661
1667,1666
1668,1665
1669,1665
1670,1664
1671,1664
1672,1671
1673,1671
1674,1670
1675,1673
1676,1670
1677,1673
1678,1673
1679,1677
1680,1679
1681,1674
1682,1680
1683,1676
1684,1678
1685,1683
1686,1680
1687,1687
1688,1682
1689,1682
1690,1687
1691,1688
1692,1691
1693,1687
1694,1693
1695,1691
1696,1690
1697,1691
1698,1693
1699,1695
1700,1697
1701,1696
1702,1697
1703,1701
1704,1697
1705,1701
1706,1703
1707,1705
1708,1703
1709,1705
1710,1707
1711,1704
1712,1706
1713,1710
1714,1708
1715,1710
1716,1711
1717,1712
1718,1715
1719,1715
1720,1720
1721,1717
1722,1718
1723,1723
1724,1721
1725,1722
1726,1724
1727,1725
1728,1724
1729,1725
1730,1729
1731,1726
1732,1726
1733,1729
1734,1726
1735,1736
1736,1733
1737,1735
1738,1735
1739,1736
1740,1736
1741,1741
1742,1739
1743,1742
1744,1740
1745,1743
1746,1746
1747,1740
1748,1745
1749,1747
1750,1747
1751,1747
1752,1745
1753,1752
1754,1748
1755,1751
1756,1755
1757,1750
1758,1757
1759,1757
1760,1755
1761,1761
1762,1758
1763,1761
1764,1758
1765,1763
1766,1766
1767,1763
1768,1767
1769,1764
1770,1765
1771,1769
1772,1768
1773,1770
1774,1769
1775,1771
1776,1773
1777,1772
1778,1777
1779,1776
1780,1778
1781,1781
1782,1779
1783,1780
1784,1780
1785,1782
1786,1782
1787,1784
1788,1785
1789,1787
1790,1784
1791,1788
1792,1790
1793,1786
1794,1789
1795,1789
1796,1791
1797,1792
1798,1793
1799,1797
1800,1793
1801,1798
1802,1797
1803,1796
1804,1801
1805,1799
1806,1801
1807,1804
1808,1801
1809,1806
1810,1807
1811,1806
1812,1806
1813,1810
1814,1811
1815,1809
1816,1815
1817,1817
1818,1811
1819,1815
1820,1817
1821,1820
1822,1819
1823,1815
1824,1824
1825,1823
1826,1825
1827,1823
1828,1823
1829,1828
1830,1823
1831,1827
1832,1831
1833,1827
1834,1831
1835,1831
1836,1829
1837,1836
1838,1836
1839,1835
1840,1838
1841,1834
1842,1837
1843,1842
1844,1838
1845,1843
1846,1839
1847,1841
1848,1841
1849,1845
1850,1846
1851,1846
1852,1850
1853,1847
1854,1851
1855,1851
1856,1851
1857,1851
1858,1855
1859,1853
1860,1859
1861,1855
1862,1861
1863,1859
1864,1861
1865,1865
1866,1859
1867,1864
1868,1866
1869,1865
1870,1865
1871,1868
1872,1866
1873,1869
1874,1869
1875,1872
1876,1871
1877,1873
1878,1875
1879,1877
1880,1879
1881,1878
1882,1878
1883,1879
1884,1877
1885,1880
1886,1881
1887,1883
1888,1885
1889,1886
1890,1889
1891,1889
1892,1887
1893,1890
1894,1889
1895,1893
1896,1889
1897,1890
1898,1897
1899,1896
1900,1899
1901,1897
1902,1897
1903,1902
1904,1898
1905,1900
1906,1905
1907,1901
1908,1907
1909,1905
1910,1903
1911,1908
1912,1908
1913,1909
1914,1910
1915,1910
1916,1915
1917,1912
1918,1915
1919,1916
1920,1918
1921,1919
1922,1918
1923,1919
1924,1918
1925,1921
1926,1925
1927,1921
1928,1927
1929,1927
1930,1926
1931,1929
1932,1926
1933,1930
1934,1929
1935,1931
1936,1931
1937,1934
1938,1933
1939,1937
1940,1934
1941,1939
1942,1935
1943,1940
1944,1940
1945,1936
1946,1943
1947,1941
1948,1941
1949,1948
1950,1943
1951,1947
1952,1948
1953,1949
1954,1953
1955,1948
1956,1952
1957,1954
1958,1950
1959,1956
1960,1955
1961,1957
1962,1956
1963,1959
1964,1963
1965,1956
1966,1964
1967,1964
1968,1961
1969,1966
1970,1962
1971,1964
1972,1970
1973,1965
1974,1969
1975,1971
1976,1971
1977,1977
1978,1972
1979,1973
1980,1976
1981,1975
1982,1981
1983,1977
1984,1979
1985,1984
1986,1979
1987,1985
1988,1984
1989,1986
1990,1987
1991,1984
1992,1987
1993,1989
1994,1988
1995,1990
1996,1989
1997,1993
1998,1991
1999,1997
2000,1993
2001,1996
2002,1996
2003,1998
2004,1999
2005,2003
2006,2001
2007,2004
2008,2000
2009,2002
2010,2006
2011,2002
2012,2008
2013,2006
2014,2009
2015,2013
2016,2010
2017,2015
2018,2013
2019,2013
2020,2019
2021,2016
2022,2017
2023,2021
2024,2016
2025,2020
2026,2020
2027,2023
2028,2024
2029,2022
2030,2025
2031,2024
2032,2026
2033,2033
2034,2027
2035,2033
2036,2025
2037,2034
2038,2033
2039,2034
2040,2037
2041,2037
2042,2036
2043,2040
2044,2036
2045,2040
2046,2042
2047,2045
2048,2043
2049,2045
2050,2048
2051,2047
2052,2045
2053,2052
2054,2049
2055,2048
2056,2050
2057,2052
2058,2056
2059,2052
2060,2055
2061,2057
2062,2056
2063,2061
2064,2059
2065,2059
2066,2062
2067,2063
2068,2067
2069,2066
2070,2063
2071,2066
2072,2068
2073,2069
2074,2069
2075,2068
2076,2072
2077,2073
2078,2072
2079,2073
2080,2075
2081,2076
2082,2078
2083,2081
2084,2078
2085,2078
2086,2084
2087,2082
2088,2086
2089,2085
2090,2080
2091,2088
2092,2085
2093,2087
2094,2091
2095,2088
2096,2091
2097,2094
2098,2095
2099,2094
2100,2092
2101,2097
2102,2098
2103,2096
2104,2101
2105,2099
2106,2100
2107,2099
2108,2102
2109,2103
2110,2105
2111,2107
2112,2106
2113,2109
2114,2110
2115,2112
2116,2112
2117,2112
2118,2112
2119,2114
2120,2116
2121,2114
2122,2117
2123,2118
2124,2118
2125,2117
2126,2124
2127,2125
2128,2120
2129,2124
2130,2125
2131,2125
2132,2128
2133,2128
2134,2131
2135,2128
2136,2128
2137,2132
2138,2128
2139,2134
2140,2136
2141,2134
2142,2138
2143,2133
2144,2138
2145,2140
2146,2140
2147,2141
2148,2142
2149,2147
2150,2145
2151,2147
2152,2150
2153,2146
2154,2152
2155,2149
2156,2151
2157,2154
2158,2156
2159,2151
2160,2157
2161,2152
2162,2158
2163,2159
2164,2160
2165,2163
2166,2158
2167,2163
2168,2160
2169,2165
2170,2168
2171,2164
2172,2169
2173,2168
2174,2169
2175,2169
2176,2168
2177,2176
2178,2175
2179,2172
2180,2176
2181,2173
2182,2177
2183,2176
2184,2177
2185,2179
2186,2177
2187,2178
2188,2186
2189,2182
2190,2188
2191,2186
2192,2186
2193,2190
2194,2186
2195,2189
2196,2182
2197,2189
2198,2191
2199,2194
2200,2196
2201,2197
2202,2196
2203,2197
2204,2199
2205,2201
2206,2202
2207,2199
2208,2205
2209,2206
2210,2207
2211,2207
2212,2205
2213,2206
2214,2209
2215,2209
2216,2209
2217,2209
2218,2214
2219,2212
2220,2216
2221,2215
2222,2218
2223,2216
2224,2217
2225,2221
2226,2220
2227,2219
2228,2222
2229,2221
2230,2223
2231,2229
2232,2227
2233,2228
2234,2229
2235,2230
2236,2233
2237,2230
2238,2233
2239,2232
2240,2233
2241,2238
2242,2236
2243,2240
2244,2239
2245,2241
2246,2239
2247,2239
2248,2244
2249,2243
2250,2247
2251,2247
2252,2245
2253,2250
2254,2250
2255,2246
2256,2252
2257,2252
2258,2254
2259,2259
2260,2256
2261,2257
2262,2256
2263,2257
2264,2259
2265,2257
2266,2263
2267,2260
2268,2261
2269,2264
2270,2266
2271,2267
2272,2266
2273,2265
2274,2272
2275,2269
2276,2270
2277,2274
2278,2275
2279,2278
2280,2276
2281,2277
2282,2274
2283,2278
2284,2282
2285,2279
2286,2280
2287,2282
2288,2284
2289,2286
2290,2284
2291,2286
2292,2287
2293,2288
2294,2288
2295,2289
2296,2291
2297,2296
2298,2295
2299,2293
2300,2294
2301,2293
2302,2295
2303,2296
2304,2297
2305,2301
2306,2300
2307,2305
2308,2303
2309,2301
2310,2304
2311,2304
2312,2306
2313,2306
2314,2310
2315,2310
2316,2308
2317,2314
2318,2311
2319,2311
2320,2314
2321,2314
2322,2319
2323,2316
2324,2319
2325,2320
2326,2324
2327,2322
2328,2322
2329,2321
2330,2325
2331,2326
2332,2325
2333,2325
2334,2331
2335,2332
2336,2331
2337,2330
2338,2329
2339,2335
2340,2338
2341,2333
2342,2339
2343,2342
2344,2337
2345,2343
2346,2338
2347,2343
2348,2341
2349,2340
2350,2345
2351,2347
2352,2343
2353,2350
2354,2349
2355,2351
2356,2353
2357,2351
2358,2356
2359,2353
2360,2356
2361,2354
2362,2358
2363,2357
2364,2359
2365,2357
2366,2360
2367,2362
2368,2366
2369,2361
2370,2366
2371,2366
2372,2367
2373,2368
2374,2369
2375,2372
2376,2369
2377,2372
2378,2377
2379,2371
2380,2378
2381,2375
2382,2377
2383,2381
2384,2375
2385,2377
2386,2380
2387,2382
2388,2387
2389,2384
2390,2384
2391,2390
2392,2384
2393,2386
2394,2388
2395,2389
2396,2391
2397,2392
2398,2390
2399,2396
2400,2393
2401,2394
2402,2397
2403,2399
2404,2398
2405,2395
2406,2404
2407,2400
2408,2405
2409,2406
2410,2406
2411,2408
2412,2404
2413,2409
2414,2409
2415,2407
2416,2414
2417,2408
2418,2412
2419,2416
2420,2413
2421,2415
2422,2414
2423,2420
2424,2416
2425,2421
2426,2419
2427,2421
2428,2421
2429,2426
2430,2425
2431,2428
2432,2424
2433,2430
2434,2433
2435,2429
2436,2431
2437,2428
2438,2430
2439,2435
2440,2433
2441,2435
2442,2440
2443,2438
2444,2436
2445,2442
2446,2438
2447,2442
2448,2439
2449,2441
2450,2446
2451,2446
2452,2446
2453,2444
2454,2450
2455,2451
2456,2453
2457,2455
2458,2450
2459,2456
2460,2450
2461,2451
2462,2457
2463,2454
2464,2461
2465,2461
2466,2456
2467,2463
2468,2462
2469,2465
2470,2466
2471,2463
2472,2470
2473,2463
2474,2465
2475,2468
2476,2469
2477,2471
2478,2471
2479,2476
2480,2476
2481,2470
2482,2475
2483,2479
2484,2477
2485,2481
2486,2478
2487,2478
2488,2482
2489,2484
2490,2486
2491,2482
2492,2482
2493,2486
2494,2488
2495,2487
2496,2486
2497,2494
2498,2489
2499,2491
2500,2497
2501,2494
2502,2495
2503,2495
2504,2495
2505,2502
2506,2496
2507,2504
2508,2505
2509,2500
2510,2508
2511,2505
2512,2510
2513,2509
2514,2507
2515,2513
2516,2511
2517,2513
2518,2511
2519,2510
2520,2515
2521,2514
2522,2514
2523,2519
2524,2518
2525,2522
2526,2518
2527,2522
2528,2523
2529,2520
2530,2520
2531,2523
2532,2523
2533,2527
2534,2527
2535,2531
2536,2533
2537,2531
2538,2529
2539,2534
2540,2535
2541,2538
2542,2534
2543,2536
2544,2539
2545,2539
2546,2543
2547,2540
2548,2547
2549,2544
2550,2543
2551,2545
2552,2547
2553,2546
2554,2546
2555,2547
2556,2552
2557,2549
2558,2552
2559,2551
2560,2555
2561,2558
2562,2555
2563,2557
2564,2556
2565,2556
2566,2562
2567,2558
2568,2565
2569,2564
2570,2565
2571,2567
2572,2563
2573,2568
2574,2565
2575,2570
2576,2573
2577,2570
2578,2572
2579,2573
2580,2573
2581,2574
2582,2570
2583,2574
2584,2579
2585,2576
2586,2577
2587,2582
2588,2582
2589,2584
2590,2584
2591,2586
2592,2584
2593,2583
2594,2594
2595,2587
2596,2589
2597,2589
2598,2590
2599,2596
2600,2596
2601,2594
2602,2599
2603,2592
2604,2597
2605,2595
2606,2599
2607,2603
2608,2598
2609,2605
2610,2601
2611,2608
2612,2605
2613,2607
2614,2606
2615,2608
2616,2611
2617,2610
2618,2608
2619,2611
2620,2613
2621,2611
2622,2616
2623,2618
2624,2618
2625,2617
2626,2617
2627,2619
2628,2618
2629,2623
2630,2626
2631,2625
2632,2625
2633,2623
2634,2625
2635,2632
2636,2628
2637,2633
2638,2632
2639,2630
2640,2636
2641,2635
2642,2637
2643,2638
2644,2638
2645,2642
2646,2637
2647,2639
2648,2639
2649,2643
2650,2643
2651,2639
2652,2645
2653,2645
2654,2648
2655,2648
2656,2648
2657,2652
2658,2652
2659,2656
2660,2655
2661,2655
2662,2655
2663,2658
2664,2655
2665,2662
2666,2660
2667,2663
2668,2663
2669,2659
2670,2666
2671,2663
2672,2663
2673,2666
2674,2666
2675,2671
2676,2669
2677,2666
2678,2670
2679,2674
2680,2676
2681,2674
2682,2674
2683,2678
2684,2679
2685,2676
2686,2677
2687,2680
2688,2683
2689,2684
2690,2685
2691,2686
2692,2682
2693,2687
2694,2687
2695,2690
2696,2690
2697,2690
2698,2693
2699,2693
2700,2694
2701,2694
2702,2695
2703,2696
2704,2697
2705,2698
2706,2699
2707,2699
2708,2700
2709,2702
2710,2702
2711,2706
2712,2702
2713,2706
2714,2708
2715,2708
2716,2712
2717,2708
2718,2710
2719,2709
2720,2714
2721,2716
2722,2717
2723,2716
2724,2721
2725,2715
2726,2717
2727,2723
2728,2716
2729,2722
2730,2720
2731,2724
2732,2722
2733,2727
2734,2725
2735,2727
2736,2730
2737,2727
2738,2730
2739,2730
2740,2731
2741,2736
2742,2735
2743,2732
2744,2740
2745,2734
2746,2741
2747,2739
2748,2736
2749,2745
2750,2743
2751,2742
2752,2746
2753,2742
2754,2751
2755,2744
2756,2752
2757,2754
2758,2753
2759,2755
2760,2750
2761,2759
2762,2754
2763,2756
2764,2758
2765,2758
2766,2761
2767,2759
2768,2762
2769,2761
2770,2764
2771,2763
2772,2764
2773,2763
2774,2766
2775,2768
2776,2765
2777,2767
2778,2767
2779,2771
2780,2771
2781,2770
2782,2778
2783,2777
2784,2775
2785,2779
2786,2779
2787,2783
2788,2777
2789,2782
2790,2784
2791,2788
2792,2784
2793,2787
2794,2788
2795,2792
2796,2790
2797,2794
2798,2791
2799,2794
2800,2798
2801,2792
2802,2795
2803,2795
2804,2795
2805,2799
2806,2797
2807,2799
2808,2799
2809,2801
2810,2802
2811,2806
2812,2803
2813,2808
2814,2804
2815,2806
2816,2811
2817,2813
2818,2811
2819,2813
2820,2812
2821,2811
2822,2814
2823,2819
2824,2813
2825,2818
2826,2820
2827,2821
2828,2823
2829,2820
2830,2821
2831,2821
2832,2826
2833,2826
2834,2825
2835,2831
2836,2831
2837,2827
2838,2830
2839,2830
2840,2835
2841,2832
2842,2833
2843,2835
2844,2836
2845,2839
2846,2837
2847,2840
2848,2841
2849,2837
2850,2843
2851,2844
2852,2841
2853,2844
2854,2845
2855,2847
2856,2852
2857,2848
2858,2847
2859,2856
2860,2848
2861,2857
2862,2851
2863,2853
2864,2855
2865,2859
2866,2858
2867,2860
2868,2857
2869,2860
2870,2859
2871,2866
2872,2861
2873,2869
2874,2869
2875,2864
2876,2867
2877,2867
2878,2869
2879,2870
2880,2869
2881,2872
2882,2871
2883,2876
2884,2881
2885,2878
2886,2880
2887,2876
2888,2879
2889,2885
2890,2879
2891,2884
2892,2884
2893,2887
2894,2889
2895,2887
2896,2889
2897,2890
2898,2891
2899,2890
2900,2893
2901,2892
2902,2894
2903,2896
2904,2900
2905,2895
2906,2897
2907,2902
2908,2898
2909,2899
2910,2900
2911,2903
2912,2907
2913,2901
2914,2909
2915,2907
2916,2909
2917,2909
2918,2910
2919,2908
2920,2915
2921,2911
2922,2916
2923,2915
2924,2919
2925,2915
2926,2916
2927,2921
2928,2921
2929,2923
2930,2920
2931,2925
2932,2923
2933,2925
2934,2924
2935,2927
2936,2929
2937,2932
2938,2926
2939,2933
2940,2933
2941,2930
2942,2935
2943,2935
2944,2934
2945,2935
2946,2935
2947,2943
2948,2939
2949,2938
2950,2941
2951,2939
2952,2942
2953,2947
2954,2946
2955,2948
2956,2947
2957,2952
2958,2949
2959,2947
2960,2956
2961,2950
2962,2953
2963,2955
2964,2957
2965,2958
2966,2954
2967,2960
2968,2958
2969,2957
2970,2961
2971,2966
2972,2964
2973,2970
2974,2963
2975,2967
2976,2964
2977,2965
2978,2969
2979,2970
2980,2975
2981,2974
2982,2971
2983,2977
2984,2977
2985,2981
2986,2976
2987,2980
2988,2983
2989,2981
2990,2982
2991,2979
2992,2987
2993,2989
2994,2986
2995,2988
2996,2988
2997,2989
2998,2989
2999,2990
3000,2993
3001,2995
3002,2992
3003,2992
3004,2996
3005,2995
3006,3001
3007,2999
3008,3001
3009,3002
3010,3003
3011,3007
3012,3000
3013,3002
3014,3004
3015,3010
3016,3010
3017,3005
3018,3011
3019,3011
3020,3014
3021,3012
3022,3015
3023,3014
3024,3015
3025,3016
3026,3023
3027,3016
3028,3021
3029,3023
3030,3020
3031,3027
3032,3024
3033,3023
3034,3027
3035,3029
3036,3031
3037,3027
3038,3029
3039,3032
3040,3033
3041,3037
3042,3031
3043,3036
3044,3039
3045,3037
3046,3036
3047,3041
3048,3038
3049,3041
3050,3041
3051,3043
3052,3043
3053,3046
3054,3046
3055,3048
3056,3047
3057,3048
3058,3047
3059,3051
3060,3053
3061,3055
3062,3056
3063,3051
3064,3058
3065,3059
3066,3061
3067,3058
3068,3060
3069,3064
3070,3058
3071,3062
3072,3066
3073,3061
3074,3067
3075,3064
3076,3069
3077,3073
3078,3066
3079,3075
3080,3069
3081,3071
3082,3073
3083,3076
3084,3079
3085,3079
3086,3077
3087,3079
3088,3078
3089,3078
3090,3081
3091,3083
3092,3083
3093,3085
3094,3087
3095,3089
3096,3085
3097,3087
3098,3092
3099,3092
3100,3091
3101,3094
3102,3097
3103,3093
3104,3096
3105,3094
3106,3093
3107,3101
3108,3101
3109,3097
3110,3105
3111,3101
3112,3108
3113,3103
3114,3102
3115,3108
3116,3104
3117,3108
3118,3108
3119,3111
3120,3115
3121,3112
3122,3113
3123,3113
3124,3111
3125,3115
3126,3114
3127,3121
3128,3121
3129,3121
3130,3125
3131,3124
3132,3122
3133,3123
3134,3122
3135,3129
3136,3127
3137,3130
3138,3135
3139,3128
3140,3134
3141,3133
3142,3131
3143,3132
3144,3136
3145,3139
3146,3136
3147,3139
3148,3140
3149,3141
3150,3143
3151,3142
3152,3145
3153,3147
3154,3145
3155,3144
3156,3147
3157,3147
3158,3152
3159,3156
3160,3149
3161,3150
3162,3151
3163,3157
3164,3157
3165,3156
3166,3157
3167,3160
3168,3158
3169,3160
3170,3161
3171,3164
3172,3159
3173,3168
3174,3167
3175,3169
3176,3168
3177,3169
3178,3170
3179,3169
3180,3169
3181,3169
3182,3175
3183,3172
3184,3178
3185,3173
3186,3173
3187,3178
3188,3180
3189,3179
3190,3183
3191,3178
3192,3182
3193,3181
3194,3188
3195,3187
3196,3185
3197,3188
3198,3188
3199,3192
3200,3194
3201,3188
3202,3195
3203,3191
3204,3198
3205,3196
3206,3198
3207,3199
3208,3197
3209,3200
3210,3199
3211,3198
3212,3205
3213,3202
3214,3205
3215,3206
3216,3206
3217,3207
3218,3207
3219,3213
3220,3211
3221,3210
3222,3215
3223,3217
3224,3216
3225,3220
3226,3215
3227,3217
3228,3221
3229,3221
3230,3219
3231,3219
3232,3222
3233,3225
3234,3221
3235,3226
3236,3227
3237,3225
3238,3232
3239,3231
3240,3235
3241,3229
3242,3232
3243,3236
3244,3231
3245,3236
3246,3234
3247,3241
3248,3239
3249,3236
3250,3245
3251,3240
3252,3238
3253,3248
3254,3242
3255,3249
3256,3249
3257,3245
3258,3251
3259,3247
3260,3253
3261,3250
3262,3254
3263,3258
3264,3251
3265,3258
3266,3259
3267,3253
3268,3262
3269,3256
3270,3262
3271,3260
3272,3259
3273,3264
3274,3267
3275,3267
3276,3267
3277,3261
3278,3270
3279,3269
3280,3269
3281,3274
3282,3268
3283,3274
3284,3277
3285,3276
3286,3277
3287,3276
3288,3279
3289,3280
3290,3280
3291,3283
3292,3277
3293,3280
3294,3288
3295,3286
3296,3291
3297,3284
3298,3286
3299,3287
3300,3287
3301,3292
3302,3292
3303,3291
3304,3296
3305,3293
3306,3300
3307,3298
3308,3295
3309,3303
3310,3293
3311,3302
3312,3303
3313,3305
3314,3302
3315,3306
3316,3309
3317,3303
3318,3308
3319,3309
3320,3311
3321,3311
3322,3312
3323,3308
3324,3316
3325,3317
3326,3316
3327,3322
3328,3314
3329,3322
3330,3323
3331,3323
3332,3322
3333,3323
3334,3327
3335,3321
3336,3324
3337,3326
3338,3329
3339,3332
3340,3331
3341,3329
3342,3332
3343,3331
3344,3336
3345,3337
3346,3334
3347,3338
3348,3336
3349,3342
3350,3342
3351,3340
3352,3344
3353,3343
3354,3345
3355,3347
3356,3347
3357,3346
3358,3348
3359,3350
3360,3350
3361,3347
3362,3355
3363,3351
3364,3352
3365,3352
3366,3356
3367,3356
3368,3356
3369,3355
3370,3359
3371,3358
3372,3364
3373,3363
3374,3364
3375,3367
3376,3364
3377,3366
3378,3371
3379,3365
3380,3373
3381,3369
3382,3369
3383,3370
3384,3370
3385,3378
3386,3375
3387,3380
3388,3376
3389,3378
3390,3384
3391,3379
3392,3383
3393,3380
3394,3381
3395,3388
3396,3387
3397,3386
3398,3389
3399,3388
3400,3393
3401,3391
3402,3390
3403,3396
3404,3391
3405,3398
3406,3393
3407,3395
3408,3401
3409,3395
3410,3403
3411,3397
3412,3404
3413,3404
3414,3404
3415,3403
3416,3405
3417,3408
3418,3409
3419,3409
3420,3409
3421,3415
3422,3410
3423,3410
3424,3413
3425,3414
3426,3415
3427,3416
3428,3414
3429,3418
3430,3421
3431,3425
3432,3419
3433,3424
3434,3424
3435,3422
3436,3426
3437,3424
3438,3426
3439,3427
3440,3427
3441,3432
3442,3430
3443,3434
3444,3436
3445,3435
3446,3440
3447,3437
3448,3437
3449,3438
3450,3440
3451,3444
3452,3442
3453,3445
3454,3446
3455,3445
3456,3445
3457,3445
3458,3448
3459,3446
3460,3446
3461,3452
3462,3451
3463,3454
3464,3455
3465,3455
3466,3455
3467,3456
3468,3457
3469,3460
3470,3455
3471,3458
3472,3465
3473,3460
3474,3463
3475,3461
3476,3465
3477,3464
3478,3466
3479,3472
3480,3468
3481,3473
3482,3471
3483,3469
3484,3476
3485,3470
3486,3474
3487,3478
3488,3478
3489,3478
3490,3481
3491,3476
3492,3480
3493,3483
3494,3482
3495,3484
3496,3483
3497,3491
3498,3485
3499,3492
3500,3489
3501,3492
3502,3493
3503,3490
3504,3494
3505,3494
3506,3495
3507,3501
3508,3494
3509,3501
3510,3498
3511,3502
3512,3498
3513,3504
3514,3506
3515,3506
3516,3502
3517,3510
3518,3509
3519,3512
3520,3510
3521,3512
3522,3510
3523,3513
3524,3510
3525,3517
3526,3517
3527,3515
3528,3521
3529,3524
3530,3519
3531,3516
3532,3525
3533,3522
3534,3524
3535,3524
3536,3521
3537,3526
3538,3528
3539,3526
3540,3534
3541,3530
3542,3534
3543,3531
3544,3535
3545,3538
3546,3536
3547,3534
3548,3536
3549,3541
3550,3538
3551,3537
3552,3543
3553,3541
3554,3544
3555,3548
3556,3544
3557,3549
3558,3550
3559,3547
3560,3552
3561,3546
3562,3547
3563,3553
3564,3550
3565,3552
3566,3556
3567,3555
3568,3559
3569,3561
3570,3562
3571,3557
3572,3561
3573,3561
3574,3564
3575,3562
3576,3564
3577,3568
3578,3568
3579,3568
3580,3570
3581,3569
3582,3567
3583,3576
3584,3571
3585,3576
3586,3574
3587,3577
3588,3576
3589,3577
3590,3577
3591,3582
3592,3581
3593,3585
3594,3580
3595,3585
3596,3586
3597,3588
3598,3590
3599,3589
3600,3589
3601,3590
3602,3593
3603,3589
3604,3597
3605,3591
3606,3596
3607,3595
3608,3597
3609,3601
3610,3596
3611,3603
3612,3602
3613,3601
3614,3602
3615,3605
3616,3606
3617,3607
3618,3607
3619,3607
3620,3608
3621,3610
3622,3607
3623,3613
3624,3612
3625,3615
3626,3617
3627,3613
3628,3619
3629,3621
3630,3616
3631,3622
3632,3618
3633,3622
3634,3627
3635,3624
3636,3627
3637,3624
3638,3625
3639,3628
3640,3625
3641,3630
3642,3629
3643,3630
3644,3632
3645,3629
3646,3635
3647,3634
3648,3633
3649,3641
3650,3639
3651,3641
3652,3638
3653,3637
3654,3640
3655,3640
3656,3646
3657,3645
3658,3646
3659,3650
3660,3650
3661,3650
3662,3653
3663,3651
3664,3650
3665,3656
3666,3651
3667,3658
3668,3654
3669,3660
3670,3656
3671,3656
3672,3666
3673,3662
3674,3663
3675,3667
3676,3664
3677,3664
3678,3664
3679,3665
3680,3669
3681,3667
3682,3673
3683,3673
3684,3675
3685,3671
3686,3672
3687,3675
3688,3674
3689,3678
3690,3681
3691,3679
3692,3684
3693,3684
3694,3680
3695,3683
3696,3685
3697,3686
3698,3689
3699,3684
3700,3689
3701,3690
3702,3687
3703,3693
3704,3693
3705,3697
3706,3692
3707,3692
3708,3698
3709,3695
3710,3702
3711,3698
3712,3700
3713,3702
3714,3704
3715,3702
3716,3702
3717,3704
3718,3710
3719,3704
3720,3711
3721,3710
3722,3708
3723,3714
3724,3712
3725,3716
3726,3712
3727,3718
3728,3720
3729,3718
3730,3720
3731,3721
3732,3718
3733,3722
3734,3722
3735,3723
3736,3726
3737,3722
3738,3725
3739,3723
3740,3729
3741,3732
3742,3731
3743,3735
3744,3734
3745,3730
3746,3734
3747,3731
3748,3734
3749,3736
3750,3738
3751,3738
3752,3737
3753,3742
3754,3742
3755,3742
3756,3746
3757,3740
3758,3747
3759,3748
3760,3744
3761,3749
3762,3749
3763,3750
3764,3751
3765,3755
3766,3757
3767,3752
3768,3756
3769,3756
3770,3758
3771,3760
3772,3760
3773,3759
3774,3763
3775,3763
3776,3769
3777,3762
3778,3764
3779,3766
3780,3768
3781,3774
3782,3771
3783,3771
3784,3773
3785,3772
3786,3771
3787,3780
3788,3776
3789,3779
3790,3780
3791,3779
3792,3778
3793,3780
3794,3785
3795,3781
3796,3782
3797,3784
3798,3786
3799,3791
3800,3791
3801,3787
3802,3793
3803,3791
3804,3795
3805,3796
3806,3797
3807,3798
3808,3793
3809,3799
3810,3798
3811,3802
3812,3803
3813,3803
3814,3801
3815,3804
3816,3801
3817,3809
3818,3802
3819,3809
3820,3810
3821,3811
3822,3815
3823,3808
3824,3810
3825,3808
3826,3812
3827,3820
3828,3813
3829,3816
3830,3820
3831,3818
3832,3819
3833,3817
3834,3821
3835,3826
3836,3819
3837,3825
3838,3829
3839,3826
3840,3827
3841,3823
3842,3832
3843,3833
3844,3830
3845,3832
3846,3833
3847,3835
3848,3839
3849,3832
3850,3836
3851,3840
3852,3843
3853,3840
3854,3840
3855,3842
3856,3844
3857,3846
3858,3846
3859,3843
3860,3849
3861,3847
3862,3847
3863,3852
3864,3851
3865,3854
3866,3850
3867,3855
3868,3856
3869,3852
3870,3860
3871,3855
3872,3861
3873,3860
3874,3859
3875,3862
3876,3860
3877,3867
3878,3863
3879,3869
3880,3870
3881,3871
3882,3867
3883,3870
3884,3872
3885,3875
3886,3877
3887,3876
3888,3879
3889,3873
3890,3880
3891,3877
3892,3878
3893,3882
3894,3882
3895,3882
3896,3888
3897,3885
3898,3886
3899,3882
3900,3890
3901,3892
3902,3891
3903,3889
3904,3894
3905,3894
3906,3892
3907,3896
3908,3899
3909,3897
3910,3898
3911,3900
3912,3896
3913,3904
3914,3901
3915,3903
3916,3907
3917,3900
3918,3907
3919,3904
3920,3908
3921,3912
3922,3907
3923,3912
3924,3913
3925,3915
3926,3917
3927,3916
3928,3915
3929,3916
3930,3916
3931,3921
3932,3917
3933,3922
3934,3926
3935,3922
3936,3922
3937,3928
3938,3925
3939,3924
3940,3927
3941,3931
3942,3931
3943,3927
3944,3935
3945,3929
3946,3931
3947,3935
3948,3936
3949,3937
3950,3935
3951,3938
3952,3940
3953,3937
3954,3944
3955,3938
3956,3944
3957,3945
3958,3947
3959,3950
3960,3948
3961,3950
3962,3948
3963,3951
3964,3952
3965,3952
3966,3956
3967,3954
3968,3957
3969,3956
3970,3959
3971,3956
3972,3961
3973,3961
3974,3958
3975,3965
3976,3959
3977,3967
3978,3966
3979,3967
3980,3970
3981,3968
3982,3974
3983,3968
3984,3970
3985,3971
3986,3970
3987,3976
3988,3974
3989,3974
3990,3976
3991,3978
3992,3978
3993,3980
3994,3983
3995,3980
3996,3980
3997,3984
3998,3982
3999,3988
4000,3989
4001,3988
4002,3987
4003,3987
4004,3990
4005,3996
4006,3990
4007,3992
4008,3995
4009,3995
4010,3999
4011,4000
4012,3999
4013,3998
4014,4000
4015,4002
4016,3996
4017,4006
4018,4008
4019,4003
4020,4007
4021,4008
4022,4005
4023,4011
4024,4013
4025,4016
4026,4012
4027,4014
4028,4018
4029,4014
4030,4021
4031,4019
4032,4022
4033,4024
4034,4019
4035,4020
4036,4022
4037,4026
4038,4030
4039,4022
4040,4031
4041,4026
4042,4031
4043,4034
4044,4033
4045,4031
4046,4035
4047,4032
4048,4038
4049,4034
4050,4041
4051,4037
4052,4036
4053,4042
4054,4041
4055,4041
4056,4041
4057,4045
4058,4047
4059,4043
4060,4050
4061,4047
4062,4051
4063,4053
4064,4052
4065,4053
4066,4057
4067,4052
4068,4054
4069,4054
4070,4056
4071,4060
4072,4060
4073,4063
4074,4063
4075,4062
4076,4062
4077,4066
4078,4063
4079,4066
4080,4063
4081,4068
4082,4068
4083,4071
4084,4071
4085,4072
4086,4072
4087,4074
4088,4073
4089,4073
4090,4075
4091,4074
4092,4077
4093,4073
4094,4076
4095,4073
