0,6
1,6
2,4
3,7
4,6
5,6
6,8
7,7
8,10
9,9
10,11
11,14
12,10
13,14
14,16
15,16
16,20
17,16
18,19
19,17
20,20
21,23
22,22
23,24
24,24
25,27
26,29
27,27
28,29
29,27
30,32
31,35
32,31
33,34
34,35
35,34
36,37
37,36
38,38
39,41
40,43
41,43
42,40
43,45
44,44
45,45
46,50
47,46
48,51
49,51
50,48
51,53
52,52
53,56
54,55
55,54
56,59
57,55
58,60
59,61
60,60
61,63
62,61
63,64
64,64
65,65
66,68
67,66
68,69
69,70
70,67
71,75
72,70
73,72
74,73
75,75
76,74
77,77
78,75
79,82
80,79
81,81
82,83
83,83
84,85
85,84
86,85
87,89
88,87
89,89
90,90
91,91
92,94
93,92
94,95
95,95
96,93
97,98
98,96
99,99
100,101
101,101
102,102
103,101
104,106
105,104
106,105
107,109
108,107
109,111
110,110
111,110
112,114
113,110
114,115
115,116
116,114
117,120
118,116
119,117
120,121
121,119
122,123
123,121
124,125
125,124
126,124
127,126
128,126
129,127
130,128
131,130
132,132
133,132
134,135
135,136
136,135
137,140
138,135
139,135
140,142
141,138
142,141
143,144
144,141
145,146
146,145
147,146
148,150
149,145
150,149
151,149
152,150
153,153
154,150
155,155
156,154
157,158
158,161
159,158
160,161
161,160
162,163
163,164
164,164
165,167
166,163
167,165
168,169
169,167
170,169
171,170
172,170
173,172
174,173
175,177
176,172
177,175
178,179
179,174
180,180
181,179
182,179
183,184
184,182
185,186
186,182
187,184
188,187
189,188
190,191
191,192
192,189
193,194
194,191
195,194
196,197
197,194
198,196
199,201
200,196
201,199
202,200
203,200
204,203
205,201
206,206
207,203
208,206
209,208
210,208
211,214
212,211
213,217
214,212
215,213
216,217
217,215
218,219
219,218
220,217
221,222
222,221
223,222
224,225
225,221
226,225
227,223
228,227
229,228
230,225
231,233
232,229
233,231
234,232
235,233
236,238
237,235
238,237
239,240
240,238
241,241
242,239
243,243
244,244
245,242
246,247
247,243
248,247
249,251
250,245
251,251
252,255
253,251
254,254
255,255
256,254
257,260
258,253
259,260
260,259
261,263
262,262
263,260
264,263
265,263
266,267
267,269
268,265
269,269
270,269
271,268
272,275
273,271
274,274
275,275
276,276
277,279
278,273
279,277
280,279
281,281
282,282
283,280
284,284
285,284
286,286
287,286
288,285
289,287
290,290
291,290
292,294
293,291
294,293
295,292
296,294
297,297
298,295
299,299
300,300
301,299
302,302
303,300
304,302
305,305
306,303
307,311
308,306
309,308
310,310
311,308
312,313
313,310
314,311
315,316
316,312
317,311
318,319
319,316
320,322
321,317
322,321
323,324
324,321
325,324
326,325
327,327
328,324
329,324
330,329
331,327
332,333
333,331
334,334
335,335
336,335
337,338
338,337
339,335
340,341
341,339
342,342
343,344
344,340
345,342
346,344
347,345
348,347
349,347
350,351
351,350
352,355
353,352
354,352
355,355
356,353
357,354
358,357
359,356
360,362
361,359
362,360
363,364
364,362
365,364
366,364
367,365
368,367
369,369
370,367
371,373
372,370
373,373
374,374
375,375
376,376
377,374
378,379
379,375
380,378
381,383
382,378
383,383
384,382
385,384
386,387
387,385
388,389
389,385
390,390
391,390
392,390
393,391
394,392
395,391
396,396
397,393
398,396
399,399
400,396
401,401
402,399
403,403
404,402
405,403
406,405
407,405
408,406
409,406
410,407
411,409
412,407
413,412
414,412
415,413
416,419
417,415
418,417
419,415
420,416
421,420
422,418
423,418
424,426
425,422
426,424
427,424
428,427
429,429
430,426
431,430
432,432
433,428
434,432
435,431
436,433
437,438
438,436
439,437
440,436
441,437
442,442
443,438
444,445
445,443
446,445
447,447
448,445
449,449
450,445
451,448
452,451
453,451
454,452
455,452
456,454
457,454
458,455
459,457
460,458
461,458
462,460
463,460
464,463
465,464
466,465
467,468
468,462
469,469
470,468
471,467
472,471
473,470
474,473
475,472
476,473
477,477
478,475
479,477
480,481
481,476
482,480
483,480
484,481
485,486
486,483
487,486
488,487
489,484
490,492
491,488
492,492
493,489
494,493
495,496
496,491
497,495
498,496
499,496
500,503
501,496
502,500
503,502
504,504
505,505
506,502
507,505
508,505
509,508
510,508
511,509
512,510
513,511
514,510
515,515
516,512
517,516
518,516
519,515
520,522
521,522
522,520
523,522
524,521
525,525
526,522
527,526
528,524
529,528
530,531
531,526
532,529
533,532
534,530
535,534
536,534
537,533
538,537
539,535
540,539
541,542
542,540
543,543
544,543
545,544
546,544
547,543
548,548
549,546
550,548
551,552
552,551
553,554
554,552
555,555
556,556
557,553
558,556
559,556
560,557
561,559
562,558
563,562
564,560
565,565
566,564
567,565
568,568
569,564
570,566
571,569
572,568
573,573
574,570
575,574
576,576
577,573
578,577
579,576
580,579
581,581
582,576
583,583
584,583
585,581
586,587
587,583
588,588
589,588
590,586
591,592
592,587
593,593
594,592
595,593
596,594
597,594
598,596
599,597
600,598
601,604
602,598
603,599
604,602
605,601
606,604
607,606
608,602
609,609
610,607
611,611
612,608
613,610
614,612
615,610
616,613
617,616
618,615
619,620
620,616
621,621
622,617
623,621
624,624
625,622
626,623
627,627
628,626
629,630
630,627
631,630
632,629
633,631
634,633
635,631
636,636
637,635
638,633
639,639
640,636
641,642
642,641
643,639
644,643
645,641
646,642
647,647
648,646
649,649
650,647
651,649
652,652
653,649
654,654
655,656
656,652
657,656
658,655
659,655
660,661
661,658
662,659
663,662
664,660
665,663
666,664
667,665
668,664
669,666
670,668
671,668
672,672
673,671
674,671
675,674
676,670
677,674
678,676
679,675
680,678
681,676
682,679
683,681
684,683
685,686
686,683
687,685
688,684
689,684
690,688
691,688
692,689
693,689
694,692
695,694
696,692
697,697
698,695
699,694
700,699
701,695
702,699
703,701
704,700
705,707
706,702
707,706
708,707
709,706
710,707
711,709
712,709
713,712
714,710
715,714
716,712
717,710
718,718
719,716
720,719
721,717
722,718
723,723
724,721
725,724
726,725
727,725
728,726
729,725
730,727
731,728
732,729
733,733
734,730
735,733
736,733
737,733
738,735
739,735
740,740
741,738
742,739
743,742
744,738
745,741
746,746
747,744
748,746
749,747
750,750
751,748
752,747
753,754
754,749
755,751
756,753
757,754
758,757
759,758
760,761
761,760
762,759
763,761
764,763
765,763
766,767
767,763
768,765
769,767
770,770
771,773
772,771
773,773
774,777
775,771
776,777
777,777
778,776
779,778
780,777
781,780
782,780
783,782
784,782
785,781
786,784
787,783
788,787
789,788
790,789
791,791
792,789
793,789
794,795
795,790
796,794
797,793
798,796
799,798
800,799
801,801
802,801
803,801
804,803
805,803
806,806
807,805
808,804
809,809
810,805
811,809
812,810
813,808
814,814
815,813
816,816
817,817
818,813
819,817
820,815
821,816
822,821
823,820
824,823
825,823
826,821
827,828
828,825
829,827
830,827
831,828
832,829
833,829
834,832
835,833
836,831
837,838
838,834
839,838
840,840
841,838
842,841
843,838
844,842
845,846
846,843
847,846
848,846
849,848
850,849
851,847
852,851
853,850
854,852
855,856
856,854
857,858
858,855
859,857
860,859
861,857
862,863
863,862
864,861
865,865
866,860
867,865
868,866
869,865
870,872
871,868
872,871
873,872
874,872
875,877
876,872
877,876
878,881
879,877
880,878
881,878
882,882
883,884
884,879
885,885
886,883
887,886
888,886
889,886
890,891
891,887
892,888
893,892
894,892
895,896
896,893
897,896
898,899
899,896
900,900
901,898
902,898
903,904
904,899
905,906
906,906
907,905
908,908
909,907
910,910
911,909
912,912
913,913
914,912
915,912
916,914
917,911
918,921
919,915
920,920
921,920
922,921
923,922
924,921
925,923
926,924
927,922
928,926
929,926
930,928
931,929
932,930
933,932
934,931
935,931
936,936
937,933
938,938
939,942
940,937
941,941
942,938
943,941
944,945
945,942
946,944
947,944
948,945
949,950
950,946
951,952
952,951
953,952
954,954
955,950
956,955
957,953
958,955
959,960
960,956
961,960
962,959
963,962
964,963
965,961
966,966
967,966
968,967
969,970
970,966
971,970
972,970
973,973
974,975
975,971
976,975
977,975
978,978
979,980
980,978
981,980
982,978
983,982
984,982
985,981
986,986
987,984
988,985
989,990
990,986
991,991
992,992
993,987
994,994
995,992
996,995
997,999
998,997
999,1000
1000,999
1001,999
1002,1001
1003,1001
1004,1003
1005,1005
1006,1004
1007,1008
1008,1005
1009,1008
1010,1008
1011,1011
1012,1014
1013,1009
1014,1015
1015,1013
1016,1012
1017,1018
1018,1017
1019,1019
1020,1021
1021,1020
1022,1024
1023,1022
1024,1024
1025,1023
1026,1026
1027,1027
1028,1028
1029,1029
1030,1030
1031,1027
1032,1032
1033,1029
1034,1033
1035,1035
1036,1033
1037,1037
1038,1035
1039,1040
1040,1039
1041,1038
1042,1044
1043,1046
1044,1039
1045,1047
1046,1046
1047,1047
1048,1046
1049,1048
1050,1049
1051,1048
1052,1050
1053,1052
1054,1054
1055,1056
1056,1055
1057,1057
1058,1059
1059,1058
1060,1062
1061,1058
1062,1061
1063,1064
1064,1061
1065,1066
1066,1065
1067,1065
1068,1068
1069,1067
1070,1068
1071,1070
1072,1071
1073,1073
1074,1069
1075,1076
1076,1074
1077,1075
1078,1077
1079,1076
1080,1077
1081,1081
1082,1082
1083,1085
1084,1080
1085,1085
1086,1083
1087,1083
1088,1088
1089,1088
1090,1087
1091,1091
1092,1090
1093,1093
1094,1094
1095,1094
1096,1098
1097,1094
1098,1097
1099,1096
1100,1099
1101,1102
1102,1099
1103,1103
1104,1101
1105,1101
1106,1108
1107,1104
1108,1111
1109,1110
1110,1108
1111,1114
1112,1107
1113,1112
1114,1115
1115,1112
1116,1119
1117,1114
1118,1120
1119,1117
1120,1118
1121,1122
1122,1120
1123,1121
1124,1124
1125,1122
1126,1128
1127,1123
1128,1127
1129,1127
1130,1125
1131,1133
1132,1127
1133,1132
1134,1135
1135,1132
1136,1134
1137,1138
1138,1134
1139,1142
1140,1140
1141,1141
1142,1143
1143,1141
1144,1145
1145,1143
1146,1147
1147,1148
1148,1144
1149,1148
1150,1147
1151,1151
1152,1152
1153,1151
1154,1155
1155,1155
1156,1153
1157,1157
1158,1156
1159,1159
1160,1159
1161,1158
1162,1160
1163,1158
1164,1163
1165,1162
1166,1166
1167,1168
1168,1163
1169,1168
1170,1169
1171,1169
1172,1172
1173,1170
1174,1175
1175,1173
1176,1173
1177,1177
1178,1175
1179,1178
1180,1180
1181,1180
1182,1180
1183,1182
1184,1180
1185,1186
1186,1183
1187,1185
1188,1186
1189,1185
1190,1190
1191,1188
1192,1193
1193,1191
1194,1192
1195,1195
1196,1192
1197,1197
1198,1195
1199,1195
1200,1201
1201,1196
1202,1200
1203,1200
1204,1201
1205,1204
1206,1202
1207,1206
1208,1205
1209,1208
1210,1211
1211,1209
1212,1212
1213,1210
1214,1210
1215,1214
1216,1213
1217,1217
1218,1218
1219,1213
1220,1219
1221,1217
1222,1221
1223,1221
1224,1219
1225,1224
1226,1224
1227,1223
1228,1226
1229,1227
1230,1228
1231,1232
1232,1229
1233,1232
1234,1230
1235,1233
1236,1236
1237,1231
1238,1238
1239,1235
1240,1239
1241,1243
1242,1240
1243,1242
1244,1240
1245,1243
1246,1245
1247,1243
1248,1248
1249,1247
1250,1249
1251,1251
1252,1247
1253,1250
1254,1253
1255,1253
1256,1255
1257,1251
1258,1257
1259,1256
1260,1258
1261,1261
1262,1257
1263,1263
1264,1263
1265,1261
1266,1267
1267,1262
1268,1266
1269,1265
1270,1269
1271,1270
1272,1269
1273,1270
1274,1274
1275,1270
1276,1275
1277,1274
1278,1275
1279,1280
1280,1276
1281,1280
1282,1278
1283,1280
1284,1282
1285,1282
1286,1285
1287,1284
1288,1282
1289,1287
1290,1287
1291,1291
1292,1289
1293,1291
1294,1293
1295,1290
1296,1295
1297,1293
1298,1292
1299,1300
1300,1298
1301,1300
1302,1301
1303,1300
1304,1303
1305,1300
1306,1303
1307,1303
1308,1303
1309,1310
1310,1306
1311,1312
1312,1308
1313,1308
1314,1313
1315,1309
1316,1316
1317,1316
1318,1311
1319,1316
1320,1319
1321,1316
1322,1319
1323,1320
1324,1322
1325,1325
1326,1319
1327,1327
1328,1326
1329,1325
1330,1331
1331,1325
1332,1331
1333,1330
1334,1332
1335,1334
1336,1334
1337,1335
1338,1333
1339,1339
1340,1338
1341,1338
1342,1341
1343,1339
1344,1340
1345,1344
1346,1340
1347,1345
1348,1345
1349,1348
1350,1347
1351,1345
1352,1348
1353,1351
1354,1351
1355,1355
1356,1349
1357,1354
1358,1356
1359,1358
1360,1361
1361,1357
1362,1362
1363,1358
1364,1363
1365,1364
1366,1364
1367,1364
1368,1366
1369,1365
1370,1369
1371,1368
1372,1368
1373,1373
1374,1370
1375,1372
1376,1374
1377,1375
1378,1378
1379,1379
1380,1378
1381,1378
1382,1380
1383,1383
1384,1381
1385,1381
1386,1384
1387,1384
1388,1389
1389,1384
1390,1386
1391,1387
1392,1387
1393,1391
1394,1389
1395,1392
1396,1395
1397,1394
1398,1399
1399,1397
1400,1398
1401,1399
1402,1397
1403,1400
1404,1401
1405,1398
1406,1405
1407,1404
1408,1407
1409,1406
1410,1409
1411,1407
1412,1406
1413,1410
1414,1409
1415,1414
1416,1413
1417,1414
1418,1416
1419,1415
1420,1417
1421,1417
1422,1419
1423,1421
1424,1421
1425,1422
1426,1421
1427,1424
1428,1424
1429,1423
1430,1428
1431,1428
1432,1428
1433,1432
1434,1429
1435,1432
1436,1433
1437,1437
1438,1436
1439,1434
1440,1438
1441,1437
1442,1439
1443,1441
1444,1439
1445,1445
1446,1442
1447,1443
1448,1445
1449,1443
1450,1447
1451,1446
1452,1447
1453,1450
1454,1448
1455,1453
1456,1454
1457,1455
1458,1459
1459,1453
1460,1458
1461,1461
1462,1457
1463,1460
1464,1462
1465,1461
1466,1467
1467,1463
1468,1463
1469,1467
1470,1466
1471,1468
1472,1465
1473,1469
1474,1470
1475,1469
1476,1476
1477,1473
1478,1475
1479,1473
1480,1476
1481,1482
1482,1475
1483,1479
1484,1480
1485,1480
1486,1485
1487,1481
1488,1484
1489,1483
1490,1483
1491,1490
1492,1488
1493,1491
1494,1489
1495,1489
1496,1494
1497,1490
1498,1496
1499,1495
1500,1494
1501,1498
1502,1497
1503,1498
1504,1499
1505,1498
1506,1502
1507,1505
1508,1502
1509,1505
1510,1506
1511,1507
1512,1510
1513,1509
1514,1512
1515,1510
1516,1513
1517,1514
1518,1515
1519,1520
1520,1516
1521,1519
1522,1519
1523,1517
1524,1522
1525,1519
1526,1525
1527,1525
1528,1522
1529,1530
1530,1527
1531,1526
1532,1529
1533,1526
1534,1533
1535,1532
1536,1535
1537,1536
1538,1532
1539,1539
1540,1538
1541,1538
1542,1543
1543,1536
1544,1540
1545,1542
1546,1542
1547,1546
1548,1543
1549,1546
1550,1544
1551,1548
1552,1551
1553,1549
1554,1550
1555,1553
1556,1552
1557,1557
1558,1556
1559,1555
1560,1560
1561,1557
1562,1558
1563,1561
1564,1557
1565,1563
1566,1560
1567,1565
1568,1563
1569,1565
1570,1571
1571,1563
1572,1571
1573,1568
1574,1572
1575,1576
1576,1572
1577,1574
1578,1574
1579,1573
1580,1578
1581,1578
1582,1578
1583,1578
1584,1579
1585,1584
1586,1580
1587,1582
1588,1584
1589,1584
1590,1590
1591,1587
1592,1590
1593,1589
1594,1591
1595,1592
1596,1589
1597,1594
1598,1596
1599,1593
1600,1596
1601,1599
1602,1594
1603,1601
1604,1600
1605,1603
1606,1605
1607,1602
1608,1607
1609,1603
1610,1608
1611,1607
1612,1606
1613,1611
1614,1611
1615,1612
1616,1615
1617,1613
1618,1617
1619,1613
1620,1617
1621,1619
1622,1617
1623,1621
1624,1619
1625,1621
1626,1625
1627,1620
1628,1625
1629,1622
1630,1624
1631,1629
1632,1625
1633,1627
1634,1629
1635,1630
1636,1635
1637,1632
1638,1636
1639,1636
1640,1634
1641,1640
1642,1636
1643,1642
1644,1640
1645,1641
1646,1643
1647,1641
1648,1645
1649,1647
1650,1646
1651,1651
1652,1647
1653,1647
1654,1650
1655,1650
1656,1653
1657,1651
1658,1653
1659,1657
1660,1653
1661,1656
1662,1660
1663,1658
1664,1664
1665,1658
1666,1663
1667,1662
1668,1663
1669,1667
1670,1663
1671,1667
1672,1669
1673,1669
1674,1670
1675,1669
1676,1671
1677,1672
1678,1671
1679,1676
1680,1674
1681,1678
1682,1679
1683,1679
1684,1680
1685,1678
1686,1681
1687,1683
1688,1681
1689,1685
1690,1685
1691,1689
1692,1689
1693,1688
1694,1690
1695,1692
1696,1693
1697,1696
1698,1690
1699,1695
1700,1697
1701,1694
1702,1699
1703,1697
1704,1697
1705,1699
1706,1699
1707,1703
1708,1702
1709,1706
1710,1703
1711,1704
1712,1707
1713,1707
1714,1711
1715,1711
1716,1710
1717,1714
1718,1710
1719,1713
1720,1715
1721,1715
1722,1719
1723,1719
1724,1721
1725,1723
1726,1719
1727,1725
1728,1721
1729,1724
1730,1727
1731,1726
1732,1729
1733,1730
1734,1728
1735,1733
1736,1729
1737,1734
1738,1733
1739,1734
1740,1738
1741,1735
1742,1739
1743,1741
1744,1737
1745,1746
1746,1740
1747,1741
1748,1744
1749,1743
1750,1748
1751,1748
1752,1747
1753,1752
1754,1751
1755,1751
1756,1753
1757,1754
1758,1754
1759,1750
1760,1758
1761,1757
1762,1757
1763,1759
1764,1757
1765,1761
1766,1759
1767,1762
1768,1768
1769,1762
1770,1767
1771,1765
1772,1769
1773,1770
1774,1770
1775,1770
1776,1773
1777,1771
1778,1775
1779,1771
1780,1775
1781,1776
1782,1776
1783,1780
1784,1778
1785,1779
1786,1782
1787,1780
1788,1786
1789,1787
1790,1783
1791,1786
1792,1785
1793,1790
1794,1786
1795,1790
1796,1793
1797,1789
1798,1793
1799,1793
1800,1794
1801,1798
1802,1796
1803,1799
1804,1800
1805,1801
1806,1803
1807,1799
1808,1807
1809,1803
1810,1806
1811,1810
1812,1805
1813,1812
1814,1809
1815,1808
1816,1813
1817,1813
1818,1812
1819,1816
1820,1816
1821,1818
1822,1814
1823,1817
1824,1819
1825,1819
1826,1824
1827,1819
1828,1823
1829,1828
1830,1826
1831,1825
1832,1828
1833,1827
1834,1829
1835,1829
1836,1832
1837,1835
1838,1834
1839,1835
1840,1834
1841,1836
1842,1839
1843,1838
1844,1840
1845,1840
1846,1841
1847,1842
1848,1841
1849,1845
1850,1846
1851,1848
1852,1850
1853,1846
1854,1849
1855,1852
1856,1850
1857,1853
1858,1850
1859,1854
1860,1855
1861,1854
1862,1859
1863,1856
1864,1861
1865,1860
1866,1862
1867,1867
1868,1862
1869,1866
1870,1863
1871,1867
1872,1868
1873,1865
1874,1869
1875,1868
1876,1872
1877,1874
1878,1871
1879,1872
1880,1880
1881,1871
1882,1879
1883,1878
1884,1879
1885,1883
1886,1878
1887,1882
1888,1883
1889,1884
1890,1888
1891,1882
1892,1889
1893,1888
1894,1889
1895,1892
1896,1889
1897,1892
1898,1896
1899,1894
1900,1899
1901,1895
1902,1896
1903,1898
1904,1895
1905,1903
1906,1902
1907,1903
1908,1903
1909,1901
1910,1908
1911,1904
1912,1909
1913,1908
1914,1907
1915,1914
1916,1909
1917,1913
1918,1916
1919,1913
1920,1917
1921,1916
1922,1917
1923,1919
1924,1917
1925,1920
1926,1922
1927,1919
1928,1926
1929,1922
1930,1928
1931,1928
1932,1924
1933,1930
1934,1929
1935,1931
1936,1931
1937,1929
1938,1932
1939,1936
1940,1934
1941,1937
1942,1935
1943,1940
1944,1939
1945,1940
1946,1944
1947,1941
1948,1946
1949,1943
1950,1943
1951,1946
1952,1945
1953,1948
1954,1949
1955,1949
1956,1952
1957,1952
1958,1953
1959,1955
1960,1951
1961,1958
1962,1954
1963,1960
1964,1957
1965,1961
1966,1961
1967,1960
1968,1963
1969,1965
1970,1964
1971,1968
1972,1967
1973,1965
1974,1969
1975,1967
1976,1970
1977,1973
1978,1973
1979,1977
1980,1974
1981,1976
1982,1978
1983,1977
1984,1979
1985,1979
1986,1979
1987,1981
1988,1980
1989,1987
1990,1983
1991,1988
1992,1988
1993,1985
1994,1987
1995,1990
1996,1989
1997,1992
1998,1989
1999,1995
2000,1992
2001,1995
2002,1995
2003,1996
2004,2002
2005,2001
2006,2003
2007,2001
2008,2002
2009,2004
2010,2005
2011,2006
2012,2011
2013,2009
2014,2012
2015,2006
2016,2014
2017,2014
2018,2014
2019,2015
2020,2017
2021,2015
2022,2020
2023,2021
2024,2021
2025,2022
2026,2018
2027,2026
2028,2024
2029,2026
2030,2026
2031,2024
2032,2029
2033,2026
2034,2029
2035,2034
2036,2031
2037,2035
2038,2033
2039,2034
2040,2039
2041,2037
2042,2040
2043,2037
2044,2042
2045,2041
2046,2037
2047,2042
2048,2042
2049,2044
2050,2049
2051,2046
2052,2050
2053,2047
2054,2050
2055,2052
2056,2048
2057,2055
2058,2054
2059,2054
2060,2056
2061,2058
2062,2060
2063,2057
2064,2058
2065,2063
2066,2061
2067,2062
2068,2067
2069,2063
2070,2068
2071,2068
2072,2066
2073,2071
2074,2070
2075,2070
2076,2073
2077,2072
2078,2074
2079,2074
2080,2077
2081,2075
2082,2078
2083,2079
2084,2075
2085,2081
2086,2081
2087,2078
2088,2085
2089,2083
2090,2084
2091,2088
2092,2087
2093,2089
2094,2088
2095,2093
2096,2092
2097,2090
2098,2093
2099,2093
2100,2096
2101,2097
2102,2097
2103,2100
2104,2097
2105,2102
2106,2105
2107,2100
2108,2106
2109,2103
2110,2107
2111,2108
2112,2107
2113,2108
2114,2112
2115,2107
2116,2112
2117,2112
2118,2114
2119,2115
2120,2111
2121,2116
2122,2117
2123,2118
2124,2119
2125,2117
2126,2122
2127,2120
2128,2125
2129,2124
2130,2124
2131,2126
2132,2129
2133,2129
2134,2130
2135,2128
2136,2133
2137,2129
2138,2134
2139,2134
2140,2135
2141,2137
2142,2135
2143,2134
2144,2140
2145,2139
2146,2143
2147,2142
2148,2143
2149,2146
2150,2143
2151,2147
2152,2150
2153,2148
2154,2150
2155,2149
2156,2155
2157,2155
2158,2150
2159,2154
2160,2154
2161,2154
2162,2158
2163,2156
2164,2159
2165,2159
2166,2157
2167,2161
2168,2162
2169,2164
2170,2161
2171,2166
2172,2168
2173,2166
2174,2170
2175,2169
2176,2168
2177,2174
2178,2170
2179,2175
2180,2173
2181,2173
2182,2180
2183,2175
2184,2179
2185,2179
2186,2179
2187,2183
2188,2181
2189,2183
2190,2183
2191,2182
2192,2189
2193,2188
2194,2191
2195,2193
2196,2190
2197,2194
2198,2190
2199,2194
2200,2195
2201,2193
2202,2199
2203,2198
2204,2196
2205,2199
2206,2198
2207,2202
2208,2205
2209,2204
2210,2205
2211,2203
2212,2206
2213,2209
2214,2207
2215,2210
2216,2210
2217,2211
2218,2212
2219,2211
2220,2217
2221,2213
2222,2215
2223,2220
2224,2218
2225,2220
2226,2219
2227,2221
2228,2224
2229,2222
2230,2227
2231,2222
2232,2227
2233,2229
2234,2228
2235,2232
2236,2231
2237,2233
2238,2237
2239,2234
2240,2234
2241,2233
2242,2239
2243,2238
2244,2235
2245,2242
2246,2241
2247,2240
2248,2242
2249,2243
2250,2244
2251,2247
2252,2243
2253,2246
2254,2250
2255,2247
2256,2254
2257,2251
2258,2254
2259,2255
2260,2253
2261,2257
2262,2255
2263,2260
2264,2260
2265,2258
2266,2261
2267,2261
2268,2261
2269,2265
2270,2264
2271,2267
2272,2266
2273,2267
2274,2269
2275,2268
2276,2273
2277,2271
2278,2271
2279,2275
2280,2272
2281,2276
2282,2277
2283,2280
2284,2282
2285,2281
2286,2281
2287,2280
2288,2283
2289,2287
2290,2284
2291,2289
2292,2287
2293,2289
2294,2292
2295,2290
2296,2293
2297,2295
2298,2291
2299,2298
2300,2293
2301,2296
2302,2299
2303,2297
2304,2299
2305,2297
2306,2302
2307,2301
2308,2303
2309,2305
2310,2301
2311,2307
2312,2308
2313,2305
2314,2308
2315,2310
2316,2311
2317,2315
2318,2313
2319,2316
2320,2316
2321,2317
2322,2320
2323,2318
2324,2318
2325,2317
2326,2318
2327,2321
2328,2322
2329,2325
2330,2324
2331,2325
2332,2330
2333,2327
2334,2329
2335,2329
2336,2331
2337,2332
2338,2331
2339,2333
2340,2333
2341,2336
2342,2340
2343,2339
2344,2339
2345,2341
2346,2341
2347,2345
2348,2343
2349,2343
2350,2347
2351,2346
2352,2349
2353,2350
2354,2347
2355,2349
2356,2349
2357,2355
2358,2355
2359,2354
2360,2358
2361,2352
2362,2358
2363,2356
2364,2356
2365,2364
2366,2359
2367,2363
2368,2364
2369,2361
2370,2369
2371,2365
2372,2365
2373,2368
2374,2369
2375,2370
2376,2368
2377,2374
2378,2374
2379,2370
2380,2376
2381,2374
2382,2375
2383,2380
2384,2379
2385,2382
2386,2380
2387,2380
2388,2383
2389,2383
2390,2385
2391,2387
2392,2386
2393,2387
2394,2388
2395,2390
2396,2389
2397,2393
2398,2393
2399,2392
2400,2393
2401,2393
2402,2396
2403,2396
2404,2398
2405,2403
2406,2399
2407,2403
2408,2403
2409,2403
2410,2406
2411,2401
2412,2408
2413,2408
2414,2405
2415,2410
2416,2410
2417,2413
2418,2411
2419,2412
2420,2416
2421,2413
2422,2417
2423,2417
2424,2417
2425,2421
2426,2418
2427,2419
2428,2419
2429,2425
2430,2424
2431,2424
2432,2428
2433,2428
2434,2428
2435,2430
2436,2423
2437,2430
2438,2434
2439,2433
2440,2437
2441,2433
2442,2435
2443,2439
2444,2438
2445,2440
2446,2438
2447,2441
2448,2444
2449,2444
2450,2446
2451,2444
2452,2449
2453,2450
2454,2443
2455,2450
2456,2450
2457,2449
2458,2454
2459,2453
2460,2455
2461,2457
2462,2453
2463,2457
2464,2453
2465,2457
2466,2460
2467,2461
2468,2465
2469,2459
2470,2464
2471,2463
2472,2463
2473,2466
2474,2464
2475,2468
2476,2469
2477,2471
2478,2475
2479,2469
2480,2472
2481,2475
2482,2471
2483,2476
2484,2479
2485,2476
2486,2481
2487,2481
2488,2480
2489,2484
2490,2482
2491,2488
2492,2485
2493,2485
2494,2488
2495,2490
2496,2493
2497,2489
2498,2491
2499,2495
2500,2494
2501,2496
2502,2491
2503,2494
2504,2500
2505,2497
2506,2499
2507,2500
2508,2504
2509,2502
2510,2503
2511,2507
2512,2502
2513,2507
2514,2509
2515,2504
2516,2510
2517,2510
2518,2511
2519,2513
2520,2511
2521,2516
2522,2512
2523,2515
2524,2518
2525,2513
2526,2518
2527,2521
2528,2521
2529,2524
2530,2524
2531,2521
2532,2525
2533,2521
2534,2526
2535,2527
2536,2527
2537,2531
2538,2528
2539,2533
2540,2534
2541,2534
2542,2539
2543,2534
2544,2539
2545,2539
2546,2538
2547,2540
2548,2537
2549,2546
2550,2541
2551,2544
2552,2548
2553,2543
2554,2549
2555,2547
2556,2547
2557,2552
2558,2548
2559,2555
2560,2551
2561,2554
2562,2554
2563,2553
2564,2556
2565,2556
2566,2557
2567,2564
2568,2558
2569,2562
2570,2562
2571,2560
2572,2565
2573,2562
2574,2567
2575,2569
2576,2565
2577,2569
2578,2570
2579,2569
2580,2571
2581,2573
2582,2576
2583,2575
2584,2575
2585,2582
2586,2577
2587,2579
2588,2583
2589,2577
2590,2581
2591,2585
2592,2583
2593,2586
2594,2583
2595,2589
2596,2585
2597,2593
2598,2592
2599,2591
2600,2596
2601,2592
2602,2596
2603,2600
2604,2594
2605,2602
2606,2596
2607,2601
2608,2602
2609,2601
2610,2605
2611,2603
2612,2604
2613,2609
2614,2606
2615,2608
2616,2607
2617,2612
2618,2614
2619,2610
2620,2616
2621,2612
2622,2616
2623,2617
2624,2619
2625,2612
2626,2617
2627,2620
2628,2624
2629,2621
2630,2621
2631,2623
2632,2625
2633,2626
2634,2624
2635,2626
2636,2632
2637,2628
2638,2631
2639,2632
2640,2633
2641,2637
2642,2631
2643,2635
2644,2634
2645,2635
2646,2643
2647,2635
2648,2640
2649,2642
2650,2642
2651,2642
2652,2640
2653,2644
2654,2649
2655,2646
2656,2648
2657,2647
2658,2654
2659,2651
2660,2649
2661,2654
2662,2654
2663,2658
2664,2656
2665,2657
2666,2657
2667,2655
2668,2659
2669,2660
2670,2658
2671,2661
2672,2663
2673,2663
2674,2665
2675,2666
2676,2667
2677,2672
2678,2667
2679,2671
2680,2672
2681,2673
2682,2674
2683,2675
2684,2680
2685,2678
2686,2679
2687,2681
2688,2681
2689,2680
2690,2680
2691,2682
2692,2687
2693,2686
2694,2686
2695,2682
2696,2690
2697,2691
2698,2689
2699,2691
2700,2691
2701,2692
2702,2696
2703,2694
2704,2696
2705,2696
2706,2700
2707,2698
2708,2700
2709,2703
2710,2702
2711,2703
2712,2704
2713,2702
2714,2705
2715,2708
2716,2710
2717,2709
2718,2712
2719,2708
2720,2714
2721,2710
2722,2712
2723,2713
2724,2713
2725,2717
2726,2713
2727,2722
2728,2717
2729,2722
2730,2724
2731,2722
2732,2726
2733,2722
2734,2729
2735,2730
2736,2724
2737,2727
2738,2731
2739,2732
2740,2734
2741,2728
2742,2734
2743,2736
2744,2737
2745,2737
2746,2738
2747,2737
2748,2741
2749,2741
2750,2745
2751,2742
2752,2743
2753,2747
2754,2748
2755,2746
2756,2747
2757,2750
2758,2745
2759,2750
2760,2753
2761,2751
2762,2753
2763,2757
2764,2757
2765,2758
2766,2757
2767,2760
2768,2765
2769,2762
2770,2763
2771,2761
2772,2762
2773,2764
2774,2763
2775,2769
2776,2767
2777,2769
2778,2769
2779,2771
2780,2770
2781,2774
2782,2770
2783,2777
2784,2776
2785,2779
2786,2780
2787,2776
2788,2782
2789,2779
2790,2784
2791,2785
2792,2782
2793,2789
2794,2784
2795,2788
2796,2789
2797,2785
2798,2789
2799,2791
2800,2791
2801,2796
2802,2792
2803,2796
2804,2797
2805,2795
2806,2799
2807,2799
2808,2799
2809,2803
2810,2799
2811,2803
2812,2800
2813,2808
2814,2806
2815,2808
2816,2813
2817,2805
2818,2809
2819,2815
2820,2809
2821,2814
2822,2813
2823,2816
2824,2816
2825,2813
2826,2817
2827,2818
2828,2818
2829,2821
2830,2817
2831,2823
2832,2821
2833,2823
2834,2827
2835,2825
2836,2829
2837,2826
2838,2831
2839,2832
2840,2831
2841,2831
2842,2831
2843,2833
2844,2837
2845,2837
2846,2841
2847,2837
2848,2838
2849,2843
2850,2840
2851,2844
2852,2844
2853,2842
2854,2845
2855,2848
2856,2848
2857,2852
2858,2847
2859,2852
2860,2851
2861,2849
2862,2854
2863,2855
2864,2857
2865,2856
2866,2853
2867,2858
2868,2857
2869,2861
2870,2860
2871,2863
2872,2864
2873,2861
2874,2868
2875,2866
2876,2864
2877,2869
2878,2867
2879,2871
2880,2873
2881,2871
2882,2876
2883,2872
2884,2875
2885,2875
2886,2877
2887,2882
2888,2878
2889,2882
2890,2883
2891,2882
2892,2887
2893,2882
2894,2884
2895,2885
2896,2886
2897,2887
2898,2889
2899,2888
2900,2894
2901,2893
2902,2890
2903,2897
2904,2896
2905,2900
2906,2899
2907,2900
2908,2901
2909,2895
2910,2898
2911,2903
2912,2900
2913,2904
2914,2904
2915,2910
2916,2906
2917,2911
2918,2913
2919,2911
2920,2910
2921,2916
2922,2911
2923,2914
2924,2913
2925,2916
2926,2917
2927,2916
2928,2919
2929,2919
2930,2920
2931,2921
2932,2923
2933,2926
2934,2920
2935,2928
2936,2925
2937,2925
2938,2929
2939,2929
2940,2935
2941,2932
2942,2931
2943,2936
2944,2933
2945,2939
2946,2939
2947,2939
2948,2942
2949,2939
2950,2941
2951,2946
2952,2943
2953,2943
2954,2944
2955,2946
2956,2949
2957,2944
2958,2949
2959,2953
2960,2948
2961,2954
2962,2953
2963,2954
2964,2956
2965,2956
2966,2957
2967,2957
2968,2961
2969,2960
2970,2962
2971,2963
2972,2960
2973,2966
2974,2964
2975,2964
2976,2969
2977,2968
2978,2968
2979,2972
2980,2971
2981,2973
2982,2973
2983,2972
2984,2977
2985,2973
2986,2978
2987,2975
2988,2978
2989,2981
2990,2977
2991,2984
2992,2980
2993,2984
2994,2988
2995,2984
2996,2985
2997,2990
2998,2989
2999,2989
3000,2991
3001,2990
3002,2993
3003,2990
3004,2998
3005,2994
3006,2996
3007,2998
3008,2995
3009,3002
3010,2997
3011,3001
3012,3002
3013,3002
3014,3005
3015,3004
3016,3008
3017,3009
3018,3005
3019,3011
3020,3009
3021,3011
3022,3013
3023,3014
3024,3018
3025,3016
3026,3014
3027,3017
3028,3019
3029,3027
3030,3022
3031,3019
3032,3023
3033,3023
3034,3026
3035,3026
3036,3027
3037,3031
3038,3029
3039,3030
3040,3028
3041,3029
3042,3031
3043,3037
3044,3031
3045,3037
3046,3037
3047,3037
3048,3041
3049,3038
3050,3041
3051,3042
3052,3043
3053,3046
3054,3045
3055,3046
3056,3045
3057,3048
3058,3048
3059,3049
3060,3053
3061,3051
3062,3053
3063,3056
3064,3055
3065,3059
3066,3053
3067,3059
3068,3062
3069,3058
3070,3063
3071,3062
3072,3062
3073,3065
3074,3065
3075,3066
3076,3068
3077,3070
3078,3067
3079,3069
3080,3073
3081,3070
3082,3071
3083,3077
3084,3073
3085,3079
3086,3075
3087,3080
3088,3083
3089,3077
3090,3083
3091,3082
3092,3080
3093,3087
3094,3087
3095,3086
3096,3090
3097,3087
3098,3092
3099,3087
3100,3093
3101,3096
3102,3091
3103,3096
3104,3096
3105,3094
3106,3100
3107,3097
3108,3101
3109,3098
3110,3099
3111,3102
3112,3102
3113,3104
3114,3102
3115,3106
3116,3107
3117,3105
3118,3112
3119,3111
3120,3111
3121,3112
3122,3110
3123,3117
3124,3117
3125,3115
3126,3117
3127,3116
3128,3121
3129,3125
3130,3122
3131,3121
3132,3119
3133,3123
3134,3125
3135,3123
3136,3127
3137,3126
3138,3124
3139,3130
3140,3130
3141,3134
3142,3131
3143,3133
3144,3136
3145,3136
3146,3139
3147,3136
3148,3137
3149,3140
3150,3139
3151,3142
3152,3142
3153,3143
3154,3148
3155,3142
3156,3145
3157,3150
3158,3145
3159,3151
3160,3147
3161,3153
3162,3154
3163,3151
3164,3156
3165,3153
3166,3158
3167,3159
3168,3155
3169,3160
3170,3160
3171,3164
3172,3165
3173,3161
3174,3167
3175,3165
3176,3165
3177,3167
3178,3165
3179,3169
3180,3171
3181,3173
3182,3170
3183,3174
3184,3171
3185,3176
3186,3179
3187,3179
3188,3183
3189,3179
3190,3180
3191,3182
3192,3184
3193,3186
3194,3180
3195,3188
3196,3189
3197,3184
3198,3188
3199,3187
3200,3189
3201,3189
3202,3191
3203,3193
3204,3193
3205,3195
3206,3195
3207,3198
3208,3202
3209,3195
3210,3199
3211,3199
3212,3201
3213,3204
3214,3201
3215,3205
3216,3209
3217,3206
3218,3211
3219,3209
3220,3208
3221,3214
3222,3211
3223,3217
3224,3210
3225,3215
3226,3215
3227,3215
3228,3219
3229,3219
3230,3219
3231,3220
3232,3222
3233,3220
3234,3225
3235,3227
3236,3227
3237,3223
3238,3228
3239,3231
3240,3229
3241,3232
3242,3229
3243,3233
3244,3236
3245,3230
3246,3237
3247,3238
3248,3237
3249,3239
3250,3236
3251,3240
3252,3242
3253,3247
3254,3247
3255,3243
3256,3245
3257,3247
3258,3246
3259,3250
3260,3247
3261,3254
3262,3251
3263,3255
3264,3258
3265,3253
3266,3257
3267,3257
3268,3256
3269,3263
3270,3260
3271,3264
3272,3261
3273,3262
3274,3264
3275,3265
3276,3267
3277,3269
3278,3267
3279,3269
3280,3271
3281,3272
3282,3275
3283,3271
3284,3276
3285,3278
3286,3275
3287,3282
3288,3278
3289,3280
3290,3278
3291,3279
3292,3282
3293,3283
3294,3287
3295,3286
3296,3287
3297,3291
3298,3288
3299,3288
3300,3290
3301,3287
3302,3296
3303,3290
3304,3297
3305,3294
3306,3293
3307,3298
3308,3299
3309,3299
3310,3301
3311,3300
3312,3304
3313,3301
3314,3303
3315,3308
3316,3308
3317,3310
3318,3309
3319,3310
3320,3309
3321,3311
3322,3309
3323,3317
3324,3315
3325,3316
3326,3312
3327,3318
3328,3321
3329,3317
3330,3319
3331,3319
3332,3323
3333,3322
3334,3324
3335,3327
3336,3324
3337,3327
3338,3330
3339,3326
3340,3329
3341,3331
3342,3335
3343,3335
3344,3330
3345,3334
3346,3333
3347,3339
3348,3340
3349,3339
3350,3342
3351,3342
3352,3340
3353,3344
3354,3344
3355,3344
3356,3343
3357,3349
3358,3351
3359,3346
3360,3352
3361,3351
3362,3350
3363,3352
3364,3351
3365,3357
3366,3353
3367,3356
3368,3357
3369,3357
3370,3358
3371,3361
3372,3360
3373,3364
3374,3366
3375,3365
3376,3368
3377,3365
3378,3367
3379,3367
3380,3367
3381,3372
3382,3369
3383,3376
3384,3371
3385,3372
3386,3380
3387,3374
3388,3383
3389,3379
3390,3375
3391,3383
3392,3382
3393,3384
3394,3384
3395,3387
3396,3385
3397,3386
3398,3389
3399,3390
3400,3391
3401,3393
3402,3390
3403,3392
3404,3395
3405,3392
3406,3399
3407,3394
3408,3401
3409,3399
3410,3397
3411,3404
3412,3399
3413,3403
3414,3407
3415,3406
3416,3405
3417,3405
3418,3404
3419,3411
3420,3407
3421,3409
3422,3415
3423,3408
3424,3416
3425,3416
3426,3417
3427,3417
3428,3414
3429,3421
3430,3417
3431,3422
3432,3423
3433,3421
3434,3425
3435,3425
3436,3427
3437,3430
3438,3424
3439,3428
3440,3429
3441,3431
3442,3433
3443,3431
3444,3432
3445,3435
3446,3437
3447,3437
3448,3436
3449,3441
3450,3441
3451,3441
3452,3444
3453,3440
3454,3445
3455,3442
3456,3446
3457,3450
3458,3448
3459,3448
3460,3450
3461,3447
3462,3453
3463,3454
3464,3453
3465,3455
3466,3452
3467,3455
3468,3459
3469,3459
3470,3460
3471,3457
3472,3460
3473,3460
3474,3458
3475,3467
3476,3463
3477,3469
3478,3469
3479,3463
3480,3471
3481,3467
3482,3469
3483,3472
3484,3471
3485,3477
3486,3471
3487,3477
3488,3475
3489,3474
3490,3478
3491,3478
3492,3481
3493,3480
3494,3480
3495,3488
3496,3481
3497,3484
3498,3489
3499,3488
3500,3493
3501,3487
3502,3490
3503,3491
3504,3490
3505,3497
3506,3496
3507,3494
3508,3496
3509,3496
3510,3503
3511,3501
3512,3498
3513,3503
3514,3499
3515,3505
3516,3506
3517,3502
3518,3508
3519,3506
3520,3507
3521,3509
3522,3512
3523,3513
3524,3513
3525,3513
3526,3515
3527,3513
3528,3520
3529,3517
3530,3516
3531,3520
3532,3521
3533,3524
3534,3524
3535,3525
3536,3525
3537,3526
3538,3530
3539,3526
3540,3531
3541,3534
3542,3527
3543,3535
3544,3533
3545,3534
3546,3539
3547,3536
3548,3538
3549,3537
3550,3541
3551,3541
3552,3541
3553,3542
3554,3545
3555,3542
3556,3545
3557,3546
3558,3547
3559,3552
3560,3546
3561,3549
3562,3550
3563,3553
3564,3554
3565,3550
3566,3553
3567,3558
3568,3559
3569,3558
3570,3555
3571,3562
3572,3558
3573,3558
3574,3564
3575,3563
3576,3567
3577,3563
3578,3567
3579,3569
3580,3568
3581,3571
3582,3570
3583,3570
3584,3574
3585,3573
3586,3574
3587,3577
3588,3577
3589,3578
3590,3575
3591,3581
3592,3581
3593,3582
3594,3584
3595,3580
3596,3585
3597,3585
3598,3587
3599,3591
3600,3590
3601,3590
3602,3595
3603,3591
3604,3592
3605,3592
3606,3594
3607,3595
3608,3595
3609,3597
3610,3598
3611,3599
3612,3605
3613,3602
3614,3602
3615,3603
3616,3603
3617,3605
3618,3605
3619,3608
3620,3613
3621,3606
3622,3612
3623,3609
3624,3614
3625,3613
3626,3612
3627,3616
3628,3618
3629,3615
3630,3622
3631,3615
3632,3622
3633,3623
3634,3622
3635,3625
3636,3625
3637,3625
3638,3625
3639,3630
3640,3629
3641,3626
3642,3630
3643,3629
3644,3631
3645,3634
3646,3632
3647,3637
3648,3638
3649,3638
3650,3639
3651,3639
3652,3638
3653,3641
3654,3640
3655,3646
3656,3646
3657,3646
3658,3647
3659,3645
3660,3651
3661,3651
3662,3648
3663,3655
3664,3650
3665,3656
3666,3654
3667,3656
3668,3661
3669,3657
3670,3657
3671,3663
3672,3659
3673,3669
3674,3664
3675,3667
3676,3662
3677,3662
3678,3667
3679,3664
3680,3671
3681,3667
3682,3670
3683,3671
3684,3670
3685,3674
3686,3674
3687,3673
3688,3680
3689,3674
3690,3679
3691,3678
3692,3678
3693,3680
3694,3685
3695,3682
3696,3687
3697,3683
3698,3690
3699,3688
3700,3684
3701,3693
3702,3689
3703,3691
3704,3694
3705,3695
3706,3693
3707,3695
3708,3697
3709,3700
3710,3695
3711,3701
3712,3697
3713,3701
3714,3704
3715,3701
3716,3704
3717,3704
3718,3709
3719,3707
3720,3705
3721,3711
3722,3709
3723,3709
3724,3713
3725,3712
3726,3714
3727,3712
3728,3714
3729,3716
3730,3715
3731,3717
3732,3717
3733,3719
3734,3723
3735,3723
3736,3725
3737,3726
3738,3725
3739,3727
3740,3728
3741,3730
3742,3733
3743,3727
3744,3731
3745,3733
3746,3730
3747,3736
3748,3736
3749,3737
3750,3741
3751,3740
3752,3743
3753,3737
3754,3742
3755,3743
3756,3741
3757,3748
3758,3743
3759,3749
3760,3745
3761,3745
3762,3754
3763,3748
3764,3752
3765,3753
3766,3753
3767,3756
3768,3756
3769,3757
3770,3761
3771,3759
3772,3765
3773,3758
3774,3765
3775,3762
3776,3763
3777,3765
3778,3763
3779,3769
3780,3768
3781,3766
3782,3774
3783,3771
3784,3773
3785,3772
3786,3775
3787,3776
3788,3775
3789,3774
3790,3781
3791,3780
3792,3781
3793,3783
3794,3781
3795,3787
3796,3785
3797,3785
3798,3785
3799,3786
3800,3789
3801,3789
3802,3788
3803,3794
3804,3788
3805,3796
3806,3791
3807,3796
3808,3798
3809,3795
3810,3799
3811,3798
3812,3800
3813,3803
3814,3803
3815,3805
3816,3804
3817,3806
3818,3807
3819,3806
3820,3810
3821,3807
3822,3812
3823,3811
3824,3811
3825,3816
3826,3813
3827,3817
3828,3815
3829,3817
3830,3817
3831,3820
3832,3822
3833,3821
3834,3821
3835,3822
3836,3824
3837,3821
3838,3825
3839,3828
3840,3829
3841,3831
3842,3830
3843,3832
3844,3833
3845,3832
3846,3834
3847,3833
3848,3838
3849,3837
3850,3836
3851,3840
3852,3838
3853,3840
3854,3845
3855,3840
3856,3847
3857,3845
3858,3845
3859,3847
3860,3844
3861,3852
3862,3848
3863,3850
3864,3851
3865,3850
3866,3855
3867,3855
3868,3855
3869,3858
3870,3858
3871,3860
3872,3857
3873,3861
3874,3864
3875,3860
3876,3866
3877,3861
3878,3868
3879,3866
3880,3868
3881,3869
3882,3869
3883,3867
3884,3875
3885,3870
3886,3873
3887,3874
3888,3874
3889,3880
3890,3875
3891,3877
3892,3880
3893,3876
3894,3882
3895,3880
3896,3883
3897,3885
3898,3885
3899,3889
3900,3885
3901,3890
3902,3893
3903,3890
3904,3891
3905,3890
3906,3892
3907,3897
3908,3894
3909,3896
3910,3897
3911,3898
3912,3901
3913,3899
3914,3901
3915,3901
3916,3905
3917,3909
3918,3906
3919,3909
3920,3909
3921,3909
3922,3912
3923,3910
3924,3912
3925,3911
3926,3909
3927,3916
3928,3913
3929,3917
3930,3919
3931,3919
3932,3921
3933,3920
3934,3921
3935,3924
3936,3920
3937,3925
3938,3924
3939,3924
3940,3931
3941,3927
3942,3932
3943,3929
3944,3931
3945,3933
3946,3930
3947,3936
3948,3935
3949,3936
3950,3940
3951,3939
3952,3942
3953,3940
3954,3941
3955,3945
3956,3941
3957,3945
3958,3947
3959,3942
3960,3951
3961,3947
3962,3949
3963,3953
3964,3951
3965,3953
3966,3953
3967,3955
3968,3956
3969,3956
3970,3957
3971,3956
3972,3960
3973,3964
3974,3959
3975,3960
3976,3963
3977,3964
3978,3969
3979,3963
3980,3968
3981,3969
3982,3969
3983,3970
3984,3970
3985,3970
3986,3977
3987,3972
3988,3975
3989,3975
3990,3976
3991,3978
3992,3979
3993,3982
3994,3978
3995,3980
3996,3984
3997,3982
3998,3984
3999,3985
4000,3986
4001,3988
4002,3987
4003,3993
4004,3993
4005,3993
4006,3994
4007,3995
4008,3998
4009,3995
4010,3998
4011,4001
4012,3996
4013,4002
4014,4000
4015,4001
4016,4003
4017,4001
4018,4008
4019,4010
4020,4003
4021,4011
4022,4006
4023,4012
4024,4013
4025,4007
4026,4014
4027,4012
4028,4017
4029,4020
4030,4014
4031,4019
4032,4020
4033,4018
4034,4025
4035,4019
4036,4024
4037,4028
4038,4024
4039,4027
4040,4023
4041,4025
4042,4027
4043,4028
4044,4035
4045,4031
4046,4035
4047,4033
4048,4036
4049,4039
4050,4035
4051,4040
4052,4040
4053,4038
4054,4043
4055,4039
4056,4042
4057,4045
4058,4044
4059,4048
4060,4047
4061,4049
4062,4049
4063,4046
4064,4053
4065,4050
4066,4053
4067,4054
4068,4054
4069,4057
4070,4059
4071,4055
4072,4062
4073,4058
4074,4063
4075,4063
4076,4061
4077,4066
4078,4065
4079,4069
4080,4070
4081,4068
4082,4068
4083,4069
4084,4069
4085,4075
4086,4073
4087,4075
4088,4073
4089,4073
4090,4075
4091,4073
4092,4079
4093,4075
4094,4076
4095,4078
