0,5
1,8
2,5
3,5
4,4
5,9
6,11
7,7
8,12
9,13
10,11
11,16
12,9
13,17
14,15
15,17
16,18
17,18
18,20
19,19
20,20
21,25
22,22
23,23
24,25
25,26
26,31
27,26
28,32
29,31
30,33
31,34
32,31
33,36
34,37
35,34
36,37
37,35
38,41
39,41
40,42
41,44
42,42
43,45
44,44
45,47
46,47
47,45
48,49
49,48
50,48
51,56
52,50
53,54
54,59
55,56
56,60
57,58
58,59
59,59
60,62
61,64
62,62
63,63
64,66
65,63
66,66
67,65
68,68
69,69
70,72
71,72
72,71
73,72
74,77
75,75
76,77
77,78
78,76
79,81
80,80
81,78
82,85
83,83
84,85
85,86
86,84
87,89
88,86
89,88
90,90
91,90
92,93
93,91
94,93
95,94
96,97
97,98
98,98
99,97
100,100
101,100
102,105
103,100
104,106
105,104
106,103
107,111
108,108
109,111
110,108
111,109
112,114
113,114
114,112
115,116
116,114
117,116
118,119
119,120
120,123
121,120
122,125
123,120
124,124
125,127
126,125
127,127
128,128
129,129
130,133
131,128
132,135
133,135
134,135
135,135
136,133
137,137
138,137
139,139
140,140
141,138
142,141
143,145
144,142
145,143
146,144
147,146
148,149
149,148
150,150
151,149
152,150
153,153
154,150
155,154
156,155
157,157
158,158
159,156
160,163
161,162
162,160
163,167
164,164
165,163
166,161
167,166
168,169
169,166
170,172
171,169
172,170
173,173
174,174
175,177
176,177
177,175
178,179
179,179
180,180
181,180
182,179
183,186
184,182
185,187
186,184
187,185
188,188
189,189
190,190
191,189
192,189
193,193
194,191
195,193
196,196
197,195
198,198
199,196
200,198
201,200
202,201
203,204
204,202
205,203
206,208
207,207
208,206
209,208
210,207
211,212
212,210
213,211
214,214
215,213
216,217
217,214
218,216
219,221
220,218
221,219
222,222
223,221
224,226
225,225
226,228
227,226
228,225
229,229
230,228
231,230
232,229
233,234
234,236
235,231
236,237
237,233
238,238
239,238
240,236
241,242
242,243
243,241
244,243
245,242
246,248
247,245
248,248
249,253
250,249
251,253
252,252
253,251
254,252
255,257
256,256
257,260
258,258
259,258
260,259
261,258
262,262
263,266
264,264
265,262
266,264
267,271
268,266
269,268
270,271
271,268
272,275
273,269
274,272
275,275
276,277
277,280
278,274
279,280
280,280
281,278
282,287
283,281
284,282
285,284
286,283
287,289
288,284
289,290
290,291
291,291
292,294
293,291
294,293
295,293
296,292
297,299
298,297
299,298
300,299
301,301
302,303
303,302
304,307
305,307
306,303
307,306
308,306
309,309
310,309
311,311
312,314
313,313
314,310
315,316
316,313
317,317
318,319
319,316
320,319
321,321
322,321
323,322
324,320
325,323
326,327
327,330
328,330
329,325
330,332
331,328
332,331
333,331
334,329
335,335
336,334
337,335
338,336
339,338
340,342
341,338
342,343
343,345
344,344
345,346
346,344
347,349
348,348
349,345
350,349
351,349
352,352
353,355
354,349
355,355
356,356
357,357
358,358
359,355
360,358
361,361
362,360
363,366
364,362
365,367
366,367
367,364
368,368
369,366
370,370
371,374
372,372
373,370
374,375
375,374
376,379
377,373
378,375
379,379
380,377
381,382
382,381
383,384
384,381
385,380
386,388
387,384
388,387
389,386
390,387
391,393
392,393
393,393
394,395
395,391
396,399
397,395
398,395
399,398
400,396
401,401
402,397
403,403
404,403
405,401
406,408
407,404
408,406
409,409
410,405
411,413
412,409
413,413
414,414
415,414
416,419
417,413
418,418
419,416
420,419
421,423
422,420
423,422
424,425
425,420
426,424
427,427
428,424
429,427
430,429
431,429
432,432
433,429
434,436
435,431
436,434
437,435
438,434
439,441
440,436
441,438
442,443
443,439
444,443
445,440
446,445
447,448
448,445
449,447
450,449
451,449
452,451
453,447
454,456
455,454
456,456
457,459
458,456
459,457
460,459
461,460
462,466
463,462
464,464
465,462
466,465
467,465
468,467
469,468
470,467
471,468
472,474
473,469
474,473
475,472
476,474
477,478
478,472
479,477
480,479
481,480
482,481
483,483
484,482
485,487
486,485
487,489
488,485
489,485
490,488
491,487
492,489
493,490
494,489
495,495
496,492
497,495
498,494
499,494
500,501
501,501
502,503
503,501
504,499
505,504
506,506
507,504
508,508
509,506
510,510
511,506
512,512
513,514
514,511
515,515
516,516
517,518
518,517
519,517
520,519
521,519
522,521
523,525
524,520
525,526
526,524
527,529
528,527
529,527
530,528
531,531
532,533
533,532
534,531
535,537
536,536
537,533
538,537
539,535
540,540
541,540
542,539
543,541
544,541
545,541
546,547
547,542
548,548
549,546
550,546
551,552
552,549
553,551
554,554
555,555
556,554
557,553
558,557
559,555
560,559
561,564
562,557
563,561
564,563
565,561
566,565
567,565
568,567
569,569
570,572
571,570
572,571
573,573
574,573
575,571
576,579
577,573
578,579
579,579
580,576
581,583
582,577
583,584
584,580
585,582
586,588
587,581
588,587
589,587
590,587
591,594
592,590
593,591
594,596
595,591
596,594
597,594
598,591
599,598
600,598
601,601
602,600
603,598
604,603
605,604
606,603
607,603
608,607
609,610
610,609
611,608
612,611
613,611
614,615
615,614
616,616
617,618
618,614
619,619
620,615
621,621
622,623
623,622
624,623
625,624
626,624
627,627
628,623
629,631
630,627
631,631
632,631
633,630
634,632
635,633
636,635
637,638
638,633
639,637
640,639
641,640
642,641
643,638
644,643
645,640
646,644
647,650
648,644
649,647
650,647
651,644
652,654
653,652
654,652
655,654
656,654
657,658
658,655
659,659
660,659
661,657
662,659
663,659
664,662
665,666
666,660
667,668
668,664
669,665
670,669
671,670
672,670
673,671
674,670
675,676
676,674
677,676
678,677
679,674
680,682
681,677
682,681
683,680
684,684
685,684
686,681
687,688
688,686
689,685
690,690
691,689
692,690
693,691
694,692
695,693
696,694
697,696
698,697
699,698
700,700
701,699
702,700
703,700
704,699
705,704
706,701
707,704
708,710
709,705
710,711
711,709
712,710
713,715
714,709
715,715
716,714
717,715
718,719
719,715
720,718
721,718
722,720
723,723
724,721
725,722
726,722
727,722
728,726
729,725
730,731
731,732
732,727
733,734
734,731
735,731
736,736
737,732
738,736
739,738
740,738
741,741
742,739
743,741
744,741
745,743
746,747
747,742
748,747
749,745
750,749
751,750
752,747
753,752
754,754
755,751
756,757
757,756
758,754
759,758
760,755
761,760
762,759
763,760
764,766
765,760
766,766
767,763
768,764
769,767
770,768
771,771
772,770
773,772
774,774
775,770
776,774
777,773
778,777
779,780
780,777
781,777
782,782
783,777
784,784
785,779
786,784
787,785
788,787
789,788
790,787
791,791
792,788
793,788
794,794
795,792
796,796
797,793
798,796
799,800
800,795
801,797
802,801
803,799
804,806
805,804
806,806
807,806
808,803
809,810
810,808
811,808
812,808
813,810
814,811
815,811
816,815
817,814
818,812
819,818
820,819
821,818
822,822
823,820
824,823
825,827
826,824
827,826
828,827
829,825
830,829
831,826
832,831
833,832
834,835
835,835
836,829
837,833
838,834
839,836
840,839
841,839
842,844
843,838
844,840
845,846
846,842
847,847
848,844
849,848
850,850
851,847
852,851
853,848
854,853
855,855
856,851
857,857
858,857
859,859
860,860
861,857
862,861
863,859
864,860
865,865
866,863
867,868
868,864
869,864
870,871
871,868
872,873
873,873
874,869
875,873
876,873
877,878
878,878
879,877
880,877
881,879
882,876
883,885
884,879
885,885
886,884
887,885
888,886
889,885
890,887
891,893
892,887
893,893
894,890
895,895
896,895
897,890
898,899
899,894
900,899
901,899
902,900
903,904
904,902
905,905
906,904
907,903
908,909
909,905
910,908
911,911
912,909
913,911
914,911
915,916
916,915
917,913
918,914
919,918
920,921
921,922
922,918
923,920
924,923
925,923
926,925
927,924
928,928
929,925
930,926
931,933
932,928
933,934
934,935
935,934
936,934
937,936
938,936
939,937
940,939
941,939
942,940
943,941
944,941
945,942
946,945
947,944
948,945
949,947
950,946
951,948
952,950
953,950
954,953
955,949
956,954
957,953
958,954
959,957
960,959
961,958
962,959
963,960
964,962
965,962
966,963
967,964
968,968
969,971
970,967
971,971
972,972
973,969
974,972
975,970
976,976
977,975
978,975
979,981
980,976
981,982
982,982
983,981
984,986
985,983
986,984
987,987
988,987
989,990
990,986
991,989
992,993
993,987
994,991
995,990
996,993
997,996
998,993
999,998
1000,997
1001,997
1002,1003
1003,1001
1004,1004
1005,1004
1006,1005
1007,1008
1008,1006
1009,1007
1010,1010
1011,1009
1012,1014
1013,1010
1014,1014
1015,1016
1016,1011
1017,1017
1018,1018
1019,1018
1020,1018
1021,1019
1022,1025
1023,1021
1024,1022
1025,1025
1026,1023
1027,1027
1028,1024
1029,1028
1030,1030
1031,1030
1032,1029
1033,1028
1034,1033
1035,1036
1036,1033
1037,1037
1038,1036
1039,1037
1040,1038
1041,1037
1042,1039
1043,1045
1044,1043
1045,1047
1046,1047
1047,1045
1048,1050
1049,1048
1050,1052
1051,1046
1052,1049
1053,1055
1054,1049
1055,1055
1056,1054
1057,1057
1058,1061
1059,1059
1060,1061
1061,1061
1062,1059
1063,1061
1064,1061
1065,1063
1066,1064
1067,1064
1068,1070
1069,1069
1070,1071
1071,1071
1072,1070
1073,1075
1074,1070
1075,1077
1076,1073
1077,1077
1078,1080
1079,1079
1080,1077
1081,1082
1082,1077
1083,1082
1084,1081
1085,1082
1086,1086
1087,1088
1088,1086
1089,1087
1090,1086
1091,1092
1092,1089
1093,1093
1094,1092
1095,1093
1096,1097
1097,1092
1098,1098
1099,1097
1100,1098
1101,1102
1102,1099
1103,1102
1104,1105
1105,1102
1106,1105
1107,1102
1108,1108
1109,1106
1110,1109
1111,1109
1112,1109
1113,1110
1114,1116
1115,1110
1116,1114
1117,1115
1118,1119
1119,1116
1120,1115
1121,1121
1122,1120
1123,1120
1124,1122
1125,1120
1126,1126
1127,1122
1128,1128
1129,1126
1130,1124
1131,1131
1132,1130
1133,1128
1134,1132
1135,1135
1136,1133
1137,1135
1138,1135
1139,1141
1140,1137
1141,1140
1142,1143
1143,1141
1144,1145
1145,1141
1146,1146
1147,1149
1148,1143
1149,1148
1150,1150
1151,1148
1152,1150
1153,1148
1154,1155
1155,1155
1156,1154
1157,1157
1158,1153
1159,1160
1160,1159
1161,1159
1162,1164
1163,1160
1164,1165
1165,1164
1166,1163
1167,1168
1168,1166
1169,1171
1170,1168
1171,1168
1172,1174
1173,1172
1174,1171
1175,1175
1176,1174
1177,1176
1178,1176
1179,1176
1180,1179
1181,1175
1182,1180
1183,1182
1184,1180
1185,1186
1186,1183
1187,1187
1188,1190
1189,1186
1190,1191
1191,1189
1192,1191
1193,1191
1194,1189
1195,1194
1196,1191
1197,1194
1198,1197
1199,1193
1200,1197
1201,1199
1202,1199
1203,1204
1204,1198
1205,1202
1206,1202
1207,1203
1208,1208
1209,1204
1210,1211
1211,1210
1212,1211
1213,1213
1214,1213
1215,1216
1216,1213
1217,1216
1218,1219
1219,1214
1220,1220
1221,1216
1222,1222
1223,1224
1224,1220
1225,1226
1226,1224
1227,1224
1228,1229
1229,1228
1230,1229
1231,1230
1232,1227
1233,1229
1234,1234
1235,1234
1236,1235
1237,1232
1238,1238
1239,1239
1240,1235
1241,1240
1242,1239
1243,1241
1244,1244
1245,1241
1246,1246
1247,1245
1248,1247
1249,1245
1250,1249
1251,1254
1252,1249
1253,1253
1254,1255
1255,1254
1256,1255
1257,1253
1258,1257
1259,1259
1260,1260
1261,1263
1262,1261
1263,1263
1264,1265
1265,1262
1266,1265
1267,1267
1268,1265
1269,1266
1270,1268
1271,1272
1272,1268
1273,1268
1274,1275
1275,1273
1276,1275
1277,1277
1278,1273
1279,1277
1280,1279
1281,1280
1282,1283
1283,1280
1284,1286
1285,1283
1286,1288
1287,1286
1288,1284
1289,1288
1290,1287
1291,1292
1292,1289
1293,1292
1294,1295
1295,1292
1296,1293
1297,1299
1298,1296
1299,1296
1300,1300
1301,1300
1302,1302
1303,1300
1304,1301
1305,1304
1306,1307
1307,1307
1308,1302
1309,1306
1310,1306
1311,1310
1312,1314
1313,1310
1314,1312
1315,1311
1316,1316
1317,1319
1318,1316
1319,1314
1320,1322
1321,1319
1322,1323
1323,1323
1324,1324
1325,1325
1326,1324
1327,1325
1328,1325
1329,1325
1330,1329
1331,1326
1332,1333
1333,1329
1334,1329
1335,1335
1336,1330
1337,1335
1338,1337
1339,1336
1340,1339
1341,1338
1342,1339
1343,1343
1344,1342
1345,1343
1346,1345
1347,1345
1348,1345
1349,1347
1350,1349
1351,1345
1352,1350
1353,1349
1354,1352
1355,1354
1356,1353
1357,1353
1358,1354
1359,1359
1360,1360
1361,1358
1362,1359
1363,1363
1364,1358
1365,1363
1366,1366
1367,1366
1368,1367
1369,1363
1370,1367
1371,1368
1372,1370
1373,1374
1374,1371
1375,1373
1376,1376
1377,1374
1378,1379
1379,1378
1380,1376
1381,1381
1382,1378
1383,1384
1384,1383
1385,1383
1386,1384
1387,1383
1388,1389
1389,1386
1390,1388
1391,1390
1392,1391
1393,1390
1394,1393
1395,1390
1396,1395
1397,1391
1398,1394
1399,1394
1400,1399
1401,1401
1402,1396
1403,1401
1404,1399
1405,1401
1406,1403
1407,1402
1408,1409
1409,1405
1410,1407
1411,1410
1412,1410
1413,1412
1414,1411
1415,1409
1416,1415
1417,1413
1418,1415
1419,1417
1420,1416
1421,1420
1422,1422
1423,1417
1424,1426
1425,1421
1426,1428
1427,1422
1428,1426
1429,1428
1430,1426
1431,1428
1432,1428
1433,1432
1434,1431
1435,1430
1436,1433
1437,1431
1438,1437
1439,1438
1440,1435
1441,1441
1442,1438
1443,1438
1444,1441
1445,1442
1446,1446
1447,1445
1448,1445
1449,1449
1450,1444
1451,1449
1452,1448
1453,1449
1454,1455
1455,1452
1456,1455
1457,1456
1458,1454
1459,1459
1460,1456
1461,1455
1462,1460
1463,1460
1464,1462
1465,1460
1466,1460
1467,1465
1468,1462
1469,1466
1470,1467
1471,1465
1472,1472
1473,1468
1474,1471
1475,1475
1476,1473
1477,1478
1478,1475
1479,1477
1480,1481
1481,1479
1482,1479
1483,1483
1484,1480
1485,1482
1486,1480
1487,1487
1488,1485
1489,1489
1490,1489
1491,1485
1492,1489
1493,1488
1494,1493
1495,1495
1496,1494
1497,1496
1498,1492
1499,1499
1500,1497
1501,1498
1502,1498
1503,1503
1504,1498
1505,1505
1506,1501
1507,1505
1508,1505
1509,1505
1510,1508
1511,1508
1512,1511
1513,1513
1514,1508
1515,1515
1516,1511
1517,1512
1518,1520
1519,1517
1520,1519
1521,1515
1522,1521
1523,1527
1524,1519
1525,1522
1526,1522
1527,1522
1528,1529
1529,1527
1530,1529
1531,1529
1532,1530
1533,1533
1534,1528
1535,1534
1536,1531
1537,1533
1538,1539
1539,1534
1540,1539
1541,1543
1542,1538
1543,1541
1544,1542
1545,1542
1546,1541
1547,1545
1548,1545
1549,1546
1550,1550
1551,1547
1552,1550
1553,1551
1554,1549
1555,1552
1556,1555
1557,1554
1558,1555
1559,1554
1560,1555
1561,1558
1562,1555
1563,1558
1564,1561
1565,1561
1566,1566
1567,1561
1568,1563
1569,1566
1570,1563
1571,1571
1572,1569
1573,1571
1574,1570
1575,1570
1576,1574
1577,1574
1578,1575
1579,1581
1580,1576
1581,1580
1582,1579
1583,1580
1584,1580
1585,1579
1586,1583
1587,1584
1588,1587
1589,1585
1590,1587
1591,1587
1592,1591
1593,1591
1594,1590
1595,1591
1596,1594
1597,1592
1598,1592
1599,1594
1600,1598
1601,1598
1602,1600
1603,1600
1604,1601
1605,1603
1606,1605
1607,1605
1608,1603
1609,1606
1610,1607
1611,1609
1612,1609
1613,1606
1614,1613
1615,1610
1616,1613
1617,1619
1618,1614
1619,1616
1620,1615
1621,1618
1622,1619
1623,1618
1624,1624
1625,1619
1626,1621
1627,1628
1628,1623
1629,1627
1630,1625
1631,1628
1632,1632
1633,1629
1634,1632
1635,1633
1636,1630
1637,1635
1638,1633
1639,1637
1640,1636
1641,1635
1642,1643
1643,1637
1644,1642
1645,1642
1646,1642
1647,1643
1648,1644
1649,1646
1650,1649
1651,1648
1652,1645
1653,1647
1654,1649
1655,1653
1656,1653
1657,1656
1658,1653
1659,1657
1660,1660
1661,1655
1662,1659
1663,1658
1664,1659
1665,1662
1666,1665
1667,1662
1668,1667
1669,1666
1670,1667
1671,1666
1672,1667
1673,1672
1674,1668
1675,1675
1676,1673
1677,1673
1678,1675
1679,1672
1680,1680
1681,1675
1682,1677
1683,1683
1684,1681
1685,1684
1686,1683
1687,1683
1688,1685
1689,1683
1690,1688
1691,1686
1692,1686
1693,1690
1694,1689
1695,1693
1696,1692
1697,1691
1698,1698
1699,1692
1700,1698
1701,1700
1702,1696
1703,1701
1704,1701
1705,1700
1706,1703
1707,1698
1708,1705
1709,1704
1710,1706
1711,1709
1712,1708
1713,1709
1714,1712
1715,1713
1716,1713
1717,1709
1718,1714
1719,1716
1720,1715
1721,1721
1722,1717
1723,1718
1724,1720
1725,1723
1726,1726
1727,1720
1728,1723
1729,1724
1730,1729
1731,1731
1732,1725
1733,1730
1734,1732
1735,1728
1736,1733
1737,1731
1738,1735
1739,1736
1740,1733
1741,1737
1742,1739
1743,1739
1744,1744
1745,1738
1746,1740
1747,1746
1748,1741
1749,1749
1750,1742
1751,1751
1752,1750
1753,1747
1754,1755
1755,1752
1756,1753
1757,1753
1758,1756
1759,1759
1760,1758
1761,1761
1762,1757
1763,1761
1764,1760
1765,1759
1766,1762
1767,1763
1768,1763
1769,1768
1770,1765
1771,1769
1772,1769
1773,1770
1774,1774
1775,1773
1776,1772
1777,1773
1778,1774
1779,1778
1780,1776
1781,1777
1782,1780
1783,1779
1784,1784
1785,1782
1786,1784
1787,1787
1788,1786
1789,1784
1790,1787
1791,1788
1792,1788
1793,1789
1794,1793
1795,1794
1796,1789
1797,1797
1798,1793
1799,1794
1800,1799
1801,1798
1802,1801
1803,1800
1804,1802
1805,1805
1806,1800
1807,1805
1808,1805
1809,1804
1810,1806
1811,1805
1812,1811
1813,1808
1814,1812
1815,1816
1816,1809
1817,1813
1818,1815
1819,1816
1820,1816
1821,1817
1822,1818
1823,1820
1824,1819
1825,1825
1826,1819
1827,1822
1828,1824
1829,1824
1830,1830
1831,1826
1832,1830
1833,1830
1834,1827
1835,1832
1836,1832
1837,1834
1838,1837
1839,1835
1840,1835
1841,1835
1842,1836
1843,1841
1844,1839
1845,1844
1846,1844
1847,1844
1848,1845
1849,1845
1850,1850
1851,1847
1852,1849
1853,1852
1854,1847
1855,1853
1856,1853
1857,1853
1858,1856
1859,1856
1860,1858
1861,1859
1862,1857
1863,1863
1864,1857
1865,1864
1866,1864
1867,1864
1868,1868
1869,1861
1870,1866
1871,1868
1872,1868
1873,1871
1874,1869
1875,1870
1876,1873
1877,1872
1878,1873
1879,1875
1880,1875
1881,1879
1882,1877
1883,1880
1884,1880
1885,1881
1886,1885
1887,1884
1888,1886
1889,1886
1890,1886
1891,1888
1892,1887
1893,1887
1894,1893
1895,1891
1896,1892
1897,1892
1898,1894
1899,1895
1900,1896
1901,1899
1902,1899
1903,1901
1904,1901
1905,1900
1906,1905
1907,1905
1908,1906
1909,1908
1910,1903
1911,1908
1912,1907
1913,1908
1914,1911
1915,1913
1916,1914
1917,1911
1918,1914
1919,1918
1920,1914
1921,1915
1922,1919
1923,1920
1924,1923
1925,1921
1926,1922
1927,1926
1928,1924
1929,1925
1930,1925
1931,1925
1932,1933
1933,1929
1934,1933
1935,1933
1936,1933
1937,1937
1938,1931
1939,1938
1940,1936
1941,1936
1942,1942
1943,1936
1944,1939
1945,1939
1946,1939
1947,1945
1948,1941
1949,1947
1950,1944
1951,1948
1952,1950
1953,1948
1954,1949
1955,1949
1956,1948
1957,1952
1958,1952
1959,1958
1960,1958
1961,1956
1962,1958
1963,1959
1964,1960
1965,1961
1966,1962
1967,1963
1968,1960
1969,1967
1970,1965
1971,1963
1972,1970
1973,1971
1974,1967
1975,1970
1976,1972
1977,1971
1978,1974
1979,1973
1980,1976
1981,1975
1982,1977
1983,1981
1984,1979
1985,1984
1986,1981
1987,1983
1988,1988
1989,1981
1990,1989
1991,1989
1992,1987
1993,1991
1994,1989
1995,1993
1996,1990
1997,1992
1998,1997
1999,1993
2000,1994
2001,1995
2002,2000
2003,1999
2004,2000
2005,2004
2006,2000
2007,2004
2008,2007
2009,2001
2010,2003
2011,2005
2012,2005
2013,2009
2014,2006
2015,2013
2016,2009
2017,2012
2018,2016
2019,2017
2020,2014
2021,2021
2022,2014
2023,2019
2024,2018
2025,2018
2026,2023
2027,2018
2028,2024
2029,2022
2030,2026
2031,2030
2032,2032
2033,2028
2034,2026
2035,2032
2036,2034
2037,2033
2038,2036
2039,2037
2040,2033
2041,2038
2042,2036
2043,2041
2044,2038
2045,2040
2046,2046
2047,2042
2048,2044
2049,2046
2050,2045
2051,2049
2052,2045
2053,2049
2054,2048
2055,2047
2056,2054
2057,2053
2058,2052
2059,2053
2060,2052
2061,2055
2062,2055
2063,2060
2064,2059
2065,2057
2066,2059
2067,2066
2068,2061
2069,2065
2070,2066
2071,2067
2072,2070
2073,2066
2074,2072
2075,2072
2076,2070
2077,2073
2078,2069
2079,2076
2080,2076
2081,2076
2082,2077
2083,2078
2084,2080
2085,2077
2086,2083
2087,2086
2088,2082
2089,2086
2090,2085
2091,2086
2092,2091
2093,2085
2094,2092
2095,2088
2096,2090
2097,2096
2098,2091
2099,2094
2100,2095
2101,2097
2102,2101
2103,2095
2104,2103
2105,2097
2106,2102
2107,2106
2108,2100
2109,2104
2110,2103
2111,2102
2112,2107
2113,2110
2114,2108
2115,2114
2116,2110
2117,2114
2118,2115
2119,2114
2120,2115
2121,2118
2122,2117
2123,2116
2124,2118
2125,2121
2126,2122
2127,2123
2128,2123
2129,2122
2130,2129
2131,2123
2132,2129
2133,2126
2134,2126
2135,2134
2136,2128
2137,2130
2138,2132
2139,2131
2140,2134
2141,2136
2142,2140
2143,2139
2144,2136
2145,2141
2146,2138
2147,2140
2148,2142
2149,2145
2150,2147
2151,2146
2152,2150
2153,2146
2154,2147
2155,2150
2156,2151
2157,2149
2158,2154
2159,2154
2160,2157
2161,2159
2162,2155
2163,2160
2164,2158
2165,2160
2166,2161
2167,2158
2168,2164
2169,2163
2170,2163
2171,2169
2172,2168
2173,2171
2174,2168
2175,2168
2176,2171
2177,2171
2178,2172
2179,2174
2180,2173
2181,2180
2182,2173
2183,2177
2184,2179
2185,2181
2186,2184
2187,2182
2188,2185
2189,2182
2190,2185
2191,2189
2192,2187
2193,2187
2194,2190
2195,2192
2196,2195
2197,2191
2198,2191
2199,2191
2200,2196
2201,2198
2202,2196
2203,2197
2204,2201
2205,2195
2206,2202
2207,2204
2208,2205
2209,2208
2210,2201
2211,2211
2212,2206
2213,2207
2214,2211
2215,2210
2216,2213
2217,2211
2218,2214
2219,2217
2220,2214
2221,2219
2222,2215
2223,2218
2224,2221
2225,2219
2226,2224
2227,2220
2228,2220
2229,2225
2230,2224
2231,2228
2232,2224
2233,2225
2234,2233
2235,2230
2236,2233
2237,2230
2238,2232
2239,2238
2240,2233
2241,2239
2242,2235
2243,2238
2244,2239
2245,2239
2246,2240
2247,2242
2248,2241
2249,2248
2250,2244
2251,2247
2252,2247
2253,2246
2254,2251
2255,2250
2256,2247
2257,2253
2258,2251
2259,2254
2260,2257
2261,2258
2262,2259
2263,2258
2264,2261
2265,2260
2266,2259
2267,2266
2268,2264
2269,2265
2270,2269
2271,2264
2272,2271
2273,2270
2274,2269
2275,2272
2276,2271
2277,2276
2278,2270
2279,2274
2280,2276
2281,2273
2282,2278
2283,2278
2284,2279
2285,2282
2286,2277
2287,2283
2288,2281
2289,2287
2290,2285
2291,2283
2292,2291
2293,2290
2294,2288
2295,2295
2296,2292
2297,2291
2298,2292
2299,2294
2300,2296
2301,2294
2302,2294
2303,2302
2304,2298
2305,2301
2306,2299
2307,2303
2308,2305
2309,2300
2310,2308
2311,2307
2312,2306
2313,2311
2314,2307
2315,2312
2316,2313
2317,2312
2318,2313
2319,2313
2320,2317
2321,2315
2322,2315
2323,2319
2324,2317
2325,2322
2326,2319
2327,2323
2328,2323
2329,2321
2330,2322
2331,2324
2332,2328
2333,2332
2334,2325
2335,2331
2336,2329
2337,2330
2338,2332
2339,2335
2340,2334
2341,2333
2342,2334
2343,2337
2344,2334
2345,2337
2346,2345
2347,2341
2348,2340
2349,2343
2350,2341
2351,2347
2352,2346
2353,2349
2354,2353
2355,2349
2356,2352
2357,2352
2358,2351
2359,2356
2360,2355
2361,2359
2362,2353
2363,2355
2364,2360
2365,2360
2366,2363
2367,2363
2368,2364
2369,2363
2370,2362
2371,2368
2372,2363
2373,2368
2374,2373
2375,2370
2376,2373
2377,2369
2378,2373
2379,2376
2380,2374
2381,2378
2382,2375
2383,2375
2384,2381
2385,2376
2386,2381
2387,2381
2388,2380
2389,2381
2390,2385
2391,2386
2392,2391
2393,2388
2394,2392
2395,2387
2396,2390
2397,2395
2398,2393
2399,2393
2400,2397
2401,2393
2402,2396
2403,2396
2404,2398
2405,2397
2406,2400
2407,2404
2408,2399
2409,2405
2410,2404
2411,2403
2412,2407
2413,2408
2414,2411
2415,2406
2416,2410
2417,2415
2418,2410
2419,2413
2420,2414
2421,2416
2422,2415
2423,2416
2424,2420
2425,2417
2426,2419
2427,2421
2428,2424
2429,2426
2430,2427
2431,2422
2432,2426
2433,2428
2434,2428
2435,2430
2436,2430
2437,2433
2438,2435
2439,2434
2440,2438
2441,2436
2442,2435
2443,2437
2444,2439
2445,2441
2446,2441
2447,2444
2448,2442
2449,2444
2450,2444
2451,2442
2452,2445
2453,2448
2454,2445
2455,2449
2456,2447
2457,2449
2458,2455
2459,2453
2460,2456
2461,2451
2462,2458
2463,2455
2464,2457
2465,2459
2466,2458
2467,2462
2468,2463
2469,2463
2470,2468
2471,2463
2472,2466
2473,2467
2474,2469
2475,2467
2476,2467
2477,2469
2478,2471
2479,2470
2480,2478
2481,2473
2482,2478
2483,2479
2484,2476
2485,2481
2486,2481
2487,2482
2488,2480
2489,2486
2490,2487
2491,2489
2492,2482
2493,2491
2494,2486
2495,2491
2496,2489
2497,2491
2498,2492
2499,2495
2500,2489
2501,2494
2502,2492
2503,2494
2504,2495
2505,2497
2506,2500
2507,2501
2508,2502
2509,2501
2510,2506
2511,2504
2512,2505
2513,2505
2514,2507
2515,2511
2516,2509
2517,2507
2518,2512
2519,2515
2520,2510
2521,2517
2522,2513
2523,2515
2524,2514
2525,2517
2526,2520
2527,2517
2528,2520
2529,2525
2530,2522
2531,2524
2532,2524
2533,2525
2534,2531
2535,2526
2536,2532
2537,2532
2538,2530
2539,2531
2540,2534
2541,2533
2542,2540
2543,2534
2544,2540
2545,2540
2546,2539
2547,2545
2548,2543
2549,2545
2550,2544
2551,2543
2552,2545
2553,2544
2554,2552
2555,2547
2556,2552
2557,2552
2558,2552
2559,2553
2560,2555
2561,2557
2562,2560
2563,2554
2564,2560
2565,2559
2566,2560
2567,2565
2568,2561
2569,2567
2570,2561
2571,2568
2572,2566
2573,2562
2574,2571
2575,2567
2576,2567
2577,2575
2578,2571
2579,2572
2580,2577
2581,2569
2582,2578
2583,2579
2584,2574
2585,2578
2586,2580
2587,2580
2588,2581
2589,2582
2590,2590
2591,2583
2592,2584
2593,2584
2594,2589
2595,2591
2596,2594
2597,2593
2598,2589
2599,2589
2600,2597
2601,2595
2602,2597
2603,2599
2604,2599
2605,2603
2606,2596
2607,2603
2608,2603
2609,2599
2610,2606
2611,2605
2612,2605
2613,2608
2614,2609
2615,2609
2616,2604
2617,2613
2618,2612
2619,2612
2620,2613
2621,2611
2622,2617
2623,2620
2624,2615
2625,2617
2626,2620
2627,2622
2628,2623
2629,2620
2630,2627
2631,2628
2632,2622
2633,2626
2634,2629
2635,2627
2636,2629
2637,2627
2638,2636
2639,2634
2640,2634
2641,2637
2642,2635
2643,2638
2644,2635
2645,2639
2646,2643
2647,2638
2648,2644
2649,2643
2650,2647
2651,2647
2652,2642
2653,2649
2654,2653
2655,2651
2656,2649
2657,2649
2658,2651
2659,2650
2660,2654
2661,2658
2662,2654
2663,2658
2664,2658
2665,2660
2666,2658
2667,2661
2668,2663
2669,2663
2670,2660
2671,2668
2672,2662
2673,2663
2674,2666
2675,2665
2676,2668
2677,2671
2678,2668
2679,2671
2680,2669
2681,2675
2682,2673
2683,2677
2684,2677
2685,2678
2686,2682
2687,2679
2688,2680
2689,2683
2690,2684
2691,2687
2692,2687
2693,2683
2694,2691
2695,2689
2696,2692
2697,2689
2698,2688
2699,2692
2700,2693
2701,2694
2702,2696
2703,2693
2704,2700
2705,2694
2706,2698
2707,2697
2708,2701
2709,2705
2710,2698
2711,2705
2712,2703
2713,2702
2714,2710
2715,2704
2716,2705
2717,2714
2718,2711
2719,2715
2720,2712
2721,2710
2722,2718
2723,2712
2724,2718
2725,2719
2726,2719
2727,2721
2728,2719
2729,2721
2730,2725
2731,2724
2732,2728
2733,2727
2734,2730
2735,2727
2736,2728
2737,2733
2738,2731
2739,2730
2740,2731
2741,2730
2742,2733
2743,2734
2744,2734
2745,2738
2746,2735
2747,2739
2748,2739
2749,2741
2750,2741
2751,2743
2752,2748
2753,2743
2754,2744
2755,2747
2756,2747
2757,2753
2758,2749
2759,2751
2760,2751
2761,2754
2762,2756
2763,2756
2764,2756
2765,2760
2766,2759
2767,2758
2768,2764
2769,2759
2770,2764
2771,2764
2772,2764
2773,2766
2774,2764
2775,2766
2776,2770
2777,2768
2778,2773
2779,2769
2780,2774
2781,2771
2782,2774
2783,2773
2784,2773
2785,2780
2786,2778
2787,2782
2788,2779
2789,2776
2790,2783
2791,2783
2792,2783
2793,2784
2794,2787
2795,2786
2796,2791
2797,2786
2798,2795
2799,2791
2800,2795
2801,2792
2802,2791
2803,2796
2804,2793
2805,2799
2806,2796
2807,2799
2808,2800
2809,2802
2810,2800
2811,2806
2812,2801
2813,2803
2814,2808
2815,2805
2816,2809
2817,2808
2818,2812
2819,2811
2820,2811
2821,2815
2822,2812
2823,2815
2824,2816
2825,2817
2826,2821
2827,2820
2828,2818
2829,2821
2830,2818
2831,2825
2832,2823
2833,2826
2834,2829
2835,2825
2836,2829
2837,2829
2838,2827
2839,2832
2840,2829
2841,2834
2842,2834
2843,2836
2844,2840
2845,2834
2846,2839
2847,2836
2848,2837
2849,2842
2850,2839
2851,2841
2852,2841
2853,2843
2854,2848
2855,2846
2856,2847
2857,2853
2858,2849
2859,2854
2860,2850
2861,2853
2862,2853
2863,2850
2864,2860
2865,2855
2866,2855
2867,2863
2868,2858
2869,2864
2870,2859
2871,2861
2872,2865
2873,2865
2874,2865
2875,2864
2876,2866
2877,2873
2878,2868
2879,2869
2880,2874
2881,2870
2882,2875
2883,2873
2884,2877
2885,2878
2886,2876
2887,2879
2888,2880
2889,2882
2890,2883
2891,2880
2892,2887
2893,2881
2894,2885
2895,2887
2896,2885
2897,2890
2898,2888
2899,2889
2900,2889
2901,2890
2902,2890
2903,2897
2904,2894
2905,2896
2906,2898
2907,2900
2908,2896
2909,2902
2910,2904
2911,2902
2912,2906
2913,2903
2914,2902
2915,2909
2916,2905
2917,2912
2918,2908
2919,2908
2920,2916
2921,2913
2922,2915
2923,2916
2924,2912
2925,2920
2926,2915
2927,2916
2928,2919
2929,2921
2930,2926
2931,2924
2932,2924
2933,2928
2934,2923
2935,2930
2936,2927
2937,2931
2938,2930
2939,2932
2940,2935
2941,2930
2942,2932
2943,2934
2944,2931
2945,2939
2946,2935
2947,2937
2948,2941
2949,2941
2950,2940
2951,2945
2952,2941
2953,2944
2954,2947
2955,2943
2956,2952
2957,2948
2958,2948
2959,2949
2960,2952
2961,2955
2962,2951
2963,2953
2964,2952
2965,2958
2966,2960
2967,2954
2968,2959
2969,2958
2970,2961
2971,2965
2972,2963
2973,2967
2974,2966
2975,2966
2976,2967
2977,2967
2978,2970
2979,2971
2980,2968
2981,2974
2982,2973
2983,2973
2984,2975
2985,2978
2986,2979
2987,2980
2988,2978
2989,2981
2990,2977
2991,2982
2992,2979
2993,2987
2994,2986
2995,2982
2996,2990
2997,2989
2998,2991
2999,2989
3000,2989
3001,2993
3002,2994
3003,2993
3004,2997
3005,2996
3006,3001
3007,2999
3008,2994
3009,3000
3010,2995
3011,3000
3012,3003
3013,3004
3014,3008
3015,3002
3016,3009
3017,3010
3018,3010
3019,3010
3020,3008
3021,3013
3022,3010
3023,3012
3024,3016
3025,3012
3026,3014
3027,3018
3028,3020
3029,3023
3030,3018
3031,3027
3032,3024
3033,3022
3034,3027
3035,3028
3036,3028
3037,3030
3038,3029
3039,3030
3040,3029
3041,3034
3042,3033
3043,3035
3044,3035
3045,3037
3046,3036
3047,3039
3048,3041
3049,3041
3050,3043
3051,3037
3052,3048
3053,3043
3054,3042
3055,3047
3056,3046
3057,3047
3058,3050
3059,3047
3060,3050
3061,3049
3062,3053
3063,3052
3064,3052
3065,3059
3066,3052
3067,3056
3068,3058
3069,3059
3070,3062
3071,3060
3072,3061
3073,3065
3074,3065
3075,3065
3076,3066
3077,3072
3078,3071
3079,3069
3080,3074
3081,3072
3082,3074
3083,3077
3084,3075
3085,3079
3086,3078
3087,3079
3088,3082
3089,3083
3090,3079
3091,3085
3092,3085
3093,3088
3094,3082
3095,3085
3096,3090
3097,3085
3098,3094
3099,3089
3100,3094
3101,3090
3102,3089
3103,3095
3104,3093
3105,3097
3106,3098
3107,3096
3108,3098
3109,3100
3110,3102
3111,3103
3112,3100
3113,3107
3114,3102
3115,3105
3116,3107
3117,3104
3118,3114
3119,3109
3120,3110
3121,3110
3122,3112
3123,3115
3124,3112
3125,3115
3126,3119
3127,3116
3128,3122
3129,3120
3130,3121
3131,3123
3132,3120
3133,3127
3134,3126
3135,3124
3136,3128
3137,3125
3138,3127
3139,3131
3140,3128
3141,3134
3142,3131
3143,3132
3144,3137
3145,3134
3146,3139
3147,3138
3148,3136
3149,3140
3150,3139
3151,3142
3152,3144
3153,3145
3154,3148
3155,3146
3156,3148
3157,3149
3158,3149
3159,3152
3160,3148
3161,3151
3162,3151
3163,3153
3164,3159
3165,3152
3166,3158
3167,3160
3168,3158
3169,3163
3170,3159
3171,3161
3172,3163
3173,3164
3174,3168
3175,3166
3176,3167
3177,3166
3178,3167
3179,3170
3180,3168
3181,3170
3182,3172
3183,3177
3184,3172
3185,3175
3186,3177
3187,3176
3188,3180
3189,3177
3190,3183
3191,3179
3192,3184
3193,3183
3194,3181
3195,3187
3196,3186
3197,3186
3198,3193
3199,3189
3200,3191
3201,3192
3202,3192
3203,3197
3204,3190
3205,3194
3206,3198
3207,3198
3208,3198
3209,3197
3210,3201
3211,3199
3212,3200
3213,3204
3214,3203
3215,3210
3216,3209
3217,3206
3218,3209
3219,3209
3220,3212
3221,3209
3222,3211
3223,3215
3224,3211
3225,3215
3226,3218
3227,3216
3228,3215
3229,3219
3230,3221
3231,3219
3232,3218
3233,3225
3234,3221
3235,3222
3236,3230
3237,3224
3238,3227
3239,3231
3240,3230
3241,3233
3242,3231
3243,3234
3244,3235
3245,3232
3246,3239
3247,3234
3248,3240
3249,3240
3250,3237
3251,3242
3252,3240
3253,3241
3254,3246
3255,3243
3256,3250
3257,3247
3258,3251
3259,3249
3260,3246
3261,3255
3262,3248
3263,3252
3264,3252
3265,3255
3266,3259
3267,3255
3268,3260
3269,3259
3270,3261
3271,3262
3272,3261
3273,3264
3274,3269
3275,3264
3276,3268
3277,3269
3278,3268
3279,3273
3280,3272
3281,3274
3282,3274
3283,3271
3284,3274
3285,3276
3286,3277
3287,3282
3288,3276
3289,3283
3290,3279
3291,3279
3292,3283
3293,3282
3294,3284
3295,3283
3296,3285
3297,3288
3298,3284
3299,3292
3300,3291
3301,3289
3302,3296
3303,3292
3304,3294
3305,3294
3306,3296
3307,3298
3308,3296
3309,3300
3310,3299
3311,3302
3312,3303
3313,3300
3314,3305
3315,3306
3316,3308
3317,3310
3318,3308
3319,3307
3320,3312
3321,3310
3322,3311
3323,3312
3324,3313
3325,3318
3326,3316
3327,3318
3328,3321
3329,3319
3330,3319
3331,3318
3332,3323
3333,3320
3334,3324
3335,3327
3336,3326
3337,3327
3338,3331
3339,3328
3340,3333
3341,3333
3342,3332
3343,3334
3344,3333
3345,3336
3346,3333
3347,3339
3348,3338
3349,3339
3350,3341
3351,3342
3352,3344
3353,3341
3354,3340
3355,3343
3356,3347
3357,3347
3358,3347
3359,3349
3360,3353
3361,3352
3362,3354
3363,3353
3364,3354
3365,3356
3366,3356
3367,3355
3368,3360
3369,3360
3370,3358
3371,3362
3372,3362
3373,3366
3374,3366
3375,3364
3376,3366
3377,3366
3378,3367
3379,3367
3380,3371
3381,3374
3382,3368
3383,3371
3384,3372
3385,3373
3386,3382
3387,3376
3388,3380
3389,3380
3390,3378
3391,3379
3392,3382
3393,3382
3394,3385
3395,3387
3396,3389
3397,3385
3398,3392
3399,3387
3400,3392
3401,3393
3402,3388
3403,3392
3404,3392
3405,3396
3406,3396
3407,3396
3408,3400
3409,3396
3410,3402
3411,3402
3412,3399
3413,3403
3414,3403
3415,3405
3416,3408
3417,3406
3418,3412
3419,3412
3420,3409
3421,3409
3422,3410
3423,3410
3424,3416
3425,3416
3426,3418
3427,3416
3428,3416
3429,3423
3430,3420
3431,3424
3432,3420
3433,3420
3434,3425
3435,3425
3436,3426
3437,3427
3438,3426
3439,3433
3440,3425
3441,3433
3442,3434
3443,3430
3444,3434
3445,3434
3446,3436
3447,3435
3448,3435
3449,3443
3450,3437
3451,3442
3452,3443
3453,3438
3454,3446
3455,3442
3456,3444
3457,3448
3458,3447
3459,3450
3460,3447
3461,3450
3462,3454
3463,3452
3464,3453
3465,3458
3466,3454
3467,3456
3468,3453
3469,3460
3470,3463
3471,3461
3472,3463
3473,3463
3474,3465
3475,3465
3476,3462
3477,3467
3478,3468
3479,3469
3480,3469
3481,3467
3482,3472
3483,3473
3484,3474
3485,3477
3486,3475
3487,3479
3488,3474
3489,3477
3490,3479
3491,3475
3492,3484
3493,3479
3494,3485
3495,3484
3496,3482
3497,3486
3498,3488
3499,3490
3500,3491
3501,3486
3502,3494
3503,3491
3504,3495
3505,3493
3506,3495
3507,3495
3508,3502
3509,3500
3510,3498
3511,3496
3512,3502
3513,3504
3514,3501
3515,3507
3516,3507
3517,3508
3518,3511
3519,3509
3520,3513
3521,3509
3522,3510
3523,3513
3524,3514
3525,3516
3526,3514
3527,3516
3528,3521
3529,3519
3530,3522
3531,3520
3532,3520
3533,3523
3534,3524
3535,3525
3536,3529
3537,3524
3538,3528
3539,3526
3540,3528
3541,3529
3542,3528
3543,3537
3544,3533
3545,3538
3546,3539
3547,3533
3548,3540
3549,3536
3550,3538
3551,3543
3552,3542
3553,3543
3554,3545
3555,3542
3556,3549
3557,3548
3558,3546
3559,3552
3560,3546
3561,3550
3562,3552
3563,3554
3564,3556
3565,3552
3566,3559
3567,3557
3568,3557
3569,3561
3570,3560
3571,3560
3572,3562
3573,3561
3574,3566
3575,3560
3576,3564
3577,3569
3578,3568
3579,3568
3580,3568
3581,3568
3582,3568
3583,3571
3584,3578
3585,3574
3586,3580
3587,3574
3588,3578
3589,3579
3590,3578
3591,3582
3592,3579
3593,3582
3594,3585
3595,3582
3596,3588
3597,3586
3598,3585
3599,3587
3600,3590
3601,3592
3602,3593
3603,3588
3604,3596
3605,3593
3606,3596
3607,3596
3608,3595
3609,3602
3610,3597
3611,3600
3612,3602
3613,3602
3614,3604
3615,3602
3616,3602
3617,3608
3618,3607
3619,3609
3620,3611
3621,3606
3622,3613
3623,3613
3624,3613
3625,3616
3626,3613
3627,3617
3628,3617
3629,3619
3630,3620
3631,3616
3632,3624
3633,3619
3634,3622
3635,3623
3636,3624
3637,3627
3638,3624
3639,3628
3640,3630
3641,3627
3642,3634
3643,3632
3644,3636
3645,3634
3646,3635
3647,3638
3648,3640
3649,3635
3650,3639
3651,3642
3652,3639
3653,3640
3654,3643
3655,3647
3656,3643
3657,3647
3658,3646
3659,3647
3660,3650
3661,3649
3662,3653
3663,3649
3664,3653
3665,3654
3666,3654
3667,3655
3668,3660
3669,3654
3670,3661
3671,3662
3672,3662
3673,3665
3674,3659
3675,3662
3676,3666
3677,3666
3678,3666
3679,3667
3680,3669
3681,3669
3682,3670
3683,3670
3684,3673
3685,3677
3686,3672
3687,3675
3688,3677
3689,3674
3690,3683
3691,3676
3692,3680
3693,3680
3694,3683
3695,3684
3696,3687
3697,3682
3698,3689
3699,3686
3700,3689
3701,3691
3702,3689
3703,3689
3704,3695
3705,3695
3706,3698
3707,3691
3708,3698
3709,3699
3710,3701
3711,3700
3712,3700
3713,3703
3714,3702
3715,3701
3716,3707
3717,3707
3718,3709
3719,3707
3720,3704
3721,3713
3722,3706
3723,3714
3724,3714
3725,3715
3726,3718
3727,3716
3728,3716
3729,3718
3730,3715
3731,3722
3732,3720
3733,3720
3734,3725
3735,3724
3736,3724
3737,3724
3738,3729
3739,3727
3740,3727
3741,3731
3742,3732
3743,3729
3744,3732
3745,3734
3746,3736
3747,3736
3748,3736
3749,3737
3750,3737
3751,3742
3752,3738
3753,3738
3754,3743
3755,3741
3756,3741
3757,3750
3758,3744
3759,3751
3760,3745
3761,3746
3762,3754
3763,3751
3764,3754
3765,3754
3766,3753
3767,3756
3768,3757
3769,3756
3770,3756
3771,3760
3772,3761
3773,3760
3774,3763
3775,3765
3776,3766
3777,3763
3778,3766
3779,3769
3780,3769
3781,3768
3782,3772
3783,3767
3784,3773
3785,3774
3786,3777
3787,3776
3788,3776
3789,3775
3790,3779
3791,3779
3792,3779
3793,3785
3794,3782
3795,3788
3796,3784
3797,3786
3798,3786
3799,3791
3800,3790
3801,3788
3802,3790
3803,3793
3804,3794
3805,3796
3806,3793
3807,3797
3808,3799
3809,3799
3810,3801
3811,3800
3812,3799
3813,3799
3814,3803
3815,3809
3816,3803
3817,3808
3818,3806
3819,3805
3820,3811
3821,3806
3822,3813
3823,3812
3824,3810
3825,3814
3826,3812
3827,3817
3828,3817
3829,3814
3830,3818
3831,3815
3832,3818
3833,3824
3834,3822
3835,3823
3836,3823
3837,3823
3838,3826
3839,3825
3840,3828
3841,3828
3842,3831
3843,3830
3844,3832
3845,3831
3846,3836
3847,3836
3848,3841
3849,3836
3850,3839
3851,3842
3852,3837
3853,3843
3854,3841
3855,3842
3856,3844
3857,3842
3858,3848
3859,3850
3860,3847
3861,3853
3862,3849
3863,3855
3864,3852
3865,3854
3866,3854
3867,3852
3868,3859
3869,3854
3870,3860
3871,3859
3872,3856
3873,3860
3874,3864
3875,3864
3876,3866
3877,3867
3878,3865
3879,3870
3880,3865
3881,3872
3882,3867
3883,3873
3884,3873
3885,3873
3886,3875
3887,3877
3888,3874
3889,3879
3890,3879
3891,3878
3892,3879
3893,3879
3894,3883
3895,3880
3896,3884
3897,3882
3898,3888
3899,3888
3900,3889
3901,3887
3902,3891
3903,3890
3904,3896
3905,3890
3906,3895
3907,3897
3908,3892
3909,3897
3910,3895
3911,3902
3912,3900
3913,3899
3914,3901
3915,3903
3916,3906
3917,3903
3918,3904
3919,3906
3920,3908
3921,3911
3922,3911
3923,3909
3924,3911
3925,3913
3926,3914
3927,3916
3928,3915
3929,3918
3930,3920
3931,3916
3932,3922
3933,3917
3934,3920
3935,3923
3936,3923
3937,3927
3938,3923
3939,3926
3940,3930
3941,3930
3942,3929
3943,3930
3944,3931
3945,3936
3946,3931
3947,3935
3948,3937
3949,3935
3950,3941
3951,3937
3952,3942
3953,3940
3954,3942
3955,3943
3956,3944
3957,3946
3958,3943
3959,3948
3960,3951
3961,3948
3962,3952
3963,3948
3964,3954
3965,3956
3966,3950
3967,3958
3968,3958
3969,3956
3970,3957
3971,3957
3972,3962
3973,3963
3974,3960
3975,3961
3976,3964
3977,3963
3978,3967
3979,3965
3980,3970
3981,3966
3982,3968
3983,3971
3984,3968
3985,3974
3986,3975
3987,3976
3988,3976
3989,3977
3990,3975
3991,3980
3992,3979
3993,3984
3994,3978
3995,3983
3996,3985
3997,3984
3998,3986
3999,3985
4000,3987
4001,3987
4002,3990
4003,3994
4004,3992
4005,3992
4006,3994
4007,3993
4008,3999
4009,3995
4010,3995
4011,3997
4012,3998
4013,4003
4014,4001
4015,4004
4016,4006
4017,3999
4018,4007
4019,4004
4020,4006
4021,4011
4022,4008
4023,4012
4024,4011
4025,4012
4026,4015
4027,4014
4028,4013
4029,4015
4030,4013
4031,4017
4032,4016
4033,4019
4034,4022
4035,4021
4036,4026
4037,4021
4038,4024
4039,4028
4040,4025
4041,4028
4042,4027
4043,4030
4044,4030
4045,4032
4046,4035
4047,4033
4048,4034
4049,4038
4050,4036
4051,4041
4052,4040
4053,4040
4054,4039
4055,4040
4056,4043
4057,4044
4058,4044
4059,4046
4060,4045
4061,4049
4062,4049
4063,4049
4064,4052
4065,4050
4066,4055
4067,4056
4068,4053
4069,4056
4070,4056
4071,4058
4072,4058
4073,4058
4074,4064
4075,4058
4076,4060
4077,4067
4078,4063
4079,4068
4080,4068
4081,4069
4082,4073
4083,4067
4084,4075
4085,4069
4086,4071
4087,4077
4088,4076
4089,4078
4090,4075
4091,4075
4092,4080
4093,4077
4094,4074
4095,4074
