0,7
1,5
2,6
3,5
4,5
5,5
6,8
7,5
8,10
9,8
10,12
11,11
12,11
13,15
14,12
15,15
16,19
17,18
18,19
19,17
20,20
21,21
22,21
23,26
24,22
25,24
26,28
27,27
28,30
29,29
30,29
31,32
32,31
33,34
34,34
35,34
36,36
37,37
38,39
39,38
40,39
41,44
42,42
43,44
44,41
45,45
46,47
47,47
48,49
49,48
50,52
51,52
52,51
53,53
54,53
55,54
56,59
57,56
58,57
59,59
60,61
61,64
62,60
63,65
64,63
65,64
66,69
67,65
68,67
69,68
70,69
71,70
72,71
73,73
74,73
75,75
76,76
77,78
78,77
79,81
80,77
81,82
82,79
83,83
84,85
85,81
86,85
87,87
88,88
89,92
90,86
91,90
92,89
93,92
94,96
95,94
96,95
97,96
98,98
99,99
100,97
101,100
102,101
103,100
104,106
105,102
106,108
107,107
108,106
109,110
110,107
111,112
112,112
113,112
114,117
115,114
116,115
117,115
118,117
119,121
120,116
121,122
122,118
123,123
124,123
125,121
126,125
127,124
128,127
129,129
130,127
131,129
132,130
133,129
134,133
135,131
136,134
137,138
138,134
139,139
140,141
141,141
142,139
143,141
144,147
145,145
146,147
147,145
148,147
149,150
150,148
151,149
152,149
153,149
154,157
155,151
156,156
157,155
158,156
159,162
160,156
161,160
162,163
163,160
164,164
165,163
166,165
167,166
168,167
169,171
170,168
171,172
172,175
173,171
174,176
175,176
176,175
177,175
178,174
179,180
180,180
181,180
182,183
183,179
184,185
185,183
186,186
187,187
188,186
189,188
190,189
191,191
192,191
193,188
194,193
195,193
196,198
197,196
198,197
199,200
200,195
201,200
202,202
203,201
204,203
205,202
206,207
207,207
208,208
209,209
210,209
211,209
212,209
213,212
214,214
215,212
216,219
217,215
218,216
219,220
220,217
221,222
222,220
223,221
224,226
225,224
226,226
227,227
228,226
229,229
230,225
231,230
232,231
233,232
234,233
235,231
236,234
237,235
238,236
239,237
240,239
241,240
242,240
243,240
244,244
245,244
246,245
247,247
248,246
249,249
250,248
251,252
252,251
253,254
254,256
255,255
256,254
257,256
258,256
259,259
260,260
261,260
262,261
263,262
264,265
265,263
266,264
267,266
268,267
269,268
270,269
271,269
272,272
273,270
274,273
275,275
276,275
277,277
278,274
279,278
280,279
281,278
282,281
283,283
284,284
285,282
286,284
287,287
288,288
289,287
290,289
291,291
292,291
293,288
294,294
295,296
296,294
297,298
298,298
299,297
300,296
301,300
302,301
303,301
304,306
305,302
306,306
307,309
308,307
309,307
310,308
311,307
312,313
313,311
314,314
315,313
316,314
317,317
318,317
319,321
320,318
321,321
322,321
323,321
324,322
325,323
326,322
327,328
328,325
329,327
330,331
331,327
332,332
333,330
334,331
335,333
336,334
337,336
338,337
339,337
340,341
341,340
342,341
343,340
344,342
345,342
346,344
347,347
348,344
349,347
350,350
351,347
352,353
353,351
354,351
355,354
356,352
357,358
358,357
359,357
360,357
361,360
362,362
363,360
364,360
365,365
366,366
367,366
368,372
369,367
370,370
371,370
372,368
373,373
374,372
375,373
376,373
377,377
378,378
379,377
380,379
381,380
382,382
383,385
384,381
385,383
386,385
387,386
388,387
389,388
390,389
391,390
392,391
393,395
394,391
395,393
396,393
397,394
398,399
399,395
400,401
401,399
402,401
403,403
404,399
405,404
406,404
407,406
408,406
409,406
410,411
411,408
412,410
413,413
414,411
415,413
416,416
417,412
418,417
419,417
420,420
421,419
422,421
423,423
424,421
425,423
426,426
427,422
428,428
429,427
430,426
431,430
432,429
433,430
434,431
435,431
436,436
437,436
438,435
439,442
440,435
441,440
442,442
443,441
444,442
445,441
446,446
447,444
448,447
449,446
450,445
451,449
452,448
453,452
454,451
455,454
456,456
457,455
458,453
459,458
460,455
461,459
462,458
463,460
464,464
465,460
466,464
467,462
468,464
469,468
470,468
471,470
472,468
473,472
474,474
475,471
476,474
477,472
478,475
479,480
480,479
481,478
482,476
483,479
484,481
485,483
486,483
487,486
488,487
489,484
490,486
491,491
492,489
493,492
494,492
495,491
496,495
497,493
498,497
499,499
500,496
501,498
502,499
503,503
504,503
505,499
506,506
507,505
508,507
509,509
510,506
511,508
512,508
513,513
514,515
515,510
516,515
517,516
518,515
519,519
520,517
521,522
522,519
523,519
524,524
525,521
526,527
527,523
528,528
529,527
530,527
531,530
532,529
533,533
534,533
535,534
536,533
537,533
538,538
539,539
540,538
541,539
542,542
543,543
544,543
545,545
546,547
547,543
548,544
549,549
550,547
551,548
552,551
553,550
554,551
555,554
556,557
557,551
558,557
559,560
560,555
561,562
562,560
563,561
564,561
565,564
566,568
567,566
568,566
569,567
570,570
571,568
572,571
573,570
574,574
575,572
576,572
577,575
578,576
579,578
580,576
581,581
582,582
583,581
584,587
585,581
586,584
587,582
588,583
589,587
590,586
591,590
592,591
593,592
594,593
595,593
596,593
597,593
598,596
599,599
600,598
601,601
602,598
603,602
604,605
605,600
606,604
607,605
608,604
609,607
610,606
611,607
612,610
613,610
614,614
615,610
616,614
617,616
618,614
619,617
620,615
621,618
622,618
623,621
624,622
625,620
626,624
627,625
628,627
629,626
630,627
631,627
632,632
633,631
634,633
635,631
636,634
637,634
638,636
639,636
640,636
641,639
642,638
643,638
644,641
645,641
646,645
647,643
648,644
649,646
650,647
651,648
652,652
653,649
654,651
655,653
656,652
657,656
658,659
659,658
660,657
661,658
662,660
663,661
664,663
665,663
666,663
667,667
668,667
669,666
670,666
671,668
672,673
673,669
674,671
675,673
676,673
677,680
678,676
679,676
680,676
681,679
682,680
683,680
684,684
685,684
686,684
687,687
688,684
689,688
690,687
691,688
692,691
693,691
694,692
695,695
696,693
697,694
698,695
699,697
700,698
701,697
702,702
703,700
704,701
705,702
706,704
707,706
708,703
709,706
710,708
711,709
712,712
713,710
714,713
715,716
716,712
717,715
718,715
719,718
720,720
721,715
722,721
723,720
724,723
725,723
726,724
727,726
728,724
729,729
730,727
731,726
732,729
733,729
734,731
735,735
736,732
737,737
738,733
739,737
740,739
741,736
742,742
743,741
744,742
745,744
746,743
747,746
748,744
749,745
750,750
751,748
752,750
753,750
754,752
755,752
756,753
757,754
758,755
759,754
760,759
761,756
762,760
763,762
764,762
765,763
766,763
767,766
768,766
769,765
770,766
771,767
772,771
773,771
774,770
775,774
776,774
777,776
778,776
779,772
780,779
781,779
782,779
783,782
784,782
785,784
786,781
787,787
788,786
789,787
790,789
791,786
792,789
793,790
794,792
795,796
796,794
797,794
798,798
799,797
800,798
801,795
802,801
803,801
804,800
805,805
806,801
807,806
808,804
809,806
810,808
811,805
812,811
813,811
814,808
815,815
816,813
817,815
818,817
819,816
820,820
821,816
822,817
823,819
824,821
825,824
826,823
827,825
828,827
829,823
830,828
831,826
832,830
833,831
834,828
835,833
836,832
837,832
838,836
839,835
840,839
841,837
842,841
843,840
844,840
845,841
846,842
847,844
848,848
849,844
850,849
851,847
852,850
853,853
854,851
855,853
856,852
857,856
858,856
859,853
860,860
861,857
862,860
863,864
864,859
865,862
866,863
867,866
868,865
869,866
870,868
871,867
872,868
873,873
874,870
875,872
876,873
877,874
878,875
879,876
880,877
881,877
882,880
883,878
884,882
885,882
886,882
887,887
888,887
889,887
890,887
891,887
892,888
893,890
894,889
895,893
896,893
897,893
898,898
899,895
900,898
901,897
902,901
903,900
904,899
905,903
906,900
907,907
908,905
909,907
910,909
911,910
912,907
913,911
914,908
915,914
916,914
917,912
918,914
919,917
920,917
921,919
922,921
923,922
924,923
925,922
926,921
927,923
928,927
929,927
930,928
931,929
932,929
933,933
934,930
935,933
936,932
937,936
938,938
939,935
940,937
941,939
942,938
943,943
944,942
945,941
946,945
947,944
948,947
949,948
950,947
951,951
952,947
953,951
954,949
955,954
956,951
957,954
958,958
959,958
960,957
961,960
962,960
963,962
964,962
965,964
966,963
967,963
968,965
969,963
970,968
971,970
972,967
973,973
974,969
975,974
976,975
977,975
978,979
979,976
980,977
981,980
982,977
983,980
984,981
985,985
986,985
987,982
988,984
989,982
990,989
991,988
992,988
993,991
994,993
995,992
996,992
997,993
998,995
999,995
1000,997
1001,1000
1002,998
1003,1000
1004,1001
1005,1002
1006,1007
1007,1002
1008,1006
1009,1007
1010,1007
1011,1009
1012,1011
1013,1012
1014,1012
1015,1012
1016,1017
1017,1014
1018,1017
1019,1017
1020,1017
1021,1019
1022,1018
1023,1020
1024,1023
1025,1021
1026,1027
1027,1021
1028,1027
1029,1028
1030,1029
1031,1029
1032,1027
1033,1030
1034,1030
1035,1032
1036,1037
1037,1034
1038,1038
1039,1035
1040,1037
1041,1039
1042,1040
1043,1037
1044,1046
1045,1043
1046,1045
1047,1044
1048,1046
1049,1048
1050,1048
1051,1051
1052,1052
1053,1049
1054,1053
1055,1050
1056,1053
1057,1058
1058,1056
1059,1063
1060,1055
1061,1060
1062,1059
1063,1059
1064,1066
1065,1063
1066,1062
1067,1067
1068,1063
1069,1069
1070,1067
1071,1071
1072,1071
1073,1070
1074,1072
1075,1070
1076,1073
1077,1077
1078,1074
1079,1081
1080,1074
1081,1081
1082,1079
1083,1081
1084,1083
1085,1080
1086,1085
1087,1085
1088,1086
1089,1088
1090,1087
1091,1090
1092,1089
1093,1089
1094,1092
1095,1094
1096,1093
1097,1097
1098,1095
1099,1099
1100,1098
1101,1099
1102,1099
1103,1099
1104,1103
1105,1103
1106,1102
1107,1107
1108,1105
1109,1105
1110,1110
1111,1109
1112,1110
1113,1111
1114,1112
1115,1116
1116,1110
1117,1114
1118,1114
1119,1116
1120,1118
1121,1117
1122,1123
1123,1122
1124,1120
1125,1125
1126,1121
1127,1124
1128,1125
1129,1125
1130,1128
1131,1129
1132,1130
1133,1131
1134,1128
1135,1136
1136,1134
1137,1136
1138,1139
1139,1136
1140,1137
1141,1139
1142,1136
1143,1143
1144,1138
1145,1143
1146,1144
1147,1143
1148,1147
1149,1146
1150,1147
1151,1148
1152,1147
1153,1153
1154,1149
1155,1155
1156,1154
1157,1153
1158,1158
1159,1157
1160,1157
1161,1160
1162,1157
1163,1164
1164,1158
1165,1165
1166,1165
1167,1164
1168,1169
1169,1164
1170,1169
1171,1171
1172,1169
1173,1173
1174,1168
1175,1171
1176,1174
1177,1172
1178,1176
1179,1174
1180,1174
1181,1181
1182,1179
1183,1180
1184,1181
1185,1180
1186,1186
1187,1185
1188,1186
1189,1187
1190,1186
1191,1191
1192,1188
1193,1193
1194,1192
1195,1192
1196,1196
1197,1193
1198,1195
1199,1198
1200,1195
1201,1199
1202,1199
1203,1200
1204,1201
1205,1202
1206,1205
1207,1205
1208,1208
1209,1208
1210,1206
1211,1208
1212,1208
1213,1210
1214,1212
1215,1211
1216,1216
1217,1214
1218,1217
1219,1218
1220,1216
1221,1221
1222,1217
1223,1221
1224,1224
1225,1220
1226,1223
1227,1227
1228,1224
1229,1227
1230,1225
1231,1227
1232,1231
1233,1228
1234,1231
1235,1232
1236,1230
1237,1237
1238,1232
1239,1238
1240,1237
1241,1237
1242,1243
1243,1237
1244,1244
1245,1241
1246,1241
1247,1245
1248,1244
1249,1248
1250,1248
1251,1250
1252,1251
1253,1254
1254,1253
1255,1252
1256,1253
1257,1256
1258,1252
1259,1258
1260,1257
1261,1257
1262,1264
1263,1260
1264,1263
1265,1264
1266,1261
1267,1269
1268,1265
1269,1270
1270,1269
1271,1269
1272,1271
1273,1270
1274,1270
1275,1274
1276,1275
1277,1277
1278,1276
1279,1273
1280,1279
1281,1280
1282,1282
1283,1283
1284,1280
1285,1283
1286,1283
1287,1284
1288,1287
1289,1284
1290,1289
1291,1288
1292,1288
1293,1292
1294,1292
1295,1292
1296,1293
1297,1297
1298,1297
1299,1297
1300,1299
1301,1298
1302,1300
1303,1302
1304,1302
1305,1305
1306,1302
1307,1306
1308,1305
1309,1304
1310,1307
1311,1311
1312,1309
1313,1315
1314,1309
1315,1315
1316,1314
1317,1313
1318,1318
1319,1313
1320,1316
1321,1319
1322,1319
1323,1320
1324,1320
1325,1323
1326,1325
1327,1321
1328,1324
1329,1326
1330,1324
1331,1330
1332,1327
1333,1332
1334,1331
1335,1331
1336,1333
1337,1332
1338,1334
1339,1338
1340,1337
1341,1340
1342,1340
1343,1340
1344,1341
1345,1341
1346,1346
1347,1344
1348,1347
1349,1346
1350,1347
1351,1352
1352,1348
1353,1351
1354,1349
1355,1351
1356,1356
1357,1352
1358,1354
1359,1356
1360,1357
1361,1361
1362,1356
1363,1359
1364,1361
1365,1360
1366,1362
1367,1363
1368,1364
1369,1369
1370,1367
1371,1367
1372,1370
1373,1369
1374,1372
1375,1373
1376,1373
1377,1375
1378,1375
1379,1379
1380,1373
1381,1377
1382,1380
1383,1380
1384,1384
1385,1379
1386,1383
1387,1384
1388,1383
1389,1389
1390,1385
1391,1391
1392,1389
1393,1390
1394,1391
1395,1392
1396,1394
1397,1397
1398,1392
1399,1396
1400,1397
1401,1400
1402,1403
1403,1399
1404,1400
1405,1399
1406,1404
1407,1406
1408,1404
1409,1406
1410,1405
1411,1409
1412,1410
1413,1408
1414,1411
1415,1413
1416,1411
1417,1417
1418,1415
1419,1415
1420,1420
1421,1415
1422,1420
1423,1420
1424,1419
1425,1424
1426,1420
1427,1423
1428,1423
1429,1427
1430,1428
1431,1425
1432,1430
1433,1429
1434,1432
1435,1434
1436,1432
1437,1437
1438,1436
1439,1434
1440,1438
1441,1436
1442,1440
1443,1441
1444,1438
1445,1446
1446,1440
1447,1443
1448,1445
1449,1445
1450,1447
1451,1446
1452,1448
1453,1450
1454,1448
1455,1454
1456,1453
1457,1454
1458,1454
1459,1456
1460,1458
1461,1457
1462,1458
1463,1463
1464,1460
1465,1460
1466,1464
1467,1463
1468,1467
1469,1464
1470,1467
1471,1466
1472,1468
1473,1471
1474,1468
1475,1471
1476,1472
1477,1473
1478,1473
1479,1472
1480,1478
1481,1477
1482,1476
1483,1480
1484,1479
1485,1482
1486,1484
1487,1483
1488,1484
1489,1484
1490,1487
1491,1489
1492,1489
1493,1490
1494,1489
1495,1493
1496,1493
1497,1494
1498,1493
1499,1495
1500,1500
1501,1497
1502,1495
1503,1501
1504,1497
1505,1502
1506,1504
1507,1503
1508,1502
1509,1510
1510,1505
1511,1509
1512,1509
1513,1509
1514,1511
1515,1508
1516,1512
1517,1513
1518,1515
1519,1517
1520,1516
1521,1519
1522,1518
1523,1517
1524,1525
1525,1519
1526,1525
1527,1523
1528,1525
1529,1529
1530,1527
1531,1529
1532,1530
1533,1528
1534,1534
1535,1531
1536,1535
1537,1532
1538,1534
1539,1538
1540,1534
1541,1541
1542,1538
1543,1539
1544,1544
1545,1542
1546,1543
1547,1543
1548,1544
1549,1547
1550,1547
1551,1550
1552,1549
1553,1547
1554,1550
1555,1550
1556,1550
1557,1557
1558,1554
1559,1555
1560,1555
1561,1558
1562,1561
1563,1560
1564,1563
1565,1560
1566,1563
1567,1564
1568,1561
1569,1565
1570,1566
1571,1563
1572,1570
1573,1567
1574,1572
1575,1572
1576,1571
1577,1576
1578,1574
1579,1576
1580,1579
1581,1577
1582,1577
1583,1577
1584,1580
1585,1584
1586,1579
1587,1583
1588,1584
1589,1584
1590,1588
1591,1585
1592,1591
1593,1588
1594,1591
1595,1590
1596,1589
1597,1597
1598,1592
1599,1592
1600,1598
1601,1598
1602,1598
1603,1601
1604,1597
1605,1602
1606,1601
1607,1603
1608,1606
1609,1605
1610,1608
1611,1608
1612,1606
1613,1610
1614,1610
1615,1613
1616,1613
1617,1614
1618,1617
1619,1613
1620,1618
1621,1618
1622,1616
1623,1620
1624,1620
1625,1622
1626,1621
1627,1623
1628,1628
1629,1625
1630,1625
1631,1626
1632,1625
1633,1629
1634,1629
1635,1634
1636,1634
1637,1632
1638,1634
1639,1635
1640,1635
1641,1635
1642,1638
1643,1643
1644,1638
1645,1639
1646,1643
1647,1642
1648,1642
1649,1643
1650,1643
1651,1647
1652,1645
1653,1649
1654,1652
1655,1648
1656,1655
1657,1652
1658,1655
1659,1654
1660,1653
1661,1660
1662,1657
1663,1658
1664,1661
1665,1661
1666,1662
1667,1662
1668,1669
1669,1664
1670,1664
1671,1667
1672,1667
1673,1668
1674,1670
1675,1668
1676,1672
1677,1673
1678,1673
1679,1675
1680,1674
1681,1678
1682,1678
1683,1677
1684,1682
1685,1681
1686,1684
1687,1683
1688,1683
1689,1688
1690,1685
1691,1687
1692,1691
1693,1688
1694,1691
1695,1693
1696,1691
1697,1692
1698,1693
1699,1694
1700,1694
1701,1695
1702,1699
1703,1694
1704,1701
1705,1700
1706,1702
1707,1706
1708,1700
1709,1707
1710,1704
1711,1706
1712,1711
1713,1708
1714,1712
1715,1709
1716,1711
1717,1717
1718,1715
1719,1717
1720,1717
1721,1714
1722,1720
1723,1715
1724,1720
1725,1721
1726,1722
1727,1723
1728,1721
1729,1724
1730,1725
1731,1726
1732,1728
1733,1727
1734,1730
1735,1730
1736,1729
1737,1736
1738,1733
1739,1732
1740,1736
1741,1737
1742,1738
1743,1739
1744,1737
1745,1741
1746,1738
1747,1744
1748,1748
1749,1741
1750,1749
1751,1743
1752,1746
1753,1749
1754,1751
1755,1752
1756,1751
1757,1753
1758,1753
1759,1753
1760,1759
1761,1757
1762,1760
1763,1760
1764,1757
1765,1763
1766,1759
1767,1762
1768,1767
1769,1765
1770,1769
1771,1764
1772,1768
1773,1771
1774,1767
1775,1771
1776,1772
1777,1773
1778,1775
1779,1772
1780,1776
1781,1778
1782,1776
1783,1779
1784,1779
1785,1781
1786,1784
1787,1781
1788,1786
1789,1784
1790,1787
1791,1787
1792,1788
1793,1789
1794,1789
1795,1791
1796,1794
1797,1790
1798,1794
1799,1795
1800,1796
1801,1797
1802,1794
1803,1800
1804,1800
1805,1800
1806,1805
1807,1802
1808,1806
1809,1804
1810,1804
1811,1810
1812,1807
1813,1809
1814,1810
1815,1811
1816,1812
1817,1812
1818,1813
1819,1814
1820,1815
1821,1818
1822,1812
1823,1821
1824,1820
1825,1821
1826,1823
1827,1822
1828,1825
1829,1825
1830,1822
1831,1829
1832,1825
1833,1828
1834,1832
1835,1831
1836,1832
1837,1833
1838,1833
1839,1835
1840,1835
1841,1838
1842,1837
1843,1836
1844,1843
1845,1838
1846,1841
1847,1843
1848,1842
1849,1846
1850,1845
1851,1846
1852,1849
1853,1847
1854,1852
1855,1848
1856,1852
1857,1852
1858,1852
1859,1857
1860,1854
1861,1855
1862,1858
1863,1857
1864,1861
1865,1863
1866,1860
1867,1864
1868,1862
1869,1866
1870,1862
1871,1865
1872,1867
1873,1868
1874,1870
1875,1867
1876,1869
1877,1875
1878,1872
1879,1875
1880,1876
1881,1876
1882,1881
1883,1879
1884,1878
1885,1880
1886,1883
1887,1883
1888,1881
1889,1882
1890,1887
1891,1884
1892,1888
1893,1888
1894,1888
1895,1890
1896,1891
1897,1893
1898,1894
1899,1893
1900,1898
1901,1895
1902,1900
1903,1899
1904,1899
1905,1904
1906,1899
1907,1901
1908,1902
1909,1903
1910,1909
1911,1906
1912,1906
1913,1909
1914,1908
1915,1912
1916,1911
1917,1913
1918,1915
1919,1916
1920,1917
1921,1915
1922,1920
1923,1916
1924,1918
1925,1922
1926,1923
1927,1923
1928,1923
1929,1924
1930,1927
1931,1926
1932,1926
1933,1929
1934,1925
1935,1929
1936,1931
1937,1932
1938,1935
1939,1934
1940,1936
1941,1935
1942,1936
1943,1940
1944,1936
1945,1941
1946,1941
1947,1942
1948,1946
1949,1940
1950,1945
1951,1951
1952,1945
1953,1951
1954,1947
1955,1949
1956,1952
1957,1950
1958,1954
1959,1954
1960,1957
1961,1959
1962,1954
1963,1958
1964,1958
1965,1958
1966,1961
1967,1962
1968,1963
1969,1962
1970,1963
1971,1967
1972,1967
1973,1968
1974,1973
1975,1969
1976,1973
1977,1973
1978,1974
1979,1974
1980,1973
1981,1976
1982,1978
1983,1976
1984,1982
1985,1980
1986,1982
1987,1982
1988,1981
1989,1985
1990,1983
1991,1986
1992,1987
1993,1986
1994,1989
1995,1987
1996,1993
1997,1993
1998,1993
1999,1997
2000,1994
2001,1995
2002,1995
2003,1996
2004,1999
2005,2000
2006,2002
2007,2002
2008,2004
2009,2006
2010,2003
2011,2006
2012,2005
2013,2008
2014,2013
2015,2011
2016,2011
2017,2013
2018,2012
2019,2016
2020,2015
2021,2014
2022,2019
2023,2016
2024,2019
2025,2021
2026,2019
2027,2026
2028,2022
2029,2025
2030,2024
2031,2027
2032,2027
2033,2029
2034,2031
2035,2029
2036,2031
2037,2036
2038,2029
2039,2035
2040,2038
2041,2037
2042,2039
2043,2036
2044,2040
2045,2040
2046,2040
2047,2045
2048,2043
2049,2043
2050,2048
2051,2046
2052,2050
2053,2047
2054,2050
2055,2053
2056,2047
2057,2055
2058,2055
2059,2055
2060,2056
2061,2056
2062,2061
2063,2057
2064,2057
2065,2064
2066,2060
2067,2062
2068,2063
2069,2065
2070,2067
2071,2066
2072,2068
2073,2071
2074,2069
2075,2074
2076,2073
2077,2071
2078,2074
2079,2069
2080,2078
2081,2076
2082,2078
2083,2078
2084,2076
2085,2079
2086,2079
2087,2085
2088,2087
2089,2083
2090,2087
2091,2085
2092,2088
2093,2089
2094,2086
2095,2092
2096,2092
2097,2092
2098,2095
2099,2092
2100,2095
2101,2094
2102,2098
2103,2099
2104,2098
2105,2100
2106,2102
2107,2102
2108,2106
2109,2102
2110,2107
2111,2106
2112,2107
2113,2110
2114,2110
2115,2111
2116,2115
2117,2112
2118,2117
2119,2113
2120,2111
2121,2118
2122,2117
2123,2120
2124,2119
2125,2119
2126,2123
2127,2122
2128,2124
2129,2125
2130,2126
2131,2128
2132,2126
2133,2128
2134,2131
2135,2130
2136,2130
2137,2130
2138,2132
2139,2136
2140,2134
2141,2140
2142,2139
2143,2137
2144,2141
2145,2140
2146,2141
2147,2140
2148,2143
2149,2146
2150,2145
2151,2149
2152,2145
2153,2149
2154,2152
2155,2147
2156,2151
2157,2151
2158,2152
2159,2152
2160,2153
2161,2160
2162,2153
2163,2161
2164,2160
2165,2161
2166,2161
2167,2159
2168,2165
2169,2163
2170,2164
2171,2168
2172,2167
2173,2170
2174,2169
2175,2171
2176,2171
2177,2169
2178,2175
2179,2172
2180,2173
2181,2176
2182,2176
2183,2178
2184,2176
2185,2179
2186,2185
2187,2178
2188,2186
2189,2184
2190,2184
2191,2188
2192,2187
2193,2187
2194,2188
2195,2190
2196,2193
2197,2189
2198,2191
2199,2195
2200,2195
2201,2198
2202,2193
2203,2197
2204,2199
2205,2199
2206,2203
2207,2204
2208,2204
2209,2205
2210,2204
2211,2204
2212,2205
2213,2205
2214,2211
2215,2210
2216,2212
2217,2212
2218,2210
2219,2214
2220,2212
2221,2214
2222,2215
2223,2216
2224,2220
2225,2217
2226,2220
2227,2223
2228,2221
2229,2223
2230,2223
2231,2226
2232,2225
2233,2226
2234,2231
2235,2230
2236,2234
2237,2234
2238,2230
2239,2234
2240,2232
2241,2236
2242,2239
2243,2235
2244,2242
2245,2238
2246,2240
2247,2241
2248,2241
2249,2242
2250,2242
2251,2242
2252,2249
2253,2248
2254,2249
2255,2253
2256,2250
2257,2254
2258,2250
2259,2254
2260,2257
2261,2255
2262,2256
2263,2256
2264,2262
2265,2258
2266,2257
2267,2265
2268,2261
2269,2263
2270,2268
2271,2262
2272,2267
2273,2269
2274,2270
2275,2271
2276,2267
2277,2271
2278,2269
2279,2274
2280,2278
2281,2271
2282,2276
2283,2277
2284,2280
2285,2282
2286,2276
2287,2283
2288,2279
2289,2285
2290,2283
2291,2282
2292,2290
2293,2288
2294,2288
2295,2290
2296,2289
2297,2289
2298,2293
2299,2289
2300,2293
2301,2293
2302,2297
2303,2300
2304,2295
2305,2299
2306,2302
2307,2302
2308,2303
2309,2303
2310,2303
2311,2303
2312,2307
2313,2308
2314,2307
2315,2310
2316,2308
2317,2313
2318,2315
2319,2310
2320,2313
2321,2315
2322,2312
2323,2317
2324,2315
2325,2320
2326,2320
2327,2320
2328,2324
2329,2320
2330,2325
2331,2326
2332,2323
2333,2329
2334,2324
2335,2332
2336,2332
2337,2329
2338,2332
2339,2330
2340,2335
2341,2335
2342,2332
2343,2336
2344,2339
2345,2340
2346,2339
2347,2340
2348,2340
2349,2343
2350,2341
2351,2343
2352,2343
2353,2346
2354,2345
2355,2349
2356,2349
2357,2351
2358,2350
2359,2353
2360,2351
2361,2358
2362,2354
2363,2358
2364,2358
2365,2355
2366,2361
2367,2360
2368,2363
2369,2365
2370,2360
2371,2367
2372,2366
2373,2367
2374,2367
2375,2366
2376,2368
2377,2369
2378,2370
2379,2372
2380,2371
2381,2377
2382,2376
2383,2376
2384,2377
2385,2375
2386,2383
2387,2380
2388,2382
2389,2386
2390,2381
2391,2385
2392,2386
2393,2386
2394,2389
2395,2387
2396,2386
2397,2393
2398,2389
2399,2391
2400,2395
2401,2394
2402,2399
2403,2396
2404,2396
2405,2401
2406,2402
2407,2400
2408,2400
2409,2401
2410,2401
2411,2401
2412,2407
2413,2402
2414,2409
2415,2410
2416,2409
2417,2412
2418,2408
2419,2414
2420,2414
2421,2411
2422,2415
2423,2414
2424,2418
2425,2420
2426,2419
2427,2420
2428,2417
2429,2423
2430,2425
2431,2425
2432,2428
2433,2423
2434,2427
2435,2427
2436,2429
2437,2428
2438,2434
2439,2430
2440,2431
2441,2431
2442,2437
2443,2436
2444,2434
2445,2439
2446,2438
2447,2441
2448,2443
2449,2439
2450,2446
2451,2445
2452,2444
2453,2450
2454,2447
2455,2451
2456,2445
2457,2449
2458,2452
2459,2449
2460,2454
2461,2452
2462,2454
2463,2459
2464,2456
2465,2459
2466,2459
2467,2460
2468,2462
2469,2458
2470,2466
2471,2462
2472,2463
2473,2469
2474,2463
2475,2466
2476,2468
2477,2472
2478,2473
2479,2472
2480,2471
2481,2472
2482,2474
2483,2476
2484,2476
2485,2475
2486,2478
2487,2475
2488,2484
2489,2480
2490,2481
2491,2488
2492,2481
2493,2485
2494,2485
2495,2487
2496,2491
2497,2486
2498,2492
2499,2494
2500,2496
2501,2497
2502,2491
2503,2497
2504,2498
2505,2497
2506,2501
2507,2500
2508,2502
2509,2500
2510,2504
2511,2506
2512,2503
2513,2507
2514,2508
2515,2508
2516,2510
2517,2507
2518,2510
2519,2511
2520,2512
2521,2516
2522,2512
2523,2517
2524,2518
2525,2521
2526,2522
2527,2517
2528,2519
2529,2524
2530,2522
2531,2523
2532,2528
2533,2527
2534,2530
2535,2528
2536,2530
2537,2534
2538,2530
2539,2531
2540,2534
2541,2535
2542,2536
2543,2535
2544,2536
2545,2535
2546,2538
2547,2539
2548,2540
2549,2544
2550,2540
2551,2542
2552,2545
2553,2542
2554,2548
2555,2546
2556,2549
2557,2553
2558,2550
2559,2551
2560,2553
2561,2554
2562,2558
2563,2553
2564,2559
2565,2557
2566,2559
2567,2563
2568,2562
2569,2561
2570,2564
2571,2562
2572,2568
2573,2562
2574,2567
2575,2566
2576,2571
2577,2570
2578,2569
2579,2570
2580,2577
2581,2572
2582,2577
2583,2575
2584,2576
2585,2578
2586,2576
2587,2578
2588,2582
2589,2580
2590,2586
2591,2581
2592,2588
2593,2585
2594,2585
2595,2591
2596,2589
2597,2591
2598,2589
2599,2592
2600,2597
2601,2592
2602,2594
2603,2594
2604,2596
2605,2599
2606,2595
2607,2599
2608,2602
2609,2604
2610,2606
2611,2604
2612,2604
2613,2608
2614,2604
2615,2611
2616,2605
2617,2609
2618,2608
2619,2611
2620,2616
2621,2609
2622,2613
2623,2615
2624,2615
2625,2620
2626,2620
2627,2617
2628,2623
2629,2620
2630,2624
2631,2624
2632,2621
2633,2626
2634,2623
2635,2625
2636,2630
2637,2629
2638,2632
2639,2631
2640,2634
2641,2636
2642,2635
2643,2635
2644,2633
2645,2639
2646,2640
2647,2637
2648,2643
2649,2639
2650,2641
2651,2643
2652,2642
2653,2648
2654,2648
2655,2646
2656,2651
2657,2649
2658,2651
2659,2651
2660,2651
2661,2655
2662,2653
2663,2657
2664,2655
2665,2658
2666,2662
2667,2660
2668,2660
2669,2666
2670,2660
2671,2662
2672,2664
2673,2663
2674,2667
2675,2666
2676,2670
2677,2667
2678,2673
2679,2671
2680,2668
2681,2673
2682,2673
2683,2676
2684,2676
2685,2673
2686,2679
2687,2677
2688,2677
2689,2682
2690,2682
2691,2683
2692,2685
2693,2684
2694,2687
2695,2684
2696,2687
2697,2687
2698,2688
2699,2691
2700,2693
2701,2691
2702,2694
2703,2696
2704,2700
2705,2695
2706,2698
2707,2703
2708,2701
2709,2705
2710,2699
2711,2701
2712,2703
2713,2704
2714,2708
2715,2706
2716,2704
2717,2709
2718,2707
2719,2707
2720,2714
2721,2708
2722,2716
2723,2715
2724,2719
2725,2717
2726,2718
2727,2721
2728,2719
2729,2721
2730,2720
2731,2720
2732,2728
2733,2725
2734,2725
2735,2730
2736,2724
2737,2732
2738,2727
2739,2729
2740,2733
2741,2732
2742,2735
2743,2732
2744,2736
2745,2740
2746,2736
2747,2742
2748,2741
2749,2743
2750,2742
2751,2741
2752,2745
2753,2746
2754,2745
2755,2747
2756,2749
2757,2753
2758,2748
2759,2748
2760,2754
2761,2750
2762,2755
2763,2759
2764,2755
2765,2757
2766,2754
2767,2760
2768,2760
2769,2762
2770,2764
2771,2762
2772,2762
2773,2769
2774,2767
2775,2769
2776,2767
2777,2765
2778,2772
2779,2768
2780,2776
2781,2772
2782,2772
2783,2775
2784,2778
2785,2777
2786,2776
2787,2776
2788,2780
2789,2778
2790,2781
2791,2782
2792,2781
2793,2785
2794,2786
2795,2787
2796,2786
2797,2788
2798,2791
2799,2789
2800,2794
2801,2792
2802,2794
2803,2798
2804,2796
2805,2796
2806,2797
2807,2799
2808,2802
2809,2802
2810,2800
2811,2803
2812,2801
2813,2804
2814,2804
2815,2803
2816,2810
2817,2808
2818,2809
2819,2813
2820,2810
2821,2816
2822,2814
2823,2815
2824,2818
2825,2818
2826,2819
2827,2818
2828,2819
2829,2824
2830,2819
2831,2826
2832,2825
2833,2823
2834,2824
2835,2827
2836,2828
2837,2825
2838,2831
2839,2830
2840,2831
2841,2834
2842,2832
2843,2834
2844,2836
2845,2836
2846,2840
2847,2839
2848,2840
2849,2842
2850,2840
2851,2842
2852,2841
2853,2843
2854,2844
2855,2846
2856,2848
2857,2853
2858,2849
2859,2853
2860,2852
2861,2851
2862,2853
2863,2852
2864,2857
2865,2855
2866,2856
2867,2860
2868,2860
2869,2864
2870,2862
2871,2862
2872,2865
2873,2865
2874,2865
2875,2869
2876,2867
2877,2873
2878,2870
2879,2871
2880,2871
2881,2869
2882,2874
2883,2874
2884,2877
2885,2875
2886,2875
2887,2881
2888,2876
2889,2881
2890,2880
2891,2879
2892,2887
2893,2881
2894,2888
2895,2887
2896,2883
2897,2889
2898,2888
2899,2889
2900,2895
2901,2893
2902,2896
2903,2897
2904,2894
2905,2899
2906,2894
2907,2895
2908,2898
2909,2901
2910,2901
2911,2903
2912,2902
2913,2905
2914,2903
2915,2909
2916,2905
2917,2910
2918,2910
2919,2911
2920,2915
2921,2909
2922,2915
2923,2917
2924,2912
2925,2915
2926,2919
2927,2918
2928,2923
2929,2917
2930,2921
2931,2923
2932,2922
2933,2926
2934,2922
2935,2929
2936,2927
2937,2927
2938,2933
2939,2927
2940,2933
2941,2930
2942,2935
2943,2938
2944,2934
2945,2939
2946,2937
2947,2936
2948,2939
2949,2941
2950,2939
2951,2941
2952,2940
2953,2945
2954,2943
2955,2947
2956,2947
2957,2949
2958,2949
2959,2947
2960,2949
2961,2952
2962,2952
2963,2953
2964,2956
2965,2955
2966,2957
2967,2955
2968,2961
2969,2960
2970,2958
2971,2964
2972,2960
2973,2965
2974,2965
2975,2963
2976,2967
2977,2965
2978,2969
2979,2969
2980,2970
2981,2975
2982,2971
2983,2973
2984,2974
2985,2975
2986,2977
2987,2978
2988,2981
2989,2982
2990,2979
2991,2986
2992,2982
2993,2983
2994,2984
2995,2984
2996,2985
2997,2990
2998,2988
2999,2993
3000,2987
3001,2992
3002,2992
3003,2991
3004,2994
3005,2995
3006,2995
3007,3000
3008,2998
3009,3002
3010,3002
3011,3002
3012,3006
3013,3002
3014,3006
3015,3003
3016,3010
3017,3011
3018,3006
3019,3009
3020,3012
3021,3011
3022,3017
3023,3015
3024,3015
3025,3014
3026,3020
3027,3022
3028,3017
3029,3019
3030,3022
3031,3024
3032,3024
3033,3024
3034,3026
3035,3024
3036,3029
3037,3030
3038,3031
3039,3031
3040,3031
3041,3034
3042,3033
3043,3031
3044,3038
3045,3037
3046,3034
3047,3039
3048,3041
3049,3039
3050,3046
3051,3041
3052,3044
3053,3042
3054,3044
3055,3051
3056,3044
3057,3051
3058,3049
3059,3049
3060,3053
3061,3050
3062,3051
3063,3052
3064,3054
3065,3055
3066,3058
3067,3060
3068,3058
3069,3061
3070,3064
3071,3063
3072,3063
3073,3065
3074,3062
3075,3069
3076,3065
3077,3069
3078,3069
3079,3066
3080,3070
3081,3071
3082,3076
3083,3073
3084,3072
3085,3080
3086,3075
3087,3079
3088,3082
3089,3080
3090,3081
3091,3081
3092,3082
3093,3084
3094,3085
3095,3086
3096,3085
3097,3085
3098,3092
3099,3089
3100,3090
3101,3091
3102,3090
3103,3095
3104,3095
3105,3094
3106,3098
3107,3094
3108,3099
3109,3099
3110,3099
3111,3101
3112,3099
3113,3103
3114,3102
3115,3104
3116,3108
3117,3106
3118,3109
3119,3104
3120,3109
3121,3111
3122,3113
3123,3115
3124,3115
3125,3117
3126,3119
3127,3113
3128,3118
3129,3118
3130,3119
3131,3121
3132,3121
3133,3126
3134,3123
3135,3125
3136,3128
3137,3126
3138,3131
3139,3129
3140,3131
3141,3133
3142,3132
3143,3134
3144,3139
3145,3135
3146,3138
3147,3141
3148,3138
3149,3142
3150,3139
3151,3141
3152,3141
3153,3143
3154,3145
3155,3145
3156,3149
3157,3149
3158,3143
3159,3150
3160,3150
3161,3154
3162,3151
3163,3154
3164,3158
3165,3153
3166,3159
3167,3157
3168,3155
3169,3159
3170,3156
3171,3165
3172,3159
3173,3161
3174,3165
3175,3163
3176,3166
3177,3165
3178,3166
3179,3171
3180,3171
3181,3175
3182,3171
3183,3174
3184,3172
3185,3176
3186,3179
3187,3173
3188,3179
3189,3180
3190,3180
3191,3184
3192,3182
3193,3186
3194,3185
3195,3182
3196,3186
3197,3185
3198,3189
3199,3185
3200,3189
3201,3194
3202,3190
3203,3192
3204,3192
3205,3193
3206,3200
3207,3195
3208,3198
3209,3196
3210,3198
3211,3203
3212,3200
3213,3202
3214,3206
3215,3202
3216,3208
3217,3203
3218,3207
3219,3211
3220,3207
3221,3216
3222,3209
3223,3213
3224,3213
3225,3213
3226,3216
3227,3217
3228,3216
3229,3219
3230,3217
3231,3222
3232,3222
3233,3219
3234,3226
3235,3221
3236,3227
3237,3228
3238,3225
3239,3232
3240,3230
3241,3229
3242,3234
3243,3235
3244,3237
3245,3233
3246,3238
3247,3237
3248,3239
3249,3242
3250,3241
3251,3240
3252,3244
3253,3239
3254,3244
3255,3242
3256,3247
3257,3249
3258,3249
3259,3250
3260,3248
3261,3254
3262,3252
3263,3252
3264,3258
3265,3254
3266,3257
3267,3256
3268,3258
3269,3261
3270,3258
3271,3261
3272,3264
3273,3263
3274,3264
3275,3267
3276,3267
3277,3266
3278,3271
3279,3266
3280,3270
3281,3270
3282,3275
3283,3275
3284,3273
3285,3272
3286,3277
3287,3279
3288,3280
3289,3280
3290,3280
3291,3277
3292,3284
3293,3284
3294,3281
3295,3287
3296,3285
3297,3287
3298,3287
3299,3292
3300,3292
3301,3289
3302,3293
3303,3292
3304,3292
3305,3296
3306,3297
3307,3300
3308,3295
3309,3296
3310,3303
3311,3301
3312,3305
3313,3301
3314,3305
3315,3309
3316,3305
3317,3306
3318,3309
3319,3308
3320,3313
3321,3309
3322,3310
3323,3317
3324,3312
3325,3316
3326,3316
3327,3319
3328,3320
3329,3320
3330,3321
3331,3320
3332,3323
3333,3324
3334,3321
3335,3325
3336,3325
3337,3324
3338,3328
3339,3325
3340,3329
3341,3333
3342,3329
3343,3335
3344,3332
3345,3337
3346,3336
3347,3334
3348,3341
3349,3335
3350,3340
3351,3340
3352,3337
3353,3345
3354,3344
3355,3345
3356,3348
3357,3345
3358,3350
3359,3351
3360,3351
3361,3352
3362,3349
3363,3352
3364,3354
3365,3357
3366,3359
3367,3355
3368,3359
3369,3360
3370,3357
3371,3360
3372,3363
3373,3361
3374,3366
3375,3361
3376,3368
3377,3366
3378,3367
3379,3370
3380,3370
3381,3374
3382,3372
3383,3370
3384,3377
3385,3372
3386,3375
3387,3374
3388,3380
3389,3380
3390,3377
3391,3381
3392,3381
3393,3384
3394,3384
3395,3385
3396,3386
3397,3388
3398,3387
3399,3392
3400,3387
3401,3392
3402,3393
3403,3391
3404,3393
3405,3393
3406,3396
3407,3396
3408,3397
3409,3398
3410,3398
3411,3400
3412,3399
3413,3401
3414,3403
3415,3406
3416,3405
3417,3411
3418,3407
3419,3411
3420,3410
3421,3410
3422,3414
3423,3409
3424,3417
3425,3412
3426,3413
3427,3420
3428,3415
3429,3419
3430,3419
3431,3421
3432,3425
3433,3423
3434,3424
3435,3423
3436,3423
3437,3427
3438,3427
3439,3429
3440,3432
3441,3427
3442,3431
3443,3432
3444,3435
3445,3433
3446,3433
3447,3436
3448,3439
3449,3437
3450,3438
3451,3441
3452,3443
3453,3441
3454,3444
3455,3444
3456,3445
3457,3448
3458,3445
3459,3449
3460,3450
3461,3446
3462,3453
3463,3452
3464,3453
3465,3456
3466,3457
3467,3456
3468,3460
3469,3457
3470,3462
3471,3460
3472,3462
3473,3463
3474,3461
3475,3468
3476,3467
3477,3469
3478,3468
3479,3469
3480,3471
3481,3471
3482,3471
3483,3473
3484,3469
3485,3474
3486,3477
3487,3477
3488,3477
3489,3477
3490,3477
3491,3479
3492,3479
3493,3483
3494,3483
3495,3488
3496,3485
3497,3486
3498,3488
3499,3487
3500,3488
3501,3490
3502,3489
3503,3493
3504,3491
3505,3495
3506,3494
3507,3493
3508,3496
3509,3498
3510,3500
3511,3500
3512,3496
3513,3503
3514,3507
3515,3505
3516,3508
3517,3507
3518,3505
3519,3511
3520,3508
3521,3511
3522,3510
3523,3515
3524,3514
3525,3512
3526,3516
3527,3514
3528,3517
3529,3517
3530,3517
3531,3524
3532,3521
3533,3522
3534,3521
3535,3525
3536,3527
3537,3526
3538,3526
3539,3531
3540,3530
3541,3531
3542,3532
3543,3531
3544,3534
3545,3531
3546,3535
3547,3535
3548,3540
3549,3539
3550,3536
3551,3544
3552,3543
3553,3541
3554,3547
3555,3543
3556,3547
3557,3549
3558,3542
3559,3547
3560,3547
3561,3553
3562,3551
3563,3553
3564,3554
3565,3554
3566,3557
3567,3556
3568,3555
3569,3560
3570,3561
3571,3558
3572,3562
3573,3560
3574,3564
3575,3566
3576,3565
3577,3568
3578,3565
3579,3572
3580,3569
3581,3572
3582,3572
3583,3569
3584,3575
3585,3573
3586,3575
3587,3575
3588,3577
3589,3578
3590,3582
3591,3582
3592,3581
3593,3580
3594,3582
3595,3586
3596,3583
3597,3589
3598,3587
3599,3589
3600,3589
3601,3589
3602,3591
3603,3590
3604,3591
3605,3594
3606,3593
3607,3595
3608,3601
3609,3599
3610,3601
3611,3599
3612,3603
3613,3604
3614,3602
3615,3605
3616,3606
3617,3605
3618,3605
3619,3606
3620,3611
3621,3611
3622,3611
3623,3613
3624,3610
3625,3617
3626,3612
3627,3614
3628,3616
3629,3615
3630,3617
3631,3620
3632,3621
3633,3621
3634,3623
3635,3624
3636,3623
3637,3626
3638,3630
3639,3627
3640,3629
3641,3627
3642,3633
3643,3632
3644,3633
3645,3636
3646,3636
3647,3634
3648,3636
3649,3638
3650,3639
3651,3641
3652,3641
3653,3643
3654,3641
3655,3643
3656,3648
3657,3641
3658,3650
3659,3648
3660,3646
3661,3648
3662,3649
3663,3654
3664,3652
3665,3652
3666,3657
3667,3655
3668,3655
3669,3658
3670,3661
3671,3664
3672,3661
3673,3666
3674,3661
3675,3666
3676,3668
3677,3663
3678,3666
3679,3670
3680,3667
3681,3672
3682,3667
3683,3675
3684,3673
3685,3675
3686,3677
3687,3676
3688,3678
3689,3679
3690,3680
3691,3683
3692,3679
3693,3680
3694,3683
3695,3681
3696,3684
3697,3686
3698,3687
3699,3691
3700,3690
3701,3691
3702,3692
3703,3689
3704,3693
3705,3693
3706,3695
3707,3699
3708,3692
3709,3698
3710,3695
3711,3697
3712,3698
3713,3701
3714,3704
3715,3700
3716,3705
3717,3705
3718,3707
3719,3709
3720,3705
3721,3710
3722,3708
3723,3709
3724,3714
3725,3711
3726,3716
3727,3717
3728,3717
3729,3721
3730,3719
3731,3721
3732,3718
3733,3721
3734,3725
3735,3721
3736,3722
3737,3729
3738,3722
3739,3728
3740,3731
3741,3732
3742,3730
3743,3731
3744,3733
3745,3733
3746,3731
3747,3734
3748,3735
3749,3739
3750,3741
3751,3738
3752,3743
3753,3739
3754,3745
3755,3744
3756,3741
3757,3746
3758,3745
3759,3744
3760,3748
3761,3748
3762,3751
3763,3750
3764,3752
3765,3756
3766,3752
3767,3754
3768,3753
3769,3758
3770,3760
3771,3759
3772,3759
3773,3757
3774,3761
3775,3763
3776,3763
3777,3765
3778,3762
3779,3768
3780,3768
3781,3766
3782,3771
3783,3772
3784,3772
3785,3776
3786,3774
3787,3775
3788,3779
3789,3776
3790,3778
3791,3779
3792,3779
3793,3780
3794,3778
3795,3785
3796,3784
3797,3784
3798,3786
3799,3785
3800,3788
3801,3789
3802,3787
3803,3794
3804,3791
3805,3793
3806,3795
3807,3795
3808,3799
3809,3794
3810,3799
3811,3798
3812,3798
3813,3804
3814,3797
3815,3801
3816,3804
3817,3804
3818,3806
3819,3806
3820,3806
3821,3806
3822,3810
3823,3812
3824,3811
3825,3813
3826,3816
3827,3813
3828,3816
3829,3814
3830,3818
3831,3817
3832,3817
3833,3819
3834,3820
3835,3821
3836,3825
3837,3824
3838,3824
3839,3826
3840,3826
3841,3832
3842,3826
3843,3830
3844,3831
3845,3830
3846,3836
3847,3835
3848,3836
3849,3838
3850,3837
3851,3840
3852,3840
3853,3842
3854,3841
3855,3840
3856,3847
3857,3841
3858,3846
3859,3846
3860,3847
3861,3848
3862,3849
3863,3851
3864,3855
3865,3851
3866,3854
3867,3855
3868,3853
3869,3857
3870,3857
3871,3861
3872,3858
3873,3861
3874,3864
3875,3860
3876,3862
3877,3864
3878,3867
3879,3869
3880,3868
3881,3866
3882,3870
3883,3870
3884,3870
3885,3872
3886,3871
3887,3876
3888,3875
3889,3874
3890,3879
3891,3875
3892,3882
3893,3880
3894,3882
3895,3884
3896,3880
3897,3884
3898,3882
3899,3885
3900,3887
3901,3886
3902,3890
3903,3889
3904,3889
3905,3890
3906,3890
3907,3894
3908,3894
3909,3895
3910,3899
3911,3898
3912,3899
3913,3896
3914,3901
3915,3905
3916,3902
3917,3904
3918,3902
3919,3901
3920,3907
3921,3907
3922,3912
3923,3911
3924,3909
3925,3913
3926,3911
3927,3916
3928,3915
3929,3914
3930,3920
3931,3918
3932,3920
3933,3921
3934,3918
3935,3922
3936,3921
3937,3926
3938,3924
3939,3926
3940,3927
3941,3930
3942,3928
3943,3931
3944,3929
3945,3932
3946,3930
3947,3932
3948,3935
3949,3932
3950,3935
3951,3936
3952,3938
3953,3940
3954,3939
3955,3945
3956,3941
3957,3944
3958,3948
3959,3943
3960,3948
3961,3947
3962,3948
3963,3948
3964,3950
3965,3951
3966,3948
3967,3952
3968,3957
3969,3954
3970,3956
3971,3958
3972,3956
3973,3962
3974,3960
3975,3962
3976,3963
3977,3963
3978,3966
3979,3964
3980,3966
3981,3967
3982,3966
3983,3972
3984,3970
3985,3972
3986,3975
3987,3970
3988,3975
3989,3974
3990,3977
3991,3977
3992,3975
3993,3980
3994,3979
3995,3982
3996,3987
3997,3981
3998,3986
3999,3987
4000,3984
4001,3987
4002,3986
4003,3988
4004,3988
4005,3989
4006,3996
4007,3990
4008,3992
4009,3995
4010,3996
4011,3998
4012,3997
4013,4000
4014,4000
4015,4003
4016,4005
4017,4000
4018,4006
4019,4006
4020,4005
4021,4007
4022,4010
4023,4012
4024,4013
4025,4011
4026,4015
4027,4013
4028,4015
4029,4017
4030,4016
4031,4018
4032,4023
4033,4020
4034,4021
4035,4021
4036,4025
4037,4025
4038,4022
4039,4027
4040,4028
4041,4030
4042,4029
4043,4027
4044,4031
4045,4029
4046,4032
4047,4034
4048,4036
4049,4038
4050,4035
4051,4038
4052,4041
4053,4037
4054,4040
4055,4042
4056,4041
4057,4046
4058,4045
4059,4048
4060,4048
4061,4046
4062,4052
4063,4050
4064,4051
4065,4050
4066,4052
4067,4057
4068,4054
4069,4054
4070,4058
4071,4056
4072,4057
4073,4062
4074,4056
4075,4062
4076,4059
4077,4063
4078,4067
4079,4066
4080,4066
4081,4069
4082,4068
4083,4070
4084,4070
4085,4075
4086,4072
4087,4075
4088,4072
4089,4075
4090,4075
4091,4072
4092,4075
4093,4076
4094,4077
4095,4076
