0,7
1,5
2,5
3,4
4,7
5,9
6,8
7,10
8,10
9,10
10,12
11,11
12,13
13,13
14,15
15,18
16,17
17,19
18,21
19,18
20,23
21,22
22,24
23,26
24,25
25,26
26,27
27,28
28,29
29,29
30,33
31,31
32,34
33,34
34,34
35,37
36,35
37,39
38,40
39,38
40,41
41,41
42,45
43,44
44,44
45,46
46,45
47,47
48,51
49,48
50,53
51,51
52,52
53,54
54,53
55,58
56,56
57,58
58,61
59,58
60,63
61,62
62,61
63,67
64,64
65,68
66,67
67,68
68,68
69,67
70,73
71,69
72,71
73,73
74,74
75,75
76,80
77,75
78,78
79,80
80,78
81,82
82,81
83,83
84,85
85,85
86,86
87,87
88,86
89,91
90,90
91,92
92,93
93,95
94,93
95,94
96,98
97,97
98,97
99,99
100,98
101,101
102,101
103,103
104,105
105,103
106,109
107,107
108,109
109,110
110,109
111,113
112,110
113,111
114,116
115,116
116,117
117,116
118,117
119,119
120,119
121,121
122,119
123,124
124,126
125,124
126,129
127,128
128,129
129,130
130,129
131,129
132,130
133,133
134,136
135,132
136,138
137,134
138,139
139,140
140,141
141,141
142,144
143,141
144,143
145,146
146,144
147,148
148,145
149,148
150,148
151,151
152,153
153,152
154,154
155,153
156,154
157,156
158,154
159,159
160,158
161,160
162,161
163,160
164,165
165,166
166,165
167,170
168,165
169,171
170,173
171,170
172,171
173,170
174,176
175,172
176,172
177,177
178,177
179,179
180,179
181,179
182,184
183,181
184,185
185,184
186,181
187,189
188,184
189,187
190,191
191,187
192,193
193,189
194,194
195,194
196,193
197,197
198,197
199,198
200,202
201,200
202,201
203,204
204,203
205,205
206,202
207,205
208,209
209,206
210,211
211,208
212,211
213,212
214,210
215,215
216,214
217,215
218,218
219,215
220,221
221,221
222,222
223,225
224,222
225,226
226,224
227,225
228,229
229,226
230,230
231,230
232,231
233,233
234,230
235,235
236,236
237,235
238,237
239,236
240,241
241,241
242,240
243,241
244,242
245,247
246,245
247,244
248,248
249,247
250,253
251,251
252,247
253,253
254,252
255,254
256,260
257,253
258,257
259,258
260,256
261,263
262,261
263,265
264,262
265,264
266,266
267,266
268,268
269,268
270,267
271,273
272,271
273,272
274,275
275,275
276,279
277,274
278,276
279,277
280,279
281,281
282,281
283,285
284,285
285,284
286,288
287,284
288,288
289,291
290,289
291,291
292,289
293,292
294,296
295,293
296,298
297,296
298,297
299,298
300,299
301,303
302,299
303,302
304,303
305,304
306,305
307,306
308,306
309,311
310,310
311,313
312,314
313,310
314,316
315,315
316,316
317,317
318,316
319,319
320,318
321,319
322,323
323,323
324,325
325,325
326,324
327,329
328,324
329,329
330,331
331,331
332,332
333,331
334,333
335,333
336,336
337,338
338,336
339,340
340,336
341,339
342,344
343,341
344,344
345,342
346,344
347,349
348,346
349,350
350,348
351,348
352,353
353,351
354,353
355,354
356,355
357,360
358,353
359,360
360,358
361,360
362,363
363,361
364,362
365,362
366,363
367,365
368,365
369,368
370,369
371,368
372,371
373,373
374,370
375,376
376,373
377,375
378,377
379,378
380,382
381,379
382,382
383,381
384,382
385,387
386,382
387,386
388,387
389,385
390,392
391,389
392,390
393,391
394,390
395,397
396,390
397,394
398,397
399,397
400,401
401,399
402,402
403,401
404,401
405,404
406,403
407,407
408,408
409,405
410,411
411,407
412,409
413,413
414,411
415,416
416,412
417,414
418,418
419,418
420,420
421,416
422,421
423,422
424,421
425,423
426,425
427,422
428,426
429,428
430,428
431,432
432,428
433,431
434,430
435,433
436,437
437,433
438,436
439,437
440,436
441,440
442,438
443,441
444,442
445,442
446,446
447,443
448,446
449,446
450,449
451,453
452,448
453,452
454,452
455,452
456,456
457,454
458,456
459,459
460,460
461,461
462,456
463,462
464,460
465,463
466,465
467,463
468,465
469,466
470,466
471,469
472,467
473,472
474,470
475,470
476,476
477,474
478,475
479,479
480,477
481,480
482,481
483,484
484,480
485,484
486,482
487,483
488,488
489,486
490,488
491,487
492,488
493,492
494,490
495,494
496,494
497,493
498,497
499,494
500,498
501,502
502,499
503,503
504,499
505,505
506,503
507,506
508,510
509,507
510,510
511,508
512,511
513,514
514,509
515,516
516,515
517,516
518,517
519,514
520,516
521,520
522,520
523,524
524,520
525,523
526,528
527,525
528,528
529,526
530,530
531,529
532,528
533,532
534,529
535,533
536,535
537,533
538,538
539,539
540,538
541,541
542,540
543,542
544,542
545,542
546,545
547,546
548,545
549,547
550,548
551,552
552,551
553,552
554,554
555,552
556,556
557,556
558,556
559,558
560,558
561,561
562,561
563,562
564,565
565,560
566,565
567,567
568,564
569,568
570,566
571,571
572,570
573,571
574,572
575,571
576,576
577,573
578,576
579,577
580,577
581,580
582,579
583,581
584,582
585,582
586,584
587,587
588,586
589,587
590,585
591,589
592,589
593,589
594,594
595,590
596,593
597,598
598,592
599,599
600,600
601,598
602,602
603,601
604,604
605,606
606,603
607,608
608,605
609,608
610,608
611,611
612,614
613,611
614,613
615,614
616,612
617,616
618,612
619,616
620,618
621,618
622,622
623,621
624,623
625,624
626,622
627,625
628,628
629,627
630,631
631,629
632,630
633,630
634,631
635,634
636,630
637,636
638,633
639,636
640,638
641,639
642,643
643,640
644,645
645,645
646,644
647,647
648,642
649,645
650,650
651,650
652,651
653,651
654,648
655,653
656,653
657,656
658,656
659,656
660,659
661,659
662,660
663,660
664,658
665,664
666,664
667,665
668,669
669,665
670,665
671,667
672,668
673,671
674,669
675,675
676,672
677,674
678,679
679,677
680,679
681,679
682,678
683,681
684,682
685,684
686,682
687,685
688,688
689,686
690,690
691,686
692,688
693,693
694,689
695,693
696,694
697,693
698,695
699,695
700,697
701,696
702,701
703,704
704,700
705,704
706,702
707,702
708,704
709,705
710,704
711,711
712,707
713,708
714,713
715,711
716,714
717,711
718,713
719,716
720,715
721,718
722,719
723,722
724,723
725,720
726,723
727,722
728,726
729,725
730,728
731,731
732,727
733,730
734,731
735,730
736,734
737,733
738,737
739,738
740,738
741,740
742,737
743,743
744,744
745,743
746,744
747,744
748,746
749,748
750,746
751,748
752,746
753,749
754,754
755,753
756,754
757,753
758,757
759,759
760,755
761,759
762,760
763,759
764,766
765,761
766,766
767,766
768,763
769,766
770,768
771,769
772,770
773,770
774,773
775,771
776,773
777,779
778,775
779,777
780,776
781,778
782,781
783,781
784,783
785,784
786,784
787,785
788,783
789,787
790,789
791,789
792,791
793,789
794,793
795,794
796,793
797,795
798,796
799,799
800,794
801,796
802,801
803,797
804,804
805,803
806,802
807,806
808,805
809,806
810,807
811,808
812,814
813,810
814,810
815,814
816,813
817,817
818,813
819,819
820,819
821,816
822,819
823,820
824,821
825,825
826,820
827,827
828,828
829,827
830,828
831,825
832,830
833,830
834,829
835,835
836,832
837,836
838,837
839,837
840,842
841,839
842,840
843,844
844,840
845,846
846,843
847,844
848,845
849,847
850,850
851,851
852,848
853,853
854,852
855,853
856,851
857,854
858,858
859,857
860,860
861,859
862,860
863,863
864,860
865,863
866,862
867,867
868,868
869,867
870,870
871,869
872,868
873,872
874,871
875,876
876,874
877,876
878,878
879,878
880,878
881,881
882,879
883,881
884,884
885,883
886,885
887,882
888,888
889,889
890,887
891,891
892,888
893,892
894,892
895,892
896,896
897,893
898,896
899,895
900,900
901,901
902,899
903,902
904,901
905,902
906,908
907,903
908,907
909,908
910,907
911,910
912,910
913,911
914,913
915,911
916,916
917,915
918,917
919,916
920,917
921,922
922,917
923,922
924,926
925,923
926,928
927,926
928,925
929,930
930,925
931,932
932,931
933,930
934,931
935,934
936,933
937,937
938,935
939,938
940,938
941,942
942,941
943,942
944,945
945,941
946,945
947,945
948,945
949,949
950,946
951,951
952,951
953,949
954,958
955,953
956,956
957,957
958,955
959,957
960,959
961,960
962,961
963,957
964,962
965,961
966,965
967,964
968,964
969,963
970,966
971,972
972,972
973,971
974,973
975,974
976,973
977,977
978,977
979,977
980,978
981,981
982,979
983,979
984,985
985,981
986,984
987,984
988,984
989,988
990,989
991,990
992,994
993,992
994,991
995,995
996,992
997,998
998,997
999,998
1000,1002
1001,996
1002,1003
1003,999
1004,1002
1005,1004
1006,1002
1007,1007
1008,1006
1009,1007
1010,1013
1011,1009
1012,1011
1013,1013
1014,1013
1015,1015
1016,1012
1017,1017
1018,1017
1019,1016
1020,1019
1021,1020
1022,1021
1023,1020
1024,1021
1025,1028
1026,1023
1027,1028
1028,1029
1029,1028
1030,1031
1031,1030
1032,1034
1033,1033
1034,1032
1035,1036
1036,1033
1037,1038
1038,1035
1039,1036
1040,1039
1041,1041
1042,1041
1043,1043
1044,1043
1045,1046
1046,1046
1047,1045
1048,1051
1049,1046
1050,1047
1051,1050
1052,1051
1053,1052
1054,1051
1055,1053
1056,1054
1057,1057
1058,1059
1059,1057
1060,1058
1061,1062
1062,1061
1063,1064
1064,1061
1065,1063
1066,1066
1067,1066
1068,1070
1069,1067
1070,1070
1071,1072
1072,1068
1073,1075
1074,1071
1075,1074
1076,1075
1077,1074
1078,1077
1079,1076
1080,1079
1081,1080
1082,1080
1083,1081
1084,1082
1085,1083
1086,1085
1087,1083
1088,1085
1089,1088
1090,1086
1091,1090
1092,1090
1093,1091
1094,1095
1095,1093
1096,1097
1097,1095
1098,1096
1099,1098
1100,1096
1101,1101
1102,1099
1103,1103
1104,1102
1105,1103
1106,1105
1107,1106
1108,1105
1109,1111
1110,1107
1111,1112
1112,1111
1113,1110
1114,1114
1115,1112
1116,1117
1117,1114
1118,1118
1119,1117
1120,1118
1121,1119
1122,1120
1123,1123
1124,1126
1125,1121
1126,1124
1127,1127
1128,1127
1129,1130
1130,1129
1131,1133
1132,1132
1133,1130
1134,1132
1135,1135
1136,1132
1137,1137
1138,1134
1139,1138
1140,1139
1141,1138
1142,1141
1143,1141
1144,1142
1145,1145
1146,1142
1147,1148
1148,1145
1149,1147
1150,1149
1151,1150
1152,1151
1153,1148
1154,1153
1155,1152
1156,1155
1157,1157
1158,1156
1159,1159
1160,1156
1161,1159
1162,1161
1163,1158
1164,1163
1165,1165
1166,1161
1167,1165
1168,1164
1169,1166
1170,1168
1171,1169
1172,1173
1173,1169
1174,1175
1175,1175
1176,1175
1177,1176
1178,1175
1179,1177
1180,1182
1181,1177
1182,1182
1183,1183
1184,1183
1185,1184
1186,1185
1187,1184
1188,1190
1189,1187
1190,1187
1191,1190
1192,1191
1193,1193
1194,1190
1195,1193
1196,1195
1197,1193
1198,1199
1199,1195
1200,1200
1201,1196
1202,1198
1203,1203
1204,1199
1205,1204
1206,1204
1207,1206
1208,1209
1209,1206
1210,1209
1211,1209
1212,1210
1213,1214
1214,1209
1215,1215
1216,1212
1217,1214
1218,1216
1219,1214
1220,1220
1221,1220
1222,1218
1223,1223
1224,1220
1225,1222
1226,1225
1227,1225
1228,1226
1229,1226
1230,1227
1231,1229
1232,1231
1233,1234
1234,1231
1235,1232
1236,1234
1237,1235
1238,1237
1239,1238
1240,1238
1241,1241
1242,1238
1243,1240
1244,1245
1245,1243
1246,1247
1247,1244
1248,1246
1249,1246
1250,1248
1251,1250
1252,1248
1253,1253
1254,1254
1255,1251
1256,1255
1257,1254
1258,1257
1259,1259
1260,1260
1261,1262
1262,1259
1263,1261
1264,1264
1265,1264
1266,1264
1267,1264
1268,1269
1269,1268
1270,1269
1271,1273
1272,1267
1273,1272
1274,1275
1275,1271
1276,1275
1277,1274
1278,1277
1279,1279
1280,1278
1281,1283
1282,1282
1283,1280
1284,1282
1285,1283
1286,1284
1287,1286
1288,1284
1289,1291
1290,1290
1291,1286
1292,1290
1293,1293
1294,1293
1295,1292
1296,1295
1297,1299
1298,1294
1299,1299
1300,1300
1301,1299
1302,1302
1303,1302
1304,1302
1305,1303
1306,1304
1307,1305
1308,1305
1309,1306
1310,1307
1311,1310
1312,1311
1313,1310
1314,1315
1315,1314
1316,1315
1317,1318
1318,1314
1319,1318
1320,1319
1321,1317
1322,1321
1323,1320
1324,1324
1325,1327
1326,1324
1327,1326
1328,1324
1329,1328
1330,1331
1331,1326
1332,1331
1333,1333
1334,1333
1335,1333
1336,1334
1337,1335
1338,1337
1339,1338
1340,1340
1341,1339
1342,1343
1343,1342
1344,1340
1345,1347
1346,1344
1347,1348
1348,1347
1349,1344
1350,1349
1351,1347
1352,1349
1353,1352
1354,1350
1355,1353
1356,1355
1357,1355
1358,1358
1359,1357
1360,1359
1361,1356
1362,1362
1363,1360
1364,1362
1365,1363
1366,1362
1367,1363
1368,1368
1369,1367
1370,1366
1371,1371
1372,1368
1373,1371
1374,1372
1375,1374
1376,1376
1377,1374
1378,1377
1379,1374
1380,1378
1381,1380
1382,1377
1383,1381
1384,1382
1385,1384
1386,1386
1387,1383
1388,1385
1389,1386
1390,1387
1391,1391
1392,1388
1393,1391
1394,1393
1395,1391
1396,1393
1397,1391
1398,1397
1399,1396
1400,1397
1401,1399
1402,1398
1403,1404
1404,1400
1405,1401
1406,1404
1407,1405
1408,1409
1409,1405
1410,1407
1411,1411
1412,1409
1413,1412
1414,1411
1415,1412
1416,1416
1417,1414
1418,1414
1419,1419
1420,1415
1421,1419
1422,1421
1423,1422
1424,1422
1425,1420
1426,1422
1427,1422
1428,1426
1429,1429
1430,1425
1431,1431
1432,1430
1433,1431
1434,1433
1435,1431
1436,1435
1437,1434
1438,1437
1439,1437
1440,1437
1441,1441
1442,1440
1443,1439
1444,1443
1445,1443
1446,1442
1447,1445
1448,1443
1449,1446
1450,1442
1451,1451
1452,1448
1453,1450
1454,1452
1455,1453
1456,1455
1457,1452
1458,1452
1459,1458
1460,1457
1461,1457
1462,1462
1463,1458
1464,1461
1465,1464
1466,1461
1467,1465
1468,1462
1469,1467
1470,1469
1471,1466
1472,1469
1473,1468
1474,1469
1475,1470
1476,1472
1477,1473
1478,1474
1479,1476
1480,1476
1481,1476
1482,1482
1483,1478
1484,1482
1485,1481
1486,1483
1487,1486
1488,1486
1489,1486
1490,1487
1491,1485
1492,1492
1493,1489
1494,1491
1495,1494
1496,1493
1497,1494
1498,1494
1499,1497
1500,1498
1501,1497
1502,1501
1503,1500
1504,1503
1505,1504
1506,1500
1507,1502
1508,1505
1509,1505
1510,1507
1511,1505
1512,1510
1513,1509
1514,1507
1515,1513
1516,1513
1517,1512
1518,1514
1519,1512
1520,1518
1521,1515
1522,1519
1523,1523
1524,1519
1525,1524
1526,1524
1527,1521
1528,1528
1529,1522
1530,1529
1531,1526
1532,1529
1533,1532
1534,1527
1535,1531
1536,1532
1537,1533
1538,1534
1539,1533
1540,1539
1541,1538
1542,1536
1543,1543
1544,1539
1545,1543
1546,1540
1547,1542
1548,1545
1549,1545
1550,1549
1551,1546
1552,1546
1553,1549
1554,1551
1555,1549
1556,1555
1557,1552
1558,1555
1559,1557
1560,1555
1561,1557
1562,1558
1563,1560
1564,1560
1565,1559
1566,1563
1567,1563
1568,1563
1569,1565
1570,1564
1571,1567
1572,1569
1573,1568
1574,1572
1575,1569
1576,1575
1577,1573
1578,1573
1579,1577
1580,1576
1581,1577
1582,1578
1583,1579
1584,1582
1585,1578
1586,1583
1587,1580
1588,1585
1589,1587
1590,1586
1591,1590
1592,1589
1593,1590
1594,1589
1595,1589
1596,1593
1597,1590
1598,1594
1599,1598
1600,1596
1601,1596
1602,1598
1603,1599
1604,1602
1605,1601
1606,1601
1607,1602
1608,1604
1609,1605
1610,1607
1611,1605
1612,1611
1613,1608
1614,1610
1615,1611
1616,1613
1617,1613
1618,1613
1619,1617
1620,1614
1621,1617
1622,1622
1623,1616
1624,1622
1625,1620
1626,1620
1627,1625
1628,1622
1629,1624
1630,1624
1631,1629
1632,1629
1633,1626
1634,1631
1635,1629
1636,1633
1637,1636
1638,1631
1639,1636
1640,1635
1641,1638
1642,1639
1643,1636
1644,1640
1645,1643
1646,1642
1647,1646
1648,1638
1649,1643
1650,1648
1651,1646
1652,1646
1653,1651
1654,1649
1655,1651
1656,1649
1657,1655
1658,1651
1659,1653
1660,1658
1661,1657
1662,1658
1663,1658
1664,1660
1665,1661
1666,1663
1667,1664
1668,1663
1669,1663
1670,1669
1671,1666
1672,1667
1673,1668
1674,1670
1675,1673
1676,1670
1677,1673
1678,1672
1679,1672
1680,1679
1681,1674
1682,1678
1683,1677
1684,1680
1685,1683
1686,1681
1687,1685
1688,1684
1689,1685
1690,1685
1691,1687
1692,1687
1693,1689
1694,1687
1695,1689
1696,1689
1697,1689
1698,1696
1699,1691
1700,1698
1701,1697
1702,1694
1703,1700
1704,1697
1705,1701
1706,1703
1707,1701
1708,1703
1709,1705
1710,1706
1711,1707
1712,1704
1713,1710
1714,1707
1715,1710
1716,1711
1717,1710
1718,1715
1719,1713
1720,1713
1721,1715
1722,1717
1723,1719
1724,1718
1725,1722
1726,1724
1727,1720
1728,1726
1729,1722
1730,1724
1731,1728
1732,1724
1733,1729
1734,1729
1735,1728
1736,1731
1737,1732
1738,1733
1739,1733
1740,1734
1741,1736
1742,1736
1743,1738
1744,1742
1745,1738
1746,1739
1747,1739
1748,1742
1749,1745
1750,1744
1751,1750
1752,1748
1753,1747
1754,1752
1755,1747
1756,1753
1757,1751
1758,1756
1759,1757
1760,1752
1761,1756
1762,1755
1763,1759
1764,1760
1765,1758
1766,1764
1767,1763
1768,1763
1769,1764
1770,1764
1771,1769
1772,1766
1773,1768
1774,1772
1775,1769
1776,1773
1777,1774
1778,1774
1779,1776
1780,1776
1781,1779
1782,1778
1783,1778
1784,1782
1785,1783
1786,1779
1787,1786
1788,1782
1789,1786
1790,1785
1791,1785
1792,1790
1793,1790
1794,1791
1795,1789
1796,1790
1797,1793
1798,1791
1799,1794
1800,1796
1801,1794
1802,1800
1803,1795
1804,1800
1805,1799
1806,1799
1807,1803
1808,1803
1809,1804
1810,1804
1811,1803
1812,1808
1813,1807
1814,1810
1815,1810
1816,1812
1817,1810
1818,1813
1819,1815
1820,1815
1821,1816
1822,1817
1823,1815
1824,1820
1825,1819
1826,1821
1827,1824
1828,1821
1829,1826
1830,1826
1831,1825
1832,1828
1833,1830
1834,1828
1835,1834
1836,1829
1837,1832
1838,1835
1839,1833
1840,1838
1841,1836
1842,1838
1843,1841
1844,1839
1845,1841
1846,1838
1847,1841
1848,1845
1849,1845
1850,1845
1851,1845
1852,1847
1853,1852
1854,1847
1855,1852
1856,1849
1857,1853
1858,1852
1859,1853
1860,1858
1861,1853
1862,1857
1863,1858
1864,1855
1865,1860
1866,1861
1867,1861
1868,1864
1869,1862
1870,1864
1871,1865
1872,1867
1873,1871
1874,1867
1875,1871
1876,1871
1877,1872
1878,1873
1879,1873
1880,1874
1881,1876
1882,1876
1883,1877
1884,1881
1885,1880
1886,1883
1887,1879
1888,1886
1889,1883
1890,1883
1891,1886
1892,1884
1893,1889
1894,1889
1895,1888
1896,1893
1897,1889
1898,1894
1899,1892
1900,1896
1901,1896
1902,1897
1903,1898
1904,1901
1905,1899
1906,1901
1907,1900
1908,1903
1909,1904
1910,1903
1911,1910
1912,1907
1913,1907
1914,1909
1915,1909
1916,1914
1917,1913
1918,1913
1919,1912
1920,1911
1921,1916
1922,1914
1923,1918
1924,1921
1925,1917
1926,1922
1927,1922
1928,1921
1929,1927
1930,1925
1931,1927
1932,1925
1933,1927
1934,1929
1935,1928
1936,1931
1937,1933
1938,1929
1939,1934
1940,1932
1941,1935
1942,1936
1943,1935
1944,1940
1945,1940
1946,1942
1947,1944
1948,1940
1949,1944
1950,1944
1951,1945
1952,1947
1953,1945
1954,1947
1955,1948
1956,1952
1957,1953
1958,1951
1959,1955
1960,1955
1961,1958
1962,1956
1963,1956
1964,1957
1965,1959
1966,1960
1967,1961
1968,1961
1969,1964
1970,1963
1971,1965
1972,1967
1973,1966
1974,1968
1975,1971
1976,1967
1977,1974
1978,1973
1979,1974
1980,1978
1981,1975
1982,1980
1983,1979
1984,1975
1985,1982
1986,1978
1987,1984
1988,1982
1989,1985
1990,1983
1991,1982
1992,1986
1993,1986
1994,1989
1995,1991
1996,1988
1997,1994
1998,1993
1999,1989
2000,1995
2001,1994
2002,1999
2003,1999
2004,1996
2005,2000
2006,2001
2007,2002
2008,2001
2009,2004
2010,2008
2011,2004
2012,2007
2013,2007
2014,2009
2015,2014
2016,2008
2017,2013
2018,2016
2019,2012
2020,2014
2021,2014
2022,2016
2023,2020
2024,2019
2025,2020
2026,2020
2027,2019
2028,2024
2029,2022
2030,2024
2031,2028
2032,2026
2033,2028
2034,2027
2035,2029
2036,2030
2037,2032
2038,2036
2039,2032
2040,2034
2041,2035
2042,2037
2043,2041
2044,2039
2045,2039
2046,2040
2047,2041
2048,2046
2049,2042
2050,2045
2051,2046
2052,2046
2053,2051
2054,2050
2055,2050
2056,2052
2057,2050
2058,2055
2059,2053
2060,2054
2061,2055
2062,2055
2063,2061
2064,2061
2065,2058
2066,2063
2067,2061
2068,2066
2069,2064
2070,2062
2071,2067
2072,2068
2073,2067
2074,2071
2075,2069
2076,2071
2077,2071
2078,2075
2079,2076
2080,2073
2081,2077
2082,2077
2083,2076
2084,2081
2085,2078
2086,2083
2087,2080
2088,2084
2089,2087
2090,2084
2091,2085
2092,2086
2093,2086
2094,2088
2095,2089
2096,2092
2097,2092
2098,2092
2099,2093
2100,2093
2101,2096
2102,2097
2103,2097
2104,2100
2105,2096
2106,2103
2107,2101
2108,2101
2109,2106
2110,2104
2111,2106
2112,2108
2113,2107
2114,2111
2115,2111
2116,2109
2117,2115
2118,2113
2119,2116
2120,2115
2121,2114
2122,2118
2123,2114
2124,2119
2125,2118
2126,2121
2127,2124
2128,2120
2129,2126
2130,2123
2131,2125
2132,2128
2133,2127
2134,2129
2135,2132
2136,2126
2137,2135
2138,2132
2139,2136
2140,2134
2141,2136
2142,2138
2143,2135
2144,2138
2145,2141
2146,2140
2147,2143
2148,2142
2149,2143
2150,2146
2151,2144
2152,2146
2153,2146
2154,2147
2155,2151
2156,2149
2157,2151
2158,2154
2159,2152
2160,2153
2161,2151
2162,2155
2163,2161
2164,2158
2165,2161
2166,2158
2167,2162
2168,2163
2169,2161
2170,2166
2171,2167
2172,2167
2173,2168
2174,2167
2175,2169
2176,2171
2177,2174
2178,2175
2179,2173
2180,2176
2181,2174
2182,2174
2183,2178
2184,2177
2185,2180
2186,2179
2187,2179
2188,2183
2189,2183
2190,2184
2191,2184
2192,2186
2193,2189
2194,2188
2195,2192
2196,2189
2197,2191
2198,2192
2199,2191
2200,2194
2201,2194
2202,2194
2203,2198
2204,2198
2205,2199
2206,2201
2207,2201
2208,2202
2209,2204
2210,2205
2211,2208
2212,2210
2213,2206
2214,2209
2215,2206
2216,2211
2217,2209
2218,2212
2219,2213
2220,2215
2221,2219
2222,2215
2223,2219
2224,2219
2225,2219
2226,2221
2227,2220
2228,2223
2229,2223
2230,2224
2231,2226
2232,2221
2233,2229
2234,2227
2235,2228
2236,2232
2237,2231
2238,2235
2239,2232
2240,2232
2241,2240
2242,2233
2243,2238
2244,2239
2245,2237
2246,2243
2247,2237
2248,2242
2249,2241
2250,2241
2251,2243
2252,2246
2253,2244
2254,2248
2255,2249
2256,2251
2257,2254
2258,2254
2259,2254
2260,2255
2261,2254
2262,2255
2263,2255
2264,2258
2265,2258
2266,2260
2267,2263
2268,2262
2269,2266
2270,2266
2271,2264
2272,2266
2273,2268
2274,2269
2275,2271
2276,2268
2277,2273
2278,2269
2279,2275
2280,2273
2281,2276
2282,2279
2283,2278
2284,2277
2285,2278
2286,2280
2287,2281
2288,2280
2289,2284
2290,2284
2291,2285
2292,2287
2293,2286
2294,2290
2295,2289
2296,2292
2297,2295
2298,2292
2299,2294
2300,2294
2301,2293
2302,2299
2303,2298
2304,2300
2305,2303
2306,2298
2307,2302
2308,2303
2309,2301
2310,2307
2311,2305
2312,2307
2313,2307
2314,2308
2315,2309
2316,2310
2317,2312
2318,2310
2319,2314
2320,2316
2321,2313
2322,2317
2323,2323
2324,2316
2325,2323
2326,2319
2327,2323
2328,2320
2329,2323
2330,2325
2331,2322
2332,2325
2333,2328
2334,2328
2335,2332
2336,2330
2337,2330
2338,2330
2339,2334
2340,2333
2341,2332
2342,2337
2343,2337
2344,2336
2345,2341
2346,2341
2347,2338
2348,2346
2349,2340
2350,2342
2351,2344
2352,2344
2353,2350
2354,2346
2355,2350
2356,2352
2357,2349
2358,2352
2359,2350
2360,2354
2361,2353
2362,2354
2363,2357
2364,2356
2365,2360
2366,2360
2367,2361
2368,2363
2369,2363
2370,2361
2371,2368
2372,2366
2373,2370
2374,2368
2375,2368
2376,2372
2377,2370
2378,2372
2379,2373
2380,2377
2381,2375
2382,2376
2383,2379
2384,2375
2385,2378
2386,2380
2387,2380
2388,2383
2389,2381
2390,2381
2391,2383
2392,2386
2393,2388
2394,2387
2395,2386
2396,2389
2397,2389
2398,2390
2399,2395
2400,2394
2401,2393
2402,2397
2403,2395
2404,2401
2405,2395
2406,2400
2407,2399
2408,2401
2409,2402
2410,2401
2411,2405
2412,2406
2413,2407
2414,2411
2415,2409
2416,2410
2417,2408
2418,2410
2419,2413
2420,2413
2421,2418
2422,2414
2423,2415
2424,2421
2425,2418
2426,2420
2427,2421
2428,2419
2429,2424
2430,2422
2431,2425
2432,2423
2433,2424
2434,2428
2435,2425
2436,2433
2437,2432
2438,2428
2439,2436
2440,2431
2441,2433
2442,2435
2443,2436
2444,2441
2445,2441
2446,2438
2447,2444
2448,2441
2449,2444
2450,2442
2451,2442
2452,2447
2453,2445
2454,2447
2455,2447
2456,2448
2457,2452
2458,2451
2459,2451
2460,2451
2461,2453
2462,2458
2463,2456
2464,2456
2465,2457
2466,2457
2467,2462
2468,2458
2469,2460
2470,2463
2471,2465
2472,2465
2473,2467
2474,2468
2475,2470
2476,2466
2477,2473
2478,2468
2479,2472
2480,2476
2481,2474
2482,2476
2483,2477
2484,2474
2485,2478
2486,2476
2487,2479
2488,2481
2489,2481
2490,2487
2491,2479
2492,2486
2493,2490
2494,2487
2495,2488
2496,2488
2497,2491
2498,2489
2499,2488
2500,2495
2501,2495
2502,2497
2503,2498
2504,2497
2505,2503
2506,2501
2507,2501
2508,2505
2509,2501
2510,2506
2511,2502
2512,2507
2513,2510
2514,2504
2515,2509
2516,2510
2517,2513
2518,2512
2519,2510
2520,2516
2521,2516
2522,2514
2523,2515
2524,2514
2525,2520
2526,2519
2527,2518
2528,2524
2529,2520
2530,2521
2531,2528
2532,2522
2533,2527
2534,2526
2535,2529
2536,2535
2537,2531
2538,2530
2539,2535
2540,2532
2541,2536
2542,2533
2543,2534
2544,2538
2545,2538
2546,2542
2547,2540
2548,2541
2549,2542
2550,2545
2551,2548
2552,2545
2553,2550
2554,2548
2555,2550
2556,2549
2557,2548
2558,2551
2559,2550
2560,2549
2561,2554
2562,2555
2563,2559
2564,2556
2565,2555
2566,2561
2567,2560
2568,2561
2569,2564
2570,2564
2571,2565
2572,2566
2573,2567
2574,2565
2575,2567
2576,2567
2577,2568
2578,2567
2579,2572
2580,2571
2581,2575
2582,2576
2583,2573
2584,2577
2585,2575
2586,2578
2587,2582
2588,2578
2589,2584
2590,2585
2591,2584
2592,2585
2593,2585
2594,2587
2595,2587
2596,2588
2597,2589
2598,2591
2599,2594
2600,2592
2601,2596
2602,2593
2603,2593
2604,2600
2605,2597
2606,2598
2607,2599
2608,2600
2609,2601
2610,2602
2611,2603
2612,2606
2613,2603
2614,2606
2615,2605
2616,2610
2617,2610
2618,2606
2619,2613
2620,2613
2621,2616
2622,2616
2623,2614
2624,2615
2625,2620
2626,2616
2627,2623
2628,2619
2629,2623
2630,2624
2631,2619
2632,2624
2633,2626
2634,2628
2635,2631
2636,2628
2637,2632
2638,2629
2639,2632
2640,2633
2641,2634
2642,2635
2643,2635
2644,2635
2645,2642
2646,2635
2647,2638
2648,2641
2649,2640
2650,2644
2651,2644
2652,2644
2653,2646
2654,2646
2655,2647
2656,2647
2657,2652
2658,2650
2659,2649
2660,2653
2661,2650
2662,2653
2663,2654
2664,2656
2665,2659
2666,2657
2667,2662
2668,2662
2669,2659
2670,2662
2671,2663
2672,2662
2673,2664
2674,2667
2675,2669
2676,2667
2677,2667
2678,2674
2679,2671
2680,2674
2681,2672
2682,2674
2683,2675
2684,2678
2685,2681
2686,2676
2687,2677
2688,2682
2689,2682
2690,2680
2691,2682
2692,2685
2693,2688
2694,2685
2695,2688
2696,2687
2697,2691
2698,2691
2699,2690
2700,2697
2701,2694
2702,2695
2703,2696
2704,2696
2705,2697
2706,2697
2707,2696
2708,2700
2709,2702
2710,2704
2711,2705
2712,2701
2713,2709
2714,2706
2715,2705
2716,2709
2717,2707
2718,2710
2719,2712
2720,2713
2721,2714
2722,2712
2723,2714
2724,2717
2725,2714
2726,2717
2727,2720
2728,2719
2729,2723
2730,2721
2731,2724
2732,2722
2733,2727
2734,2727
2735,2724
2736,2730
2737,2729
2738,2731
2739,2733
2740,2729
2741,2736
2742,2735
2743,2735
2744,2735
2745,2733
2746,2737
2747,2740
2748,2740
2749,2743
2750,2741
2751,2743
2752,2745
2753,2746
2754,2746
2755,2744
2756,2750
2757,2746
2758,2750
2759,2756
2760,2748
2761,2755
2762,2751
2763,2756
2764,2753
2765,2757
2766,2756
2767,2758
2768,2762
2769,2760
2770,2763
2771,2767
2772,2763
2773,2768
2774,2766
2775,2766
2776,2769
2777,2769
2778,2771
2779,2772
2780,2773
2781,2773
2782,2775
2783,2777
2784,2775
2785,2775
2786,2777
2787,2777
2788,2783
2789,2782
2790,2779
2791,2784
2792,2781
2793,2787
2794,2787
2795,2787
2796,2792
2797,2790
2798,2792
2799,2789
2800,2792
2801,2792
2802,2793
2803,2794
2804,2795
2805,2795
2806,2799
2807,2800
2808,2799
2809,2805
2810,2799
2811,2805
2812,2806
2813,2801
2814,2806
2815,2808
2816,2808
2817,2809
2818,2809
2819,2813
2820,2811
2821,2812
2822,2815
2823,2811
2824,2820
2825,2816
2826,2818
2827,2819
2828,2817
2829,2820
2830,2820
2831,2823
2832,2827
2833,2825
2834,2826
2835,2825
2836,2825
2837,2832
2838,2829
2839,2830
2840,2829
2841,2835
2842,2836
2843,2831
2844,2839
2845,2833
2846,2835
2847,2843
2848,2836
2849,2844
2850,2840
2851,2844
2852,2843
2853,2845
2854,2846
2855,2850
2856,2845
2857,2849
2858,2848
2859,2849
2860,2856
2861,2850
2862,2855
2863,2857
2864,2856
2865,2860
2866,2856
2867,2863
2868,2860
2869,2864
2870,2862
2871,2860
2872,2867
2873,2863
2874,2869
2875,2870
2876,2864
2877,2868
2878,2868
2879,2871
2880,2872
2881,2872
2882,2874
2883,2873
2884,2876
2885,2877
2886,2873
2887,2878
2888,2878
2889,2879
2890,2881
2891,2878
2892,2885
2893,2883
2894,2885
2895,2889
2896,2885
2897,2891
2898,2890
2899,2891
2900,2894
2901,2888
2902,2891
2903,2895
2904,2897
2905,2895
2906,2900
2907,2897
2908,2903
2909,2901
2910,2900
2911,2903
2912,2902
2913,2907
2914,2903
2915,2909
2916,2909
2917,2906
2918,2909
2919,2908
2920,2913
2921,2912
2922,2911
2923,2918
2924,2914
2925,2919
2926,2914
2927,2919
2928,2922
2929,2916
2930,2922
2931,2923
2932,2922
2933,2929
2934,2922
2935,2928
2936,2928
2937,2927
2938,2930
2939,2930
2940,2933
2941,2933
2942,2931
2943,2935
2944,2931
2945,2937
2946,2937
2947,2935
2948,2943
2949,2940
2950,2942
2951,2945
2952,2944
2953,2944
2954,2944
2955,2945
2956,2947
2957,2949
2958,2951
2959,2953
2960,2950
2961,2955
2962,2951
2963,2954
2964,2957
2965,2957
2966,2958
2967,2958
2968,2958
2969,2961
2970,2958
2971,2962
2972,2963
2973,2963
2974,2966
2975,2966
2976,2967
2977,2969
2978,2971
2979,2973
2980,2971
2981,2974
2982,2975
2983,2973
2984,2977
2985,2976
2986,2979
2987,2979
2988,2978
2989,2979
2990,2982
2991,2985
2992,2982
2993,2987
2994,2984
2995,2984
2996,2988
2997,2992
2998,2990
2999,2988
3000,2988
3001,2994
3002,2993
3003,2992
3004,2997
3005,2996
3006,2997
3007,2997
3008,2998
3009,3000
3010,3001
3011,2999
3012,3007
3013,3004
3014,3005
3015,3006
3016,3009
3017,3009
3018,3010
3019,3011
3020,3008
3021,3009
3022,3013
3023,3011
3024,3014
3025,3015
3026,3017
3027,3022
3028,3020
3029,3019
3030,3021
3031,3023
3032,3023
3033,3021
3034,3024
3035,3028
3036,3027
3037,3031
3038,3030
3039,3033
3040,3030
3041,3030
3042,3034
3043,3033
3044,3036
3045,3036
3046,3034
3047,3039
3048,3041
3049,3036
3050,3044
3051,3042
3052,3046
3053,3047
3054,3041
3055,3046
3056,3044
3057,3049
3058,3052
3059,3047
3060,3054
3061,3054
3062,3053
3063,3056
3064,3052
3065,3055
3066,3057
3067,3058
3068,3052
3069,3057
3070,3063
3071,3064
3072,3064
3073,3069
3074,3063
3075,3068
3076,3064
3077,3072
3078,3074
3079,3067
3080,3072
3081,3072
3082,3073
3083,3078
3084,3074
3085,3074
3086,3076
3087,3077
3088,3079
3089,3077
3090,3081
3091,3081
3092,3084
3093,3087
3094,3085
3095,3086
3096,3088
3097,3086
3098,3090
3099,3092
3100,3090
3101,3096
3102,3090
3103,3096
3104,3089
3105,3098
3106,3099
3107,3099
3108,3107
3109,3100
3110,3103
3111,3102
3112,3103
3113,3108
3114,3104
3115,3104
3116,3107
3117,3108
3118,3111
3119,3111
3120,3112
3121,3111
3122,3114
3123,3117
3124,3116
3125,3118
3126,3119
3127,3118
3128,3122
3129,3121
3130,3120
3131,3121
3132,3121
3133,3127
3134,3125
3135,3127
3136,3126
3137,3128
3138,3129
3139,3133
3140,3128
3141,3131
3142,3132
3143,3132
3144,3136
3145,3135
3146,3139
3147,3136
3148,3139
3149,3144
3150,3142
3151,3142
3152,3146
3153,3144
3154,3144
3155,3143
3156,3145
3157,3150
3158,3145
3159,3152
3160,3151
3161,3154
3162,3150
3163,3152
3164,3155
3165,3156
3166,3158
3167,3157
3168,3157
3169,3162
3170,3158
3171,3164
3172,3164
3173,3160
3174,3165
3175,3167
3176,3165
3177,3171
3178,3169
3179,3169
3180,3172
3181,3171
3182,3173
3183,3177
3184,3173
3185,3177
3186,3180
3187,3175
3188,3181
3189,3178
3190,3181
3191,3182
3192,3180
3193,3184
3194,3181
3195,3187
3196,3185
3197,3185
3198,3188
3199,3187
3200,3191
3201,3191
3202,3191
3203,3195
3204,3196
3205,3194
3206,3198
3207,3194
3208,3198
3209,3196
3210,3199
3211,3204
3212,3203
3213,3203
3214,3202
3215,3204
3216,3208
3217,3204
3218,3208
3219,3207
3220,3208
3221,3214
3222,3209
3223,3216
3224,3210
3225,3218
3226,3215
3227,3215
3228,3218
3229,3217
3230,3217
3231,3221
3232,3219
3233,3223
3234,3222
3235,3226
3236,3230
3237,3224
3238,3228
3239,3229
3240,3230
3241,3232
3242,3232
3243,3231
3244,3237
3245,3230
3246,3237
3247,3239
3248,3241
3249,3242
3250,3239
3251,3244
3252,3244
3253,3242
3254,3243
3255,3244
3256,3245
3257,3247
3258,3247
3259,3250
3260,3246
3261,3252
3262,3249
3263,3253
3264,3256
3265,3256
3266,3256
3267,3258
3268,3261
3269,3262
3270,3262
3271,3261
3272,3258
3273,3262
3274,3267
3275,3268
3276,3265
3277,3270
3278,3268
3279,3272
3280,3270
3281,3270
3282,3275
3283,3274
3284,3278
3285,3273
3286,3276
3287,3280
3288,3278
3289,3279
3290,3278
3291,3279
3292,3285
3293,3285
3294,3283
3295,3283
3296,3287
3297,3290
3298,3288
3299,3293
3300,3288
3301,3291
3302,3292
3303,3291
3304,3294
3305,3297
3306,3295
3307,3298
3308,3295
3309,3300
3310,3299
3311,3302
3312,3306
3313,3300
3314,3306
3315,3304
3316,3305
3317,3312
3318,3304
3319,3311
3320,3307
3321,3309
3322,3315
3323,3316
3324,3314
3325,3319
3326,3314
3327,3316
3328,3319
3329,3316
3330,3322
3331,3318
3332,3322
3333,3324
3334,3322
3335,3328
3336,3326
3337,3325
3338,3330
3339,3328
3340,3330
3341,3331
3342,3333
3343,3333
3344,3332
3345,3339
3346,3334
3347,3340
3348,3339
3349,3340
3350,3339
3351,3337
3352,3341
3353,3343
3354,3344
3355,3345
3356,3347
3357,3347
3358,3348
3359,3346
3360,3351
3361,3348
3362,3351
3363,3354
3364,3355
3365,3355
3366,3356
3367,3353
3368,3359
3369,3357
3370,3358
3371,3365
3372,3358
3373,3364
3374,3366
3375,3365
3376,3368
3377,3364
3378,3367
3379,3367
3380,3371
3381,3375
3382,3369
3383,3372
3384,3374
3385,3373
3386,3379
3387,3375
3388,3379
3389,3380
3390,3379
3391,3381
3392,3380
3393,3383
3394,3382
3395,3382
3396,3386
3397,3385
3398,3391
3399,3389
3400,3386
3401,3394
3402,3388
3403,3392
3404,3393
3405,3393
3406,3400
3407,3398
3408,3398
3409,3400
3410,3398
3411,3404
3412,3402
3413,3402
3414,3406
3415,3401
3416,3408
3417,3407
3418,3408
3419,3412
3420,3412
3421,3412
3422,3414
3423,3414
3424,3414
3425,3412
3426,3417
3427,3412
3428,3415
3429,3422
3430,3419
3431,3422
3432,3423
3433,3423
3434,3424
3435,3424
3436,3425
3437,3428
3438,3426
3439,3432
3440,3430
3441,3430
3442,3434
3443,3432
3444,3434
3445,3435
3446,3435
3447,3438
3448,3437
3449,3442
3450,3440
3451,3441
3452,3442
3453,3442
3454,3442
3455,3444
3456,3444
3457,3447
3458,3444
3459,3449
3460,3445
3461,3449
3462,3453
3463,3453
3464,3454
3465,3456
3466,3452
3467,3457
3468,3456
3469,3459
3470,3463
3471,3460
3472,3461
3473,3460
3474,3463
3475,3465
3476,3462
3477,3468
3478,3468
3479,3469
3480,3472
3481,3467
3482,3473
3483,3472
3484,3470
3485,3477
3486,3474
3487,3480
3488,3475
3489,3477
3490,3479
3491,3479
3492,3481
3493,3484
3494,3482
3495,3484
3496,3482
3497,3488
3498,3488
3499,3486
3500,3490
3501,3488
3502,3492
3503,3490
3504,3493
3505,3494
3506,3494
3507,3498
3508,3502
3509,3498
3510,3502
3511,3500
3512,3503
3513,3507
3514,3503
3515,3504
3516,3506
3517,3504
3518,3507
3519,3507
3520,3509
3521,3509
3522,3512
3523,3516
3524,3511
3525,3514
3526,3518
3527,3514
3528,3521
3529,3516
3530,3520
3531,3522
3532,3523
3533,3523
3534,3523
3535,3523
3536,3524
3537,3528
3538,3531
3539,3528
3540,3531
3541,3531
3542,3530
3543,3534
3544,3533
3545,3536
3546,3533
3547,3535
3548,3540
3549,3535
3550,3542
3551,3540
3552,3539
3553,3542
3554,3542
3555,3545
3556,3547
3557,3546
3558,3547
3559,3550
3560,3546
3561,3549
3562,3548
3563,3554
3564,3554
3565,3554
3566,3555
3567,3555
3568,3560
3569,3559
3570,3559
3571,3559
3572,3559
3573,3563
3574,3567
3575,3564
3576,3565
3577,3567
3578,3570
3579,3570
3580,3570
3581,3571
3582,3568
3583,3572
3584,3572
3585,3571
3586,3578
3587,3577
3588,3579
3589,3580
3590,3576
3591,3581
3592,3578
3593,3580
3594,3586
3595,3583
3596,3585
3597,3587
3598,3588
3599,3589
3600,3590
3601,3589
3602,3592
3603,3594
3604,3592
3605,3591
3606,3592
3607,3600
3608,3596
3609,3596
3610,3597
3611,3599
3612,3600
3613,3598
3614,3602
3615,3604
3616,3603
3617,3609
3618,3603
3619,3608
3620,3610
3621,3609
3622,3611
3623,3608
3624,3612
3625,3614
3626,3612
3627,3619
3628,3614
3629,3620
3630,3619
3631,3618
3632,3623
3633,3621
3634,3624
3635,3625
3636,3627
3637,3629
3638,3624
3639,3627
3640,3628
3641,3630
3642,3634
3643,3629
3644,3634
3645,3633
3646,3633
3647,3635
3648,3638
3649,3633
3650,3639
3651,3636
3652,3643
3653,3645
3654,3640
3655,3647
3656,3642
3657,3644
3658,3646
3659,3643
3660,3652
3661,3647
3662,3650
3663,3650
3664,3652
3665,3657
3666,3655
3667,3658
3668,3657
3669,3654
3670,3660
3671,3659
3672,3659
3673,3662
3674,3660
3675,3661
3676,3663
3677,3667
3678,3668
3679,3665
3680,3671
3681,3667
3682,3668
3683,3671
3684,3669
3685,3673
3686,3674
3687,3678
3688,3680
3689,3676
3690,3681
3691,3678
3692,3680
3693,3683
3694,3684
3695,3682
3696,3687
3697,3686
3698,3688
3699,3689
3700,3690
3701,3689
3702,3687
3703,3692
3704,3692
3705,3692
3706,3696
3707,3696
3708,3698
3709,3698
3710,3697
3711,3703
3712,3700
3713,3704
3714,3703
3715,3702
3716,3704
3717,3705
3718,3708
3719,3706
3720,3708
3721,3712
3722,3706
3723,3714
3724,3713
3725,3710
3726,3715
3727,3711
3728,3715
3729,3715
3730,3715
3731,3722
3732,3720
3733,3724
3734,3724
3735,3724
3736,3727
3737,3722
3738,3726
3739,3728
3740,3726
3741,3731
3742,3731
3743,3728
3744,3733
3745,3733
3746,3736
3747,3734
3748,3733
3749,3739
3750,3738
3751,3738
3752,3741
3753,3740
3754,3743
3755,3743
3756,3745
3757,3744
3758,3745
3759,3746
3760,3745
3761,3750
3762,3748
3763,3749
3764,3754
3765,3754
3766,3754
3767,3757
3768,3758
3769,3757
3770,3759
3771,3758
3772,3763
3773,3758
3774,3765
3775,3762
3776,3765
3777,3765
3778,3766
3779,3770
3780,3768
3781,3770
3782,3771
3783,3768
3784,3776
3785,3774
3786,3772
3787,3778
3788,3777
3789,3776
3790,3779
3791,3778
3792,3781
3793,3779
3794,3781
3795,3783
3796,3785
3797,3789
3798,3786
3799,3787
3800,3789
3801,3788
3802,3788
3803,3790
3804,3794
3805,3793
3806,3794
3807,3795
3808,3795
3809,3796
3810,3801
3811,3800
3812,3800
3813,3799
3814,3801
3815,3805
3816,3804
3817,3808
3818,3805
3819,3805
3820,3812
3821,3809
3822,3810
3823,3811
3824,3813
3825,3812
3826,3815
3827,3814
3828,3817
3829,3814
3830,3819
3831,3818
3832,3822
3833,3821
3834,3821
3835,3826
3836,3825
3837,3827
3838,3830
3839,3827
3840,3829
3841,3826
3842,3830
3843,3832
3844,3832
3845,3835
3846,3832
3847,3834
3848,3840
3849,3837
3850,3838
3851,3837
3852,3840
3853,3844
3854,3841
3855,3844
3856,3842
3857,3843
3858,3847
3859,3844
3860,3848
3861,3852
3862,3848
3863,3853
3864,3849
3865,3853
3866,3855
3867,3853
3868,3856
3869,3853
3870,3861
3871,3857
3872,3857
3873,3864
3874,3859
3875,3861
3876,3863
3877,3861
3878,3866
3879,3866
3880,3867
3881,3870
3882,3869
3883,3869
3884,3874
3885,3874
3886,3877
3887,3876
3888,3874
3889,3878
3890,3876
3891,3883
3892,3877
3893,3881
3894,3881
3895,3882
3896,3885
3897,3883
3898,3887
3899,3886
3900,3885
3901,3892
3902,3886
3903,3890
3904,3892
3905,3892
3906,3896
3907,3895
3908,3894
3909,3900
3910,3894
3911,3898
3912,3899
3913,3901
3914,3902
3915,3903
3916,3904
3917,3905
3918,3907
3919,3909
3920,3906
3921,3910
3922,3910
3923,3911
3924,3912
3925,3909
3926,3912
3927,3918
3928,3912
3929,3916
3930,3920
3931,3918
3932,3923
3933,3920
3934,3921
3935,3922
3936,3924
3937,3929
3938,3928
3939,3926
3940,3926
3941,3928
3942,3933
3943,3927
3944,3933
3945,3930
3946,3932
3947,3936
3948,3935
3949,3940
3950,3936
3951,3938
3952,3941
3953,3937
3954,3941
3955,3941
3956,3942
3957,3946
3958,3944
3959,3946
3960,3946
3961,3949
3962,3949
3963,3946
3964,3955
3965,3953
3966,3954
3967,3958
3968,3952
3969,3957
3970,3956
3971,3956
3972,3962
3973,3960
3974,3962
3975,3966
3976,3963
3977,3963
3978,3966
3979,3968
3980,3969
3981,3965
3982,3978
3983,3968
3984,3972
3985,3975
3986,3972
3987,3972
3988,3974
3989,3977
3990,3977
3991,3978
3992,3979
3993,3982
3994,3981
3995,3986
3996,3980
3997,3983
3998,3984
3999,3982
4000,3989
4001,3986
4002,3989
4003,3991
4004,3991
4005,3994
4006,3991
4007,3996
4008,3996
4009,3997
4010,3996
4011,3994
4012,3998
4013,3998
4014,4001
4015,4001
4016,4005
4017,4004
4018,4008
4019,4006
4020,4006
4021,4012
4022,4010
4023,4011
4024,4013
4025,4011
4026,4013
4027,4013
4028,4017
4029,4014
4030,4017
4031,4018
4032,4018
4033,4020
4034,4022
4035,4021
4036,4027
4037,4021
4038,4024
4039,4025
4040,4026
4041,4027
4042,4025
4043,4029
4044,4028
4045,4033
4046,4035
4047,4033
4048,4036
4049,4036
4050,4039
4051,4037
4052,4038
4053,4040
4054,4039
4055,4041
4056,4045
4057,4039
4058,4049
4059,4047
4060,4045
4061,4052
4062,4045
4063,4052
4064,4050
4065,4053
4066,4052
4067,4053
4068,4052
4069,4059
4070,4053
4071,4057
4072,4056
4073,4057
4074,4063
4075,4062
4076,4065
4077,4063
4078,4064
4079,4067
4080,4064
4081,4071
4082,4070
4083,4070
4084,4075
4085,4068
4086,4072
4087,4073
4088,4075
4089,4076
4090,4074
4091,4075
4092,4073
4093,4072
4094,4075
4095,4077
