0,4
1,8
2,7
3,7
4,5
5,8
6,9
7,6
8,12
9,12
10,12
11,13
12,11
13,16
14,13
15,15
16,21
17,19
18,22
19,22
20,23
21,24
22,21
23,26
24,23
25,25
26,30
27,28
28,32
29,29
30,29
31,32
32,32
33,37
34,35
35,35
36,38
37,39
38,40
39,40
40,39
41,45
42,40
43,46
44,45
45,45
46,49
47,47
48,51
49,52
50,53
51,55
52,51
53,57
54,54
55,55
56,59
57,57
58,61
59,59
60,62
61,65
62,59
63,67
64,65
65,65
66,71
67,64
68,71
69,70
70,69
71,73
72,70
73,72
74,76
75,74
76,75
77,83
78,76
79,81
80,81
81,80
82,83
83,81
84,84
85,84
86,88
87,91
88,88
89,92
90,93
91,92
92,94
93,91
94,99
95,95
96,97
97,98
98,95
99,98
100,99
101,99
102,105
103,98
104,105
105,107
106,108
107,111
108,107
109,111
110,108
111,112
112,116
113,113
114,113
115,113
116,115
117,119
118,118
119,120
120,119
121,119
122,126
123,122
124,123
125,124
126,125
127,127
128,125
129,129
130,131
131,128
132,134
133,133
134,136
135,136
136,133
137,140
138,138
139,136
140,142
141,139
142,144
143,142
144,140
145,149
146,146
147,149
148,147
149,147
150,150
151,148
152,151
153,152
154,151
155,155
156,156
157,155
158,156
159,155
160,163
161,160
162,162
163,166
164,161
165,164
166,165
167,167
168,168
169,166
170,168
171,168
172,170
173,173
174,171
175,177
176,173
177,179
178,181
179,179
180,179
181,179
182,183
183,183
184,183
185,185
186,184
187,185
188,191
189,187
190,192
191,191
192,192
193,193
194,193
195,194
196,196
197,194
198,198
199,197
200,199
201,203
202,199
203,203
204,204
205,201
206,210
207,203
208,210
209,207
210,207
211,214
212,209
213,215
214,214
215,213
216,216
217,214
218,220
219,217
220,219
221,224
222,221
223,225
224,222
225,224
226,226
227,225
228,227
229,229
230,227
231,233
232,231
233,235
234,231
235,234
236,238
237,235
238,239
239,238
240,237
241,243
242,238
243,244
244,242
245,239
246,245
247,244
248,247
249,247
250,251
251,253
252,251
253,252
254,255
255,251
256,255
257,257
258,254
259,258
260,260
261,260
262,261
263,259
264,263
265,262
266,265
267,268
268,268
269,271
270,271
271,270
272,272
273,271
274,276
275,276
276,277
277,280
278,275
279,282
280,280
281,282
282,281
283,280
284,284
285,285
286,287
287,287
288,285
289,289
290,289
291,292
292,293
293,292
294,295
295,295
296,294
297,298
298,295
299,299
300,302
301,300
302,303
303,300
304,304
305,305
306,304
307,308
308,305
309,307
310,310
311,310
312,312
313,314
314,313
315,317
316,312
317,316
318,317
319,319
320,322
321,318
322,322
323,320
324,325
325,327
326,321
327,326
328,327
329,328
330,331
331,328
332,333
333,333
334,332
335,337
336,333
337,335
338,336
339,339
340,340
341,340
342,340
343,342
344,340
345,347
346,345
347,346
348,349
349,348
350,351
351,352
352,352
353,355
354,350
355,354
356,353
357,353
358,359
359,357
360,362
361,360
362,363
363,363
364,360
365,367
366,368
367,365
368,369
369,366
370,369
371,372
372,369
373,371
374,372
375,376
376,378
377,374
378,377
379,377
380,380
381,381
382,380
383,382
384,384
385,382
386,388
387,383
388,390
389,388
390,388
391,392
392,389
393,395
394,394
395,395
396,397
397,393
398,397
399,398
400,399
401,403
402,398
403,404
404,403
405,405
406,407
407,404
408,408
409,409
410,409
411,413
412,407
413,411
414,414
415,412
416,416
417,413
418,419
419,420
420,420
421,420
422,421
423,419
424,424
425,423
426,426
427,428
428,424
429,431
430,426
431,432
432,431
433,430
434,434
435,433
436,435
437,436
438,437
439,440
440,438
441,441
442,441
443,439
444,443
445,440
446,446
447,444
448,445
449,451
450,448
451,449
452,450
453,451
454,453
455,453
456,454
457,458
458,455
459,459
460,455
461,460
462,462
463,461
464,465
465,462
466,464
467,466
468,467
469,470
470,468
471,468
472,470
473,471
474,474
475,474
476,477
477,480
478,473
479,477
480,480
481,479
482,482
483,479
484,481
485,485
486,485
487,487
488,486
489,485
490,492
491,489
492,490
493,492
494,493
495,497
496,492
497,497
498,492
499,499
500,500
501,498
502,500
503,500
504,500
505,503
506,505
507,505
508,507
509,508
510,510
511,506
512,513
513,510
514,514
515,514
516,513
517,516
518,515
519,515
520,521
521,518
522,519
523,519
524,520
525,525
526,524
527,527
528,527
529,527
530,532
531,526
532,532
533,534
534,531
535,537
536,531
537,533
538,536
539,533
540,538
541,540
542,539
543,541
544,543
545,544
546,541
547,543
548,550
549,549
550,550
551,551
552,549
553,552
554,551
555,554
556,556
557,555
558,555
559,558
560,557
561,561
562,558
563,561
564,559
565,563
566,566
567,563
568,566
569,567
570,567
571,568
572,566
573,572
574,572
575,574
576,577
577,572
578,577
579,574
580,577
581,581
582,578
583,583
584,578
585,582
586,586
587,581
588,588
589,585
590,587
591,590
592,587
593,590
594,592
595,591
596,594
597,594
598,595
599,601
600,597
601,602
602,599
603,597
604,605
605,600
606,606
607,605
608,606
609,609
610,604
611,610
612,611
613,609
614,617
615,612
616,613
617,616
618,614
619,619
620,615
621,621
622,617
623,618
624,624
625,622
626,621
627,624
628,626
629,630
630,624
631,631
632,631
633,626
634,631
635,630
636,635
637,633
638,635
639,636
640,637
641,637
642,642
643,641
644,641
645,640
646,644
647,647
648,642
649,649
650,645
651,647
652,651
653,650
654,653
655,653
656,652
657,654
658,655
659,654
660,663
661,659
662,663
663,663
664,662
665,664
666,665
667,667
668,663
669,668
670,667
671,666
672,670
673,671
674,670
675,675
676,673
677,674
678,675
679,676
680,679
681,678
682,681
683,680
684,683
685,685
686,680
687,684
688,685
689,687
690,689
691,685
692,689
693,687
694,689
695,692
696,693
697,694
698,695
699,695
700,697
701,696
702,703
703,698
704,703
705,703
706,701
707,707
708,706
709,705
710,711
711,711
712,710
713,712
714,707
715,712
716,716
717,715
718,719
719,713
720,716
721,718
722,720
723,724
724,721
725,721
726,722
727,723
728,726
729,725
730,729
731,729
732,729
733,730
734,729
735,732
736,733
737,733
738,737
739,733
740,736
741,741
742,739
743,739
744,739
745,741
746,744
747,745
748,744
749,746
750,750
751,749
752,750
753,754
754,752
755,754
756,753
757,749
758,758
759,755
760,760
761,762
762,757
763,762
764,760
765,763
766,764
767,764
768,769
769,771
770,768
771,769
772,770
773,772
774,776
775,771
776,778
777,773
778,778
779,784
780,776
781,779
782,782
783,783
784,786
785,780
786,787
787,786
788,785
789,788
790,785
791,789
792,791
793,792
794,796
795,790
796,797
797,794
798,794
799,800
800,794
801,799
802,802
803,801
804,803
805,803
806,806
807,805
808,807
809,811
810,806
811,811
812,812
813,809
814,816
815,811
816,814
817,817
818,816
819,817
820,816
821,819
822,823
823,822
824,822
825,823
826,825
827,825
828,823
829,826
830,828
831,831
832,832
833,831
834,835
835,835
836,831
837,835
838,833
839,840
840,840
841,836
842,842
843,841
844,844
845,844
846,843
847,846
848,846
849,850
850,850
851,846
852,851
853,848
854,852
855,852
856,853
857,855
858,853
859,859
860,858
861,858
862,860
863,858
864,864
865,863
866,861
867,866
868,863
869,869
870,871
871,869
872,872
873,872
874,874
875,875
876,875
877,874
878,877
879,877
880,878
881,877
882,880
883,882
884,879
885,884
886,885
887,886
888,888
889,884
890,887
891,889
892,889
893,893
894,892
895,893
896,892
897,894
898,899
899,896
900,901
901,900
902,901
903,900
904,898
905,907
906,902
907,903
908,910
909,905
910,911
911,909
912,912
913,913
914,910
915,916
916,915
917,914
918,918
919,914
920,918
921,918
922,918
923,922
924,923
925,924
926,923
927,923
928,928
929,925
930,929
931,927
932,927
933,931
934,930
935,931
936,938
937,936
938,939
939,939
940,939
941,945
942,940
943,944
944,943
945,941
946,945
947,944
948,950
949,948
950,949
951,953
952,949
953,951
954,955
955,950
956,957
957,956
958,957
959,955
960,956
961,960
962,960
963,964
964,961
965,964
966,965
967,962
968,968
969,968
970,965
971,969
972,969
973,972
974,972
975,971
976,977
977,975
978,978
979,978
980,979
981,982
982,979
983,981
984,982
985,983
986,984
987,986
988,985
989,990
990,986
991,988
992,987
993,989
994,990
995,992
996,998
997,997
998,995
999,998
1000,997
1001,1003
1002,1000
1003,1001
1004,1001
1005,1003
1006,1007
1007,1003
1008,1007
1009,1006
1010,1007
1011,1012
1012,1012
1013,1011
1014,1014
1015,1016
1016,1018
1017,1015
1018,1018
1019,1020
1020,1019
1021,1019
1022,1020
1023,1023
1024,1026
1025,1025
1026,1027
1027,1026
1028,1025
1029,1028
1030,1026
1031,1032
1032,1032
1033,1031
1034,1035
1035,1033
1036,1037
1037,1035
1038,1041
1039,1039
1040,1039
1041,1039
1042,1041
1043,1041
1044,1047
1045,1043
1046,1048
1047,1047
1048,1046
1049,1048
1050,1048
1051,1050
1052,1051
1053,1050
1054,1055
1055,1051
1056,1056
1057,1053
1058,1054
1059,1057
1060,1056
1061,1059
1062,1060
1063,1062
1064,1066
1065,1063
1066,1064
1067,1065
1068,1067
1069,1071
1070,1065
1071,1070
1072,1070
1073,1071
1074,1075
1075,1072
1076,1079
1077,1079
1078,1077
1079,1079
1080,1076
1081,1080
1082,1081
1083,1079
1084,1082
1085,1083
1086,1084
1087,1087
1088,1088
1089,1088
1090,1089
1091,1089
1092,1093
1093,1092
1094,1093
1095,1097
1096,1094
1097,1097
1098,1095
1099,1097
1100,1103
1101,1097
1102,1104
1103,1103
1104,1100
1105,1105
1106,1102
1107,1106
1108,1108
1109,1105
1110,1112
1111,1109
1112,1113
1113,1111
1114,1113
1115,1113
1116,1111
1117,1118
1118,1119
1119,1115
1120,1123
1121,1117
1122,1124
1123,1120
1124,1121
1125,1124
1126,1124
1127,1127
1128,1128
1129,1126
1130,1130
1131,1129
1132,1129
1133,1132
1134,1131
1135,1137
1136,1135
1137,1134
1138,1139
1139,1140
1140,1140
1141,1142
1142,1141
1143,1145
1144,1140
1145,1143
1146,1144
1147,1145
1148,1147
1149,1146
1150,1149
1151,1149
1152,1146
1153,1152
1154,1153
1155,1156
1156,1157
1157,1155
1158,1157
1159,1157
1160,1161
1161,1161
1162,1162
1163,1164
1164,1161
1165,1162
1166,1165
1167,1165
1168,1169
1169,1169
1170,1170
1171,1171
1172,1171
1173,1171
1174,1171
1175,1173
1176,1176
1177,1175
1178,1180
1179,1178
1180,1175
1181,1181
1182,1179
1183,1181
1184,1187
1185,1180
1186,1185
1187,1191
1188,1186
1189,1189
1190,1189
1191,1190
1192,1190
1193,1191
1194,1193
1195,1192
1196,1197
1197,1197
1198,1198
1199,1198
1200,1196
1201,1202
1202,1201
1203,1204
1204,1204
1205,1202
1206,1207
1207,1204
1208,1205
1209,1210
1210,1206
1211,1211
1212,1212
1213,1208
1214,1216
1215,1213
1216,1218
1217,1217
1218,1214
1219,1223
1220,1216
1221,1222
1222,1222
1223,1223
1224,1225
1225,1222
1226,1226
1227,1225
1228,1224
1229,1229
1230,1231
1231,1228
1232,1232
1233,1231
1234,1235
1235,1232
1236,1233
1237,1238
1238,1236
1239,1238
1240,1240
1241,1237
1242,1242
1243,1238
1244,1243
1245,1246
1246,1242
1247,1248
1248,1244
1249,1247
1250,1248
1251,1246
1252,1250
1253,1251
1254,1253
1255,1255
1256,1254
1257,1258
1258,1257
1259,1256
1260,1259
1261,1259
1262,1264
1263,1259
1264,1261
1265,1265
1266,1262
1267,1268
1268,1263
1269,1268
1270,1270
1271,1267
1272,1270
1273,1271
1274,1269
1275,1276
1276,1274
1277,1274
1278,1276
1279,1277
1280,1280
1281,1276
1282,1281
1283,1283
1284,1280
1285,1283
1286,1282
1287,1286
1288,1290
1289,1286
1290,1289
1291,1288
1292,1289
1293,1291
1294,1292
1295,1294
1296,1294
1297,1297
1298,1298
1299,1297
1300,1299
1301,1298
1302,1299
1303,1301
1304,1300
1305,1302
1306,1303
1307,1301
1308,1307
1309,1305
1310,1307
1311,1310
1312,1311
1313,1312
1314,1310
1315,1315
1316,1313
1317,1314
1318,1319
1319,1317
1320,1317
1321,1319
1322,1316
1323,1321
1324,1320
1325,1320
1326,1324
1327,1326
1328,1325
1329,1331
1330,1327
1331,1332
1332,1325
1333,1331
1334,1330
1335,1333
1336,1335
1337,1335
1338,1334
1339,1338
1340,1338
1341,1342
1342,1337
1343,1341
1344,1344
1345,1339
1346,1347
1347,1342
1348,1344
1349,1347
1350,1345
1351,1351
1352,1350
1353,1352
1354,1351
1355,1351
1356,1354
1357,1353
1358,1355
1359,1355
1360,1358
1361,1355
1362,1361
1363,1361
1364,1362
1365,1360
1366,1364
1367,1367
1368,1362
1369,1367
1370,1367
1371,1371
1372,1370
1373,1370
1374,1371
1375,1370
1376,1373
1377,1374
1378,1374
1379,1375
1380,1379
1381,1380
1382,1382
1383,1379
1384,1382
1385,1380
1386,1383
1387,1388
1388,1384
1389,1387
1390,1388
1391,1389
1392,1390
1393,1389
1394,1392
1395,1393
1396,1394
1397,1400
1398,1392
1399,1396
1400,1398
1401,1396
1402,1401
1403,1400
1404,1401
1405,1402
1406,1402
1407,1404
1408,1406
1409,1407
1410,1406
1411,1408
1412,1413
1413,1410
1414,1411
1415,1413
1416,1411
1417,1414
1418,1418
1419,1415
1420,1418
1421,1419
1422,1419
1423,1420
1424,1422
1425,1422
1426,1421
1427,1423
1428,1424
1429,1425
1430,1430
1431,1427
1432,1428
1433,1430
1434,1430
1435,1435
1436,1433
1437,1434
1438,1437
1439,1436
1440,1437
1441,1436
1442,1440
1443,1442
1444,1438
1445,1442
1446,1441
1447,1446
1448,1446
1449,1443
1450,1448
1451,1448
1452,1448
1453,1450
1454,1449
1455,1454
1456,1450
1457,1455
1458,1457
1459,1454
1460,1458
1461,1458
1462,1457
1463,1463
1464,1458
1465,1459
1466,1465
1467,1461
1468,1467
1469,1464
1470,1466
1471,1469
1472,1466
1473,1472
1474,1470
1475,1471
1476,1472
1477,1473
1478,1477
1479,1473
1480,1476
1481,1480
1482,1476
1483,1483
1484,1479
1485,1482
1486,1487
1487,1481
1488,1486
1489,1485
1490,1485
1491,1491
1492,1487
1493,1489
1494,1490
1495,1491
1496,1495
1497,1490
1498,1493
1499,1496
1500,1499
1501,1501
1502,1497
1503,1502
1504,1500
1505,1500
1506,1505
1507,1503
1508,1502
1509,1509
1510,1508
1511,1509
1512,1508
1513,1510
1514,1512
1515,1513
1516,1515
1517,1515
1518,1513
1519,1520
1520,1518
1521,1517
1522,1520
1523,1519
1524,1524
1525,1522
1526,1526
1527,1524
1528,1523
1529,1526
1530,1525
1531,1528
1532,1530
1533,1530
1534,1532
1535,1531
1536,1535
1537,1537
1538,1533
1539,1536
1540,1534
1541,1537
1542,1538
1543,1538
1544,1543
1545,1541
1546,1546
1547,1541
1548,1542
1549,1547
1550,1546
1551,1550
1552,1550
1553,1551
1554,1551
1555,1554
1556,1550
1557,1556
1558,1554
1559,1556
1560,1558
1561,1558
1562,1562
1563,1560
1564,1560
1565,1564
1566,1560
1567,1565
1568,1565
1569,1573
1570,1570
1571,1568
1572,1569
1573,1571
1574,1572
1575,1573
1576,1571
1577,1573
1578,1573
1579,1576
1580,1579
1581,1578
1582,1581
1583,1580
1584,1579
1585,1583
1586,1583
1587,1586
1588,1585
1589,1588
1590,1588
1591,1587
1592,1590
1593,1588
1594,1590
1595,1595
1596,1589
1597,1594
1598,1594
1599,1595
1600,1598
1601,1597
1602,1600
1603,1601
1604,1601
1605,1601
1606,1601
1607,1601
1608,1606
1609,1605
1610,1608
1611,1607
1612,1607
1613,1612
1614,1608
1615,1613
1616,1611
1617,1613
1618,1616
1619,1615
1620,1618
1621,1615
1622,1617
1623,1620
1624,1620
1625,1623
1626,1622
1627,1624
1628,1625
1629,1624
1630,1625
1631,1630
1632,1626
1633,1630
1634,1629
1635,1632
1636,1633
1637,1630
1638,1635
1639,1634
1640,1637
1641,1637
1642,1636
1643,1640
1644,1637
1645,1640
1646,1644
1647,1644
1648,1644
1649,1646
1650,1646
1651,1649
1652,1649
1653,1650
1654,1652
1655,1650
1656,1654
1657,1651
1658,1653
1659,1659
1660,1654
1661,1658
1662,1659
1663,1658
1664,1662
1665,1658
1666,1662
1667,1661
1668,1666
1669,1669
1670,1664
1671,1668
1672,1668
1673,1666
1674,1674
1675,1670
1676,1676
1677,1674
1678,1673
1679,1678
1680,1676
1681,1680
1682,1677
1683,1678
1684,1680
1685,1678
1686,1683
1687,1683
1688,1684
1689,1686
1690,1685
1691,1689
1692,1688
1693,1689
1694,1690
1695,1692
1696,1690
1697,1696
1698,1692
1699,1696
1700,1698
1701,1698
1702,1701
1703,1698
1704,1701
1705,1701
1706,1703
1707,1705
1708,1704
1709,1704
1710,1704
1711,1705
1712,1711
1713,1708
1714,1709
1715,1714
1716,1712
1717,1715
1718,1711
1719,1715
1720,1717
1721,1715
1722,1720
1723,1717
1724,1722
1725,1720
1726,1719
1727,1723
1728,1722
1729,1723
1730,1724
1731,1727
1732,1729
1733,1728
1734,1731
1735,1732
1736,1732
1737,1736
1738,1733
1739,1735
1740,1737
1741,1735
1742,1738
1743,1741
1744,1736
1745,1741
1746,1743
1747,1744
1748,1742
1749,1744
1750,1747
1751,1745
1752,1751
1753,1747
1754,1748
1755,1751
1756,1749
1757,1752
1758,1754
1759,1754
1760,1759
1761,1757
1762,1759
1763,1758
1764,1757
1765,1761
1766,1763
1767,1762
1768,1764
1769,1762
1770,1767
1771,1765
1772,1770
1773,1773
1774,1772
1775,1774
1776,1772
1777,1773
1778,1775
1779,1774
1780,1777
1781,1772
1782,1777
1783,1780
1784,1779
1785,1780
1786,1787
1787,1781
1788,1784
1789,1784
1790,1785
1791,1789
1792,1786
1793,1791
1794,1790
1795,1790
1796,1795
1797,1792
1798,1796
1799,1793
1800,1796
1801,1802
1802,1798
1803,1802
1804,1801
1805,1800
1806,1803
1807,1800
1808,1804
1809,1806
1810,1807
1811,1808
1812,1808
1813,1810
1814,1810
1815,1810
1816,1814
1817,1812
1818,1816
1819,1814
1820,1814
1821,1818
1822,1815
1823,1820
1824,1821
1825,1821
1826,1825
1827,1824
1828,1827
1829,1824
1830,1824
1831,1827
1832,1828
1833,1828
1834,1831
1835,1829
1836,1834
1837,1833
1838,1832
1839,1836
1840,1836
1841,1839
1842,1838
1843,1836
1844,1841
1845,1840
1846,1843
1847,1844
1848,1842
1849,1848
1850,1846
1851,1846
1852,1847
1853,1846
1854,1853
1855,1849
1856,1853
1857,1854
1858,1854
1859,1856
1860,1855
1861,1857
1862,1857
1863,1857
1864,1862
1865,1861
1866,1861
1867,1864
1868,1864
1869,1866
1870,1864
1871,1866
1872,1868
1873,1867
1874,1871
1875,1870
1876,1872
1877,1876
1878,1872
1879,1876
1880,1879
1881,1876
1882,1877
1883,1876
1884,1881
1885,1882
1886,1880
1887,1886
1888,1883
1889,1884
1890,1888
1891,1885
1892,1888
1893,1887
1894,1891
1895,1891
1896,1891
1897,1894
1898,1894
1899,1893
1900,1899
1901,1895
1902,1898
1903,1899
1904,1903
1905,1905
1906,1899
1907,1904
1908,1904
1909,1903
1910,1906
1911,1905
1912,1908
1913,1908
1914,1911
1915,1912
1916,1912
1917,1916
1918,1915
1919,1916
1920,1919
1921,1915
1922,1920
1923,1919
1924,1920
1925,1923
1926,1921
1927,1920
1928,1924
1929,1923
1930,1927
1931,1927
1932,1926
1933,1929
1934,1928
1935,1933
1936,1932
1937,1931
1938,1934
1939,1933
1940,1937
1941,1937
1942,1936
1943,1942
1944,1940
1945,1940
1946,1943
1947,1940
1948,1945
1949,1944
1950,1944
1951,1947
1952,1945
1953,1951
1954,1947
1955,1950
1956,1953
1957,1953
1958,1956
1959,1952
1960,1955
1961,1955
1962,1955
1963,1959
1964,1959
1965,1960
1966,1962
1967,1963
1968,1967
1969,1961
1970,1964
1971,1965
1972,1969
1973,1968
1974,1970
1975,1970
1976,1975
1977,1970
1978,1973
1979,1976
1980,1973
1981,1975
1982,1976
1983,1978
1984,1980
1985,1979
1986,1984
1987,1982
1988,1985
1989,1984
1990,1982
1991,1988
1992,1987
1993,1988
1994,1992
1995,1988
1996,1991
1997,1994
1998,1995
1999,1995
2000,1991
2001,1998
2002,1998
2003,1997
2004,2002
2005,1998
2006,2001
2007,2001
2008,2003
2009,2006
2010,2002
2011,2009
2012,2008
2013,2009
2014,2011
2015,2007
2016,2012
2017,2011
2018,2012
2019,2014
2020,2015
2021,2017
2022,2021
2023,2013
2024,2019
2025,2016
2026,2018
2027,2023
2028,2021
2029,2026
2030,2026
2031,2027
2032,2029
2033,2029
2034,2030
2035,2030
2036,2032
2037,2036
2038,2032
2039,2033
2040,2034
2041,2035
2042,2039
2043,2035
2044,2042
2045,2042
2046,2040
2047,2041
2048,2042
2049,2046
2050,2046
2051,2047
2052,2050
2053,2045
2054,2048
2055,2053
2056,2048
2057,2053
2058,2050
2059,2053
2060,2054
2061,2054
2062,2059
2063,2059
2064,2056
2065,2063
2066,2062
2067,2060
2068,2064
2069,2065
2070,2067
2071,2065
2072,2066
2073,2073
2074,2069
2075,2071
2076,2070
2077,2073
2078,2076
2079,2075
2080,2075
2081,2074
2082,2075
2083,2079
2084,2078
2085,2079
2086,2082
2087,2084
2088,2086
2089,2081
2090,2084
2091,2086
2092,2085
2093,2092
2094,2088
2095,2092
2096,2091
2097,2092
2098,2095
2099,2092
2100,2099
2101,2096
2102,2097
2103,2099
2104,2096
2105,2102
2106,2096
2107,2103
2108,2103
2109,2102
2110,2105
2111,2109
2112,2107
2113,2109
2114,2109
2115,2107
2116,2114
2117,2111
2118,2113
2119,2114
2120,2113
2121,2117
2122,2115
2123,2116
2124,2122
2125,2118
2126,2120
2127,2119
2128,2122
2129,2123
2130,2122
2131,2127
2132,2124
2133,2130
2134,2127
2135,2126
2136,2131
2137,2129
2138,2134
2139,2132
2140,2135
2141,2138
2142,2135
2143,2140
2144,2139
2145,2139
2146,2142
2147,2140
2148,2142
2149,2142
2150,2145
2151,2147
2152,2145
2153,2149
2154,2148
2155,2146
2156,2154
2157,2155
2158,2154
2159,2154
2160,2156
2161,2154
2162,2160
2163,2160
2164,2163
2165,2158
2166,2161
2167,2164
2168,2163
2169,2163
2170,2165
2171,2167
2172,2168
2173,2167
2174,2168
2175,2169
2176,2171
2177,2173
2178,2171
2179,2172
2180,2176
2181,2174
2182,2180
2183,2178
2184,2180
2185,2181
2186,2181
2187,2180
2188,2179
2189,2185
2190,2185
2191,2185
2192,2189
2193,2185
2194,2190
2195,2188
2196,2188
2197,2191
2198,2190
2199,2193
2200,2191
2201,2196
2202,2198
2203,2198
2204,2197
2205,2200
2206,2197
2207,2205
2208,2204
2209,2202
2210,2206
2211,2202
2212,2207
2213,2208
2214,2209
2215,2211
2216,2207
2217,2212
2218,2214
2219,2210
2220,2216
2221,2215
2222,2215
2223,2219
2224,2216
2225,2220
2226,2217
2227,2223
2228,2221
2229,2223
2230,2226
2231,2225
2232,2225
2233,2227
2234,2227
2235,2229
2236,2229
2237,2230
2238,2230
2239,2232
2240,2237
2241,2235
2242,2236
2243,2239
2244,2235
2245,2242
2246,2239
2247,2242
2248,2244
2249,2244
2250,2248
2251,2246
2252,2247
2253,2250
2254,2249
2255,2249
2256,2252
2257,2247
2258,2255
2259,2252
2260,2255
2261,2259
2262,2257
2263,2261
2264,2261
2265,2258
2266,2264
2267,2259
2268,2261
2269,2265
2270,2266
2271,2269
2272,2266
2273,2269
2274,2266
2275,2272
2276,2273
2277,2271
2278,2275
2279,2271
2280,2274
2281,2279
2282,2276
2283,2281
2284,2279
2285,2280
2286,2282
2287,2277
2288,2282
2289,2283
2290,2285
2291,2290
2292,2285
2293,2291
2294,2291
2295,2291
2296,2292
2297,2290
2298,2294
2299,2294
2300,2294
2301,2298
2302,2296
2303,2296
2304,2301
2305,2299
2306,2303
2307,2304
2308,2305
2309,2307
2310,2302
2311,2306
2312,2306
2313,2309
2314,2311
2315,2308
2316,2308
2317,2311
2318,2313
2319,2314
2320,2311
2321,2314
2322,2316
2323,2316
2324,2319
2325,2318
2326,2322
2327,2323
2328,2320
2329,2324
2330,2320
2331,2324
2332,2325
2333,2327
2334,2331
2335,2328
2336,2332
2337,2334
2338,2330
2339,2334
2340,2335
2341,2336
2342,2338
2343,2334
2344,2337
2345,2338
2346,2337
2347,2342
2348,2342
2349,2342
2350,2344
2351,2346
2352,2350
2353,2346
2354,2345
2355,2349
2356,2347
2357,2355
2358,2350
2359,2355
2360,2354
2361,2356
2362,2359
2363,2358
2364,2359
2365,2360
2366,2357
2367,2364
2368,2359
2369,2364
2370,2365
2371,2362
2372,2365
2373,2371
2374,2366
2375,2370
2376,2367
2377,2371
2378,2369
2379,2375
2380,2375
2381,2374
2382,2376
2383,2376
2384,2379
2385,2379
2386,2377
2387,2381
2388,2384
2389,2382
2390,2385
2391,2386
2392,2386
2393,2390
2394,2389
2395,2390
2396,2389
2397,2388
2398,2392
2399,2392
2400,2396
2401,2395
2402,2394
2403,2401
2404,2394
2405,2399
2406,2402
2407,2399
2408,2404
2409,2400
2410,2408
2411,2406
2412,2404
2413,2409
2414,2406
2415,2412
2416,2410
2417,2410
2418,2416
2419,2414
2420,2413
2421,2416
2422,2417
2423,2421
2424,2416
2425,2419
2426,2418
2427,2419
2428,2423
2429,2424
2430,2423
2431,2424
2432,2425
2433,2427
2434,2426
2435,2431
2436,2427
2437,2428
2438,2434
2439,2434
2440,2433
2441,2436
2442,2433
2443,2438
2444,2438
2445,2438
2446,2444
2447,2441
2448,2440
2449,2444
2450,2440
2451,2444
2452,2446
2453,2446
2454,2452
2455,2449
2456,2453
2457,2452
2458,2452
2459,2456
2460,2454
2461,2456
2462,2456
2463,2456
2464,2460
2465,2457
2466,2462
2467,2458
2468,2460
2469,2463
2470,2462
2471,2465
2472,2463
2473,2465
2474,2472
2475,2465
2476,2471
2477,2471
2478,2471
2479,2471
2480,2470
2481,2476
2482,2475
2483,2472
2484,2480
2485,2478
2486,2479
2487,2480
2488,2483
2489,2482
2490,2480
2491,2483
2492,2487
2493,2486
2494,2489
2495,2487
2496,2489
2497,2492
2498,2488
2499,2487
2500,2492
2501,2494
2502,2500
2503,2495
2504,2502
2505,2499
2506,2496
2507,2505
2508,2502
2509,2502
2510,2505
2511,2507
2512,2506
2513,2506
2514,2506
2515,2509
2516,2510
2517,2513
2518,2510
2519,2512
2520,2514
2521,2514
2522,2518
2523,2515
2524,2521
2525,2519
2526,2517
2527,2520
2528,2522
2529,2524
2530,2527
2531,2521
2532,2527
2533,2528
2534,2522
2535,2529
2536,2530
2537,2530
2538,2534
2539,2533
2540,2534
2541,2533
2542,2536
2543,2540
2544,2534
2545,2543
2546,2537
2547,2543
2548,2542
2549,2541
2550,2546
2551,2547
2552,2546
2553,2546
2554,2544
2555,2552
2556,2548
2557,2552
2558,2554
2559,2550
2560,2558
2561,2552
2562,2555
2563,2559
2564,2556
2565,2562
2566,2561
2567,2560
2568,2566
2569,2564
2570,2567
2571,2562
2572,2569
2573,2570
2574,2568
2575,2571
2576,2566
2577,2574
2578,2569
2579,2576
2580,2576
2581,2576
2582,2575
2583,2573
2584,2577
2585,2579
2586,2577
2587,2586
2588,2581
2589,2583
2590,2586
2591,2583
2592,2586
2593,2586
2594,2591
2595,2588
2596,2589
2597,2595
2598,2592
2599,2594
2600,2598
2601,2591
2602,2595
2603,2597
2604,2600
2605,2598
2606,2600
2607,2601
2608,2603
2609,2599
2610,2606
2611,2606
2612,2607
2613,2609
2614,2605
2615,2608
2616,2610
2617,2613
2618,2611
2619,2614
2620,2619
2621,2611
2622,2614
2623,2621
2624,2615
2625,2620
2626,2618
2627,2622
2628,2620
2629,2619
2630,2623
2631,2628
2632,2623
2633,2628
2634,2626
2635,2630
2636,2628
2637,2629
2638,2633
2639,2632
2640,2636
2641,2635
2642,2634
2643,2637
2644,2633
2645,2637
2646,2636
2647,2638
2648,2644
2649,2641
2650,2643
2651,2643
2652,2646
2653,2648
2654,2644
2655,2647
2656,2650
2657,2650
2658,2654
2659,2653
2660,2652
2661,2653
2662,2653
2663,2656
2664,2659
2665,2659
2666,2661
2667,2658
2668,2662
2669,2665
2670,2664
2671,2663
2672,2661
2673,2666
2674,2667
2675,2665
2676,2670
2677,2670
2678,2671
2679,2678
2680,2672
2681,2673
2682,2675
2683,2677
2684,2676
2685,2677
2686,2679
2687,2678
2688,2683
2689,2685
2690,2679
2691,2685
2692,2687
2693,2685
2694,2690
2695,2687
2696,2691
2697,2689
2698,2691
2699,2697
2700,2692
2701,2697
2702,2698
2703,2697
2704,2697
2705,2699
2706,2697
2707,2698
2708,2700
2709,2702
2710,2698
2711,2703
2712,2707
2713,2704
2714,2709
2715,2706
2716,2709
2717,2711
2718,2712
2719,2710
2720,2714
2721,2710
2722,2714
2723,2717
2724,2717
2725,2716
2726,2720
2727,2722
2728,2717
2729,2721
2730,2722
2731,2722
2732,2727
2733,2722
2734,2725
2735,2728
2736,2727
2737,2733
2738,2731
2739,2731
2740,2732
2741,2731
2742,2735
2743,2736
2744,2735
2745,2737
2746,2740
2747,2740
2748,2740
2749,2742
2750,2744
2751,2741
2752,2745
2753,2742
2754,2747
2755,2746
2756,2744
2757,2748
2758,2750
2759,2748
2760,2752
2761,2753
2762,2758
2763,2754
2764,2754
2765,2757
2766,2758
2767,2763
2768,2762
2769,2761
2770,2763
2771,2762
2772,2765
2773,2767
2774,2765
2775,2770
2776,2766
2777,2771
2778,2769
2779,2770
2780,2776
2781,2771
2782,2771
2783,2773
2784,2773
2785,2780
2786,2780
2787,2776
2788,2781
2789,2777
2790,2784
2791,2783
2792,2784
2793,2784
2794,2783
2795,2791
2796,2790
2797,2787
2798,2791
2799,2790
2800,2795
2801,2795
2802,2798
2803,2797
2804,2794
2805,2798
2806,2796
2807,2801
2808,2805
2809,2800
2810,2803
2811,2804
2812,2801
2813,2802
2814,2807
2815,2804
2816,2811
2817,2808
2818,2810
2819,2810
2820,2810
2821,2813
2822,2811
2823,2813
2824,2817
2825,2812
2826,2818
2827,2816
2828,2819
2829,2821
2830,2821
2831,2823
2832,2820
2833,2828
2834,2824
2835,2826
2836,2830
2837,2825
2838,2831
2839,2834
2840,2832
2841,2837
2842,2832
2843,2832
2844,2834
2845,2839
2846,2841
2847,2836
2848,2841
2849,2841
2850,2843
2851,2845
2852,2841
2853,2843
2854,2845
2855,2847
2856,2849
2857,2848
2858,2850
2859,2851
2860,2849
2861,2852
2862,2856
2863,2855
2864,2859
2865,2857
2866,2858
2867,2858
2868,2858
2869,2861
2870,2863
2871,2862
2872,2864
2873,2863
2874,2869
2875,2868
2876,2867
2877,2870
2878,2869
2879,2871
2880,2873
2881,2872
2882,2877
2883,2872
2884,2874
2885,2874
2886,2879
2887,2878
2888,2876
2889,2880
2890,2879
2891,2883
2892,2885
2893,2885
2894,2889
2895,2886
2896,2889
2897,2887
2898,2887
2899,2890
2900,2889
2901,2895
2902,2895
2903,2892
2904,2895
2905,2898
2906,2897
2907,2900
2908,2897
2909,2901
2910,2902
2911,2900
2912,2906
2913,2906
2914,2903
2915,2910
2916,2908
2917,2908
2918,2911
2919,2907
2920,2916
2921,2913
2922,2914
2923,2915
2924,2913
2925,2921
2926,2915
2927,2917
2928,2921
2929,2921
2930,2921
2931,2919
2932,2923
2933,2923
2934,2926
2935,2928
2936,2927
2937,2930
2938,2931
2939,2928
2940,2935
2941,2933
2942,2934
2943,2936
2944,2936
2945,2937
2946,2934
2947,2937
2948,2938
2949,2939
2950,2943
2951,2943
2952,2941
2953,2947
2954,2946
2955,2945
2956,2950
2957,2949
2958,2953
2959,2951
2960,2951
2961,2956
2962,2954
2963,2956
2964,2956
2965,2957
2966,2955
2967,2954
2968,2960
2969,2961
2970,2958
2971,2962
2972,2961
2973,2965
2974,2964
2975,2968
2976,2971
2977,2969
2978,2968
2979,2968
2980,2973
2981,2971
2982,2972
2983,2975
2984,2977
2985,2977
2986,2976
2987,2976
2988,2977
2989,2982
2990,2983
2991,2985
2992,2979
2993,2987
2994,2983
2995,2983
2996,2987
2997,2991
2998,2991
2999,2992
3000,2990
3001,2991
3002,2991
3003,2995
3004,2999
3005,2993
3006,2995
3007,2999
3008,2997
3009,3002
3010,3002
3011,3001
3012,3005
3013,3001
3014,3008
3015,3007
3016,3006
3017,3011
3018,3010
3019,3014
3020,3011
3021,3015
3022,3015
3023,3015
3024,3019
3025,3013
3026,3017
3027,3015
3028,3017
3029,3025
3030,3018
3031,3024
3032,3022
3033,3022
3034,3028
3035,3022
3036,3031
3037,3028
3038,3029
3039,3035
3040,3029
3041,3032
3042,3037
3043,3032
3044,3036
3045,3035
3046,3038
3047,3041
3048,3036
3049,3038
3050,3040
3051,3040
3052,3045
3053,3044
3054,3048
3055,3049
3056,3046
3057,3051
3058,3048
3059,3049
3060,3053
3061,3049
3062,3053
3063,3055
3064,3057
3065,3059
3066,3055
3067,3060
3068,3057
3069,3061
3070,3062
3071,3060
3072,3066
3073,3062
3074,3065
3075,3068
3076,3063
3077,3066
3078,3070
3079,3070
3080,3073
3081,3068
3082,3075
3083,3077
3084,3074
3085,3080
3086,3078
3087,3077
3088,3079
3089,3079
3090,3083
3091,3082
3092,3083
3093,3084
3094,3082
3095,3086
3096,3090
3097,3089
3098,3093
3099,3088
3100,3093
3101,3091
3102,3090
3103,3097
3104,3093
3105,3096
3106,3098
3107,3097
3108,3099
3109,3099
3110,3104
3111,3101
3112,3100
3113,3106
3114,3101
3115,3107
3116,3108
3117,3105
3118,3110
3119,3112
3120,3112
3121,3112
3122,3111
3123,3114
3124,3113
3125,3114
3126,3115
3127,3116
3128,3123
3129,3119
3130,3124
3131,3122
3132,3122
3133,3129
3134,3125
3135,3123
3136,3129
3137,3124
3138,3128
3139,3129
3140,3129
3141,3131
3142,3129
3143,3136
3144,3135
3145,3134
3146,3137
3147,3137
3148,3142
3149,3142
3150,3141
3151,3145
3152,3142
3153,3142
3154,3148
3155,3145
3156,3149
3157,3146
3158,3149
3159,3153
3160,3149
3161,3152
3162,3151
3163,3156
3164,3154
3165,3155
3166,3160
3167,3160
3168,3157
3169,3160
3170,3158
3171,3162
3172,3163
3173,3161
3174,3167
3175,3165
3176,3167
3177,3170
3178,3168
3179,3174
3180,3171
3181,3169
3182,3173
3183,3172
3184,3173
3185,3179
3186,3173
3187,3180
3188,3181
3189,3180
3190,3184
3191,3179
3192,3184
3193,3182
3194,3181
3195,3187
3196,3185
3197,3187
3198,3190
3199,3190
3200,3190
3201,3191
3202,3194
3203,3196
3204,3193
3205,3199
3206,3198
3207,3200
3208,3197
3209,3197
3210,3200
3211,3202
3212,3200
3213,3203
3214,3201
3215,3209
3216,3208
3217,3209
3218,3211
3219,3206
3220,3214
3221,3209
3222,3214
3223,3216
3224,3210
3225,3219
3226,3217
3227,3219
3228,3222
3229,3218
3230,3219
3231,3222
3232,3221
3233,3223
3234,3221
3235,3223
3236,3228
3237,3227
3238,3231
3239,3231
3240,3230
3241,3233
3242,3231
3243,3237
3244,3232
3245,3236
3246,3240
3247,3234
3248,3238
3249,3237
3250,3242
3251,3245
3252,3239
3253,3245
3254,3243
3255,3246
3256,3250
3257,3245
3258,3251
3259,3250
3260,3251
3261,3252
3262,3248
3263,3255
3264,3252
3265,3254
3266,3262
3267,3257
3268,3261
3269,3258
3270,3261
3271,3266
3272,3262
3273,3263
3274,3265
3275,3262
3276,3265
3277,3269
3278,3265
3279,3272
3280,3268
3281,3273
3282,3270
3283,3271
3284,3273
3285,3276
3286,3277
3287,3277
3288,3277
3289,3279
3290,3278
3291,3283
3292,3283
3293,3283
3294,3284
3295,3286
3296,3286
3297,3286
3298,3290
3299,3291
3300,3291
3301,3291
3302,3295
3303,3295
3304,3295
3305,3296
3306,3298
3307,3298
3308,3298
3309,3302
3310,3299
3311,3303
3312,3306
3313,3302
3314,3305
3315,3306
3316,3309
3317,3307
3318,3307
3319,3313
3320,3311
3321,3310
3322,3314
3323,3312
3324,3315
3325,3316
3326,3312
3327,3319
3328,3316
3329,3319
3330,3324
3331,3321
3332,3325
3333,3322
3334,3323
3335,3328
3336,3327
3337,3330
3338,3329
3339,3332
3340,3331
3341,3329
3342,3335
3343,3332
3344,3331
3345,3337
3346,3335
3347,3339
3348,3340
3349,3340
3350,3340
3351,3342
3352,3345
3353,3341
3354,3341
3355,3348
3356,3342
3357,3347
3358,3349
3359,3346
3360,3354
3361,3349
3362,3352
3363,3353
3364,3352
3365,3359
3366,3356
3367,3356
3368,3358
3369,3357
3370,3358
3371,3360
3372,3360
3373,3366
3374,3364
3375,3364
3376,3368
3377,3364
3378,3371
3379,3367
3380,3370
3381,3369
3382,3373
3383,3374
3384,3371
3385,3373
3386,3378
3387,3374
3388,3381
3389,3380
3390,3381
3391,3380
3392,3383
3393,3383
3394,3382
3395,3387
3396,3384
3397,3387
3398,3390
3399,3386
3400,3391
3401,3393
3402,3392
3403,3396
3404,3395
3405,3395
3406,3397
3407,3395
3408,3400
3409,3394
3410,3402
3411,3402
3412,3398
3413,3405
3414,3408
3415,3401
3416,3410
3417,3406
3418,3409
3419,3408
3420,3409
3421,3410
3422,3411
3423,3415
3424,3415
3425,3411
3426,3418
3427,3418
3428,3418
3429,3420
3430,3416
3431,3421
3432,3420
3433,3422
3434,3426
3435,3426
3436,3427
3437,3427
3438,3427
3439,3429
3440,3427
3441,3430
3442,3429
3443,3434
3444,3438
3445,3431
3446,3438
3447,3439
3448,3440
3449,3440
3450,3437
3451,3439
3452,3440
3453,3442
3454,3445
3455,3445
3456,3449
3457,3448
3458,3445
3459,3451
3460,3446
3461,3447
3462,3452
3463,3454
3464,3453
3465,3457
3466,3453
3467,3460
3468,3454
3469,3461
3470,3459
3471,3460
3472,3463
3473,3463
3474,3464
3475,3465
3476,3467
3477,3470
3478,3461
3479,3467
3480,3471
3481,3468
3482,3473
3483,3468
3484,3475
3485,3473
3486,3477
3487,3480
3488,3479
3489,3480
3490,3481
3491,3478
3492,3481
3493,3482
3494,3486
3495,3487
3496,3484
3497,3489
3498,3487
3499,3489
3500,3488
3501,3490
3502,3492
3503,3491
3504,3491
3505,3493
3506,3495
3507,3498
3508,3500
3509,3495
3510,3499
3511,3501
3512,3504
3513,3505
3514,3503
3515,3502
3516,3502
3517,3507
3518,3510
3519,3506
3520,3507
3521,3511
3522,3512
3523,3513
3524,3507
3525,3514
3526,3513
3527,3516
3528,3518
3529,3517
3530,3522
3531,3518
3532,3520
3533,3523
3534,3520
3535,3521
3536,3526
3537,3527
3538,3527
3539,3525
3540,3528
3541,3528
3542,3531
3543,3535
3544,3531
3545,3533
3546,3535
3547,3535
3548,3539
3549,3536
3550,3541
3551,3536
3552,3542
3553,3543
3554,3545
3555,3541
3556,3546
3557,3542
3558,3547
3559,3550
3560,3548
3561,3550
3562,3551
3563,3552
3564,3556
3565,3551
3566,3554
3567,3556
3568,3557
3569,3560
3570,3559
3571,3560
3572,3562
3573,3560
3574,3560
3575,3562
3576,3568
3577,3563
3578,3566
3579,3565
3580,3563
3581,3570
3582,3570
3583,3575
3584,3574
3585,3573
3586,3576
3587,3575
3588,3574
3589,3580
3590,3579
3591,3578
3592,3580
3593,3583
3594,3582
3595,3580
3596,3587
3597,3582
3598,3586
3599,3589
3600,3590
3601,3587
3602,3595
3603,3589
3604,3594
3605,3594
3606,3597
3607,3596
3608,3594
3609,3597
3610,3597
3611,3598
3612,3602
3613,3603
3614,3603
3615,3605
3616,3604
3617,3608
3618,3607
3619,3608
3620,3606
3621,3607
3622,3610
3623,3608
3624,3617
3625,3611
3626,3617
3627,3619
3628,3619
3629,3621
3630,3615
3631,3620
3632,3619
3633,3621
3634,3623
3635,3622
3636,3625
3637,3625
3638,3624
3639,3626
3640,3627
3641,3631
3642,3630
3643,3627
3644,3632
3645,3634
3646,3631
3647,3638
3648,3634
3649,3635
3650,3637
3651,3640
3652,3640
3653,3640
3654,3640
3655,3648
3656,3640
3657,3643
3658,3647
3659,3645
3660,3650
3661,3648
3662,3645
3663,3652
3664,3649
3665,3656
3666,3653
3667,3656
3668,3658
3669,3657
3670,3662
3671,3659
3672,3663
3673,3657
3674,3662
3675,3663
3676,3663
3677,3662
3678,3668
3679,3664
3680,3669
3681,3665
3682,3668
3683,3670
3684,3669
3685,3672
3686,3675
3687,3676
3688,3679
3689,3677
3690,3678
3691,3676
3692,3678
3693,3682
3694,3682
3695,3686
3696,3684
3697,3683
3698,3688
3699,3688
3700,3689
3701,3689
3702,3690
3703,3692
3704,3693
3705,3691
3706,3693
3707,3690
3708,3698
3709,3697
3710,3698
3711,3700
3712,3696
3713,3701
3714,3700
3715,3703
3716,3706
3717,3697
3718,3706
3719,3704
3720,3709
3721,3709
3722,3708
3723,3710
3724,3711
3725,3713
3726,3712
3727,3710
3728,3715
3729,3718
3730,3718
3731,3723
3732,3720
3733,3723
3734,3723
3735,3720
3736,3723
3737,3723
3738,3726
3739,3728
3740,3726
3741,3728
3742,3730
3743,3731
3744,3736
3745,3731
3746,3736
3747,3733
3748,3736
3749,3737
3750,3736
3751,3740
3752,3740
3753,3738
3754,3742
3755,3743
3756,3746
3757,3745
3758,3742
3759,3751
3760,3746
3761,3751
3762,3752
3763,3747
3764,3752
3765,3752
3766,3755
3767,3757
3768,3757
3769,3761
3770,3758
3771,3759
3772,3759
3773,3762
3774,3764
3775,3760
3776,3767
3777,3764
3778,3766
3779,3767
3780,3767
3781,3768
3782,3768
3783,3770
3784,3774
3785,3770
3786,3776
3787,3778
3788,3776
3789,3776
3790,3777
3791,3779
3792,3783
3793,3780
3794,3781
3795,3783
3796,3782
3797,3785
3798,3786
3799,3785
3800,3789
3801,3789
3802,3794
3803,3788
3804,3793
3805,3793
3806,3791
3807,3798
3808,3792
3809,3795
3810,3800
3811,3799
3812,3802
3813,3802
3814,3801
3815,3806
3816,3804
3817,3806
3818,3804
3819,3808
3820,3811
3821,3808
3822,3810
3823,3809
3824,3812
3825,3816
3826,3810
3827,3813
3828,3816
3829,3818
3830,3822
3831,3817
3832,3820
3833,3825
3834,3817
3835,3822
3836,3826
3837,3826
3838,3830
3839,3826
3840,3828
3841,3828
3842,3829
3843,3832
3844,3830
3845,3831
3846,3834
3847,3833
3848,3835
3849,3833
3850,3837
3851,3838
3852,3836
3853,3843
3854,3838
3855,3843
3856,3843
3857,3841
3858,3850
3859,3847
3860,3850
3861,3851
3862,3847
3863,3852
3864,3851
3865,3853
3866,3851
3867,3851
3868,3858
3869,3854
3870,3857
3871,3856
3872,3857
3873,3862
3874,3862
3875,3863
3876,3866
3877,3864
3878,3870
3879,3863
3880,3868
3881,3872
3882,3866
3883,3871
3884,3875
3885,3873
3886,3874
3887,3874
3888,3878
3889,3879
3890,3875
3891,3879
3892,3878
3893,3878
3894,3884
3895,3882
3896,3887
3897,3886
3898,3886
3899,3886
3900,3885
3901,3891
3902,3891
3903,3888
3904,3890
3905,3892
3906,3895
3907,3892
3908,3897
3909,3900
3910,3895
3911,3899
3912,3898
3913,3898
3914,3904
3915,3898
3916,3905
3917,3905
3918,3906
3919,3910
3920,3903
3921,3911
3922,3909
3923,3912
3924,3917
3925,3910
3926,3912
3927,3918
3928,3914
3929,3918
3930,3919
3931,3920
3932,3921
3933,3918
3934,3925
3935,3923
3936,3922
3937,3928
3938,3925
3939,3926
3940,3929
3941,3926
3942,3934
3943,3930
3944,3931
3945,3931
3946,3934
3947,3938
3948,3933
3949,3938
3950,3940
3951,3936
3952,3938
3953,3939
3954,3941
3955,3944
3956,3944
3957,3946
3958,3941
3959,3944
3960,3947
3961,3948
3962,3952
3963,3947
3964,3950
3965,3949
3966,3952
3967,3953
3968,3954
3969,3956
3970,3956
3971,3953
3972,3961
3973,3963
3974,3962
3975,3963
3976,3960
3977,3964
3978,3969
3979,3963
3980,3970
3981,3965
3982,3967
3983,3969
3984,3969
3985,3970
3986,3973
3987,3974
3988,3979
3989,3973
3990,3980
3991,3978
3992,3980
3993,3984
3994,3982
3995,3986
3996,3981
3997,3982
3998,3987
3999,3985
4000,3990
4001,3985
4002,3991
4003,3994
4004,3988
4005,3992
4006,3994
4007,3995
4008,3997
4009,3997
4010,3999
4011,3998
4012,4002
4013,4004
4014,3998
4015,4002
4016,4004
4017,4007
4018,4009
4019,4007
4020,4008
4021,4012
4022,4011
4023,4014
4024,4014
4025,4012
4026,4014
4027,4013
4028,4018
4029,4018
4030,4018
4031,4020
4032,4017
4033,4022
4034,4021
4035,4020
4036,4024
4037,4023
4038,4026
4039,4026
4040,4026
4041,4028
4042,4026
4043,4034
4044,4030
4045,4033
4046,4037
4047,4032
4048,4038
4049,4036
4050,4038
4051,4043
4052,4041
4053,4043
4054,4040
4055,4042
4056,4046
4057,4042
4058,4048
4059,4045
4060,4048
4061,4051
4062,4051
4063,4054
4064,4052
4065,4051
4066,4055
4067,4053
4068,4054
4069,4057
4070,4055
4071,4059
4072,4061
4073,4058
4074,4066
4075,4060
4076,4065
4077,4067
4078,4060
4079,4065
4080,4068
4081,4066
4082,4073
4083,4069
4084,4074
4085,4074
4086,4070
4087,4073
4088,4075
4089,4077
4090,4078
4091,4076
4092,4078
4093,4073
4094,4080
4095,4075
