0,6
1,5
2,4
3,7
4,7
5,4
6,10
7,6
8,8
9,11
10,10
11,14
12,12
13,14
14,17
15,14
16,18
17,18
18,18
19,22
20,20
21,23
22,23
23,26
24,28
25,23
26,28
27,27
28,30
29,31
30,29
31,35
32,33
33,35
34,33
35,36
36,38
37,39
38,41
39,43
40,40
41,41
42,41
43,44
44,50
45,45
46,48
47,47
48,47
49,54
50,48
51,55
52,54
53,55
54,57
55,55
56,58
57,58
58,59
59,61
60,61
61,64
62,62
63,62
64,67
65,65
66,67
67,67
68,69
69,71
70,70
71,72
72,72
73,72
74,76
75,74
76,74
77,78
78,79
79,81
80,82
81,80
82,83
83,82
84,83
85,87
86,86
87,88
88,87
89,89
90,90
91,90
92,95
93,91
94,97
95,95
96,93
97,96
98,97
99,99
100,102
101,99
102,105
103,106
104,103
105,105
106,103
107,107
108,108
109,110
110,111
111,109
112,114
113,115
114,116
115,117
116,113
117,120
118,118
119,119
120,124
121,119
122,123
123,121
124,123
125,125
126,126
127,129
128,130
129,129
130,131
131,129
132,132
133,133
134,134
135,138
136,135
137,137
138,136
139,138
140,142
141,143
142,142
143,145
144,144
145,146
146,146
147,144
148,148
149,149
150,150
151,151
152,151
153,156
154,152
155,155
156,157
157,156
158,161
159,160
160,161
161,163
162,160
163,162
164,162
165,166
166,165
167,167
168,167
169,166
170,168
171,173
172,171
173,174
174,171
175,177
176,178
177,174
178,177
179,179
180,178
181,180
182,181
183,183
184,181
185,184
186,189
187,184
188,189
189,188
190,190
191,193
192,188
193,192
194,192
195,194
196,195
197,195
198,197
199,201
200,197
201,201
202,198
203,201
204,204
205,202
206,205
207,206
208,206
209,211
210,208
211,212
212,209
213,213
214,215
215,212
216,217
217,217
218,215
219,220
220,216
221,222
222,223
223,223
224,224
225,224
226,226
227,226
228,227
229,230
230,227
231,230
232,232
233,230
234,234
235,233
236,234
237,237
238,239
239,240
240,237
241,241
242,242
243,242
244,244
245,240
246,244
247,247
248,246
249,252
250,246
251,251
252,252
253,249
254,254
255,256
256,254
257,259
258,256
259,257
260,259
261,260
262,265
263,261
264,264
265,263
266,263
267,268
268,268
269,271
270,274
271,269
272,273
273,273
274,276
275,273
276,275
277,277
278,278
279,281
280,283
281,281
282,283
283,281
284,283
285,285
286,284
287,288
288,288
289,290
290,290
291,291
292,293
293,289
294,295
295,295
296,296
297,298
298,296
299,297
300,300
301,299
302,304
303,303
304,304
305,307
306,303
307,307
308,306
309,308
310,310
311,309
312,309
313,314
314,314
315,315
316,315
317,315
318,318
319,315
320,322
321,321
322,323
323,322
324,323
325,326
326,325
327,324
328,330
329,326
330,330
331,331
332,332
333,334
334,331
335,335
336,334
337,336
338,341
339,339
340,340
341,341
342,341
343,342
344,342
345,344
346,347
347,348
348,350
349,345
350,351
351,350
352,351
353,353
354,352
355,356
356,358
357,354
358,363
359,356
360,360
361,359
362,360
363,364
364,364
365,367
366,368
367,363
368,367
369,370
370,368
371,370
372,371
373,370
374,376
375,375
376,375
377,376
378,376
379,379
380,379
381,383
382,381
383,380
384,385
385,382
386,386
387,385
388,386
389,391
390,389
391,391
392,390
393,394
394,393
395,392
396,395
397,396
398,396
399,400
400,397
401,401
402,400
403,404
404,407
405,401
406,406
407,406
408,406
409,408
410,408
411,411
412,409
413,414
414,416
415,410
416,419
417,417
418,417
419,419
420,418
421,422
422,420
423,419
424,422
425,423
426,423
427,429
428,425
429,429
430,426
431,428
432,435
433,429
434,435
435,432
436,433
437,440
438,434
439,436
440,437
441,440
442,440
443,439
444,443
445,442
446,443
447,447
448,446
449,447
450,450
451,447
452,454
453,448
454,451
455,455
456,455
457,459
458,454
459,457
460,461
461,460
462,465
463,460
464,464
465,463
466,464
467,468
468,467
469,469
470,470
471,466
472,473
473,469
474,474
475,473
476,472
477,479
478,475
479,476
480,482
481,480
482,478
483,481
484,481
485,483
486,483
487,484
488,487
489,486
490,489
491,489
492,490
493,493
494,493
495,493
496,496
497,493
498,497
499,494
500,498
501,496
502,500
503,502
504,502
505,505
506,503
507,505
508,508
509,504
510,508
511,510
512,511
513,515
514,510
515,516
516,513
517,516
518,520
519,514
520,518
521,519
522,519
523,524
524,518
525,524
526,521
527,524
528,526
529,524
530,528
531,530
532,531
533,532
534,529
535,532
536,534
537,534
538,537
539,539
540,538
541,545
542,541
543,539
544,540
545,542
546,545
547,544
548,546
549,547
550,548
551,552
552,547
553,553
554,550
555,552
556,555
557,554
558,556
559,558
560,555
561,559
562,557
563,561
564,564
565,560
566,564
567,565
568,565
569,566
570,568
571,569
572,569
573,569
574,570
575,572
576,574
577,571
578,577
579,578
580,574
581,580
582,578
583,580
584,584
585,583
586,585
587,585
588,588
589,589
590,589
591,588
592,589
593,591
594,594
595,593
596,594
597,598
598,595
599,599
600,597
601,597
602,601
603,603
604,601
605,603
606,606
607,605
608,603
609,606
610,608
611,609
612,609
613,609
614,612
615,611
616,613
617,617
618,613
619,616
620,616
621,620
622,619
623,620
624,621
625,622
626,624
627,628
628,622
629,629
630,628
631,626
632,632
633,631
634,632
635,632
636,632
637,636
638,633
639,637
640,636
641,635
642,640
643,638
644,644
645,642
646,642
647,648
648,643
649,645
650,647
651,647
652,650
653,651
654,650
655,656
656,653
657,654
658,655
659,659
660,658
661,658
662,661
663,662
664,658
665,663
666,663
667,664
668,668
669,664
670,671
671,668
672,672
673,673
674,671
675,675
676,671
677,676
678,675
679,675
680,678
681,677
682,681
683,679
684,679
685,682
686,681
687,685
688,688
689,683
690,691
691,688
692,688
693,691
694,690
695,695
696,693
697,695
698,695
699,694
700,697
701,696
702,698
703,702
704,702
705,704
706,703
707,704
708,704
709,704
710,706
711,709
712,708
713,715
714,710
715,712
716,715
717,711
718,718
719,716
720,717
721,721
722,719
723,723
724,723
725,721
726,725
727,723
728,726
729,725
730,725
731,728
732,726
733,733
734,729
735,730
736,734
737,732
738,738
739,738
740,737
741,742
742,739
743,739
744,741
745,741
746,744
747,743
748,748
749,745
750,746
751,748
752,748
753,751
754,750
755,753
756,754
757,753
758,758
759,758
760,759
761,761
762,758
763,763
764,765
765,763
766,762
767,765
768,763
769,768
770,767
771,771
772,769
773,770
774,775
775,772
776,773
777,775
778,774
779,781
780,778
781,778
782,784
783,777
784,783
785,783
786,782
787,786
788,785
789,788
790,788
791,787
792,790
793,791
794,794
795,790
796,795
797,798
798,794
799,801
800,797
801,802
802,801
803,799
804,804
805,801
806,804
807,809
808,804
809,807
810,806
811,808
812,813
813,808
814,814
815,810
816,813
817,818
818,814
819,817
820,817
821,817
822,821
823,819
824,822
825,823
826,824
827,827
828,823
829,825
830,832
831,829
832,832
833,833
834,829
835,832
836,832
837,837
838,836
839,839
840,839
841,835
842,842
843,842
844,841
845,845
846,841
847,848
848,846
849,844
850,848
851,846
852,852
853,852
854,850
855,854
856,854
857,855
858,854
859,857
860,859
861,855
862,861
863,863
864,861
865,864
866,864
867,867
868,868
869,865
870,874
871,867
872,871
873,873
874,872
875,876
876,874
877,874
878,879
879,876
880,878
881,880
882,879
883,882
884,880
885,882
886,884
887,883
888,889
889,885
890,891
891,892
892,890
893,891
894,893
895,894
896,897
897,894
898,897
899,896
900,898
901,902
902,899
903,904
904,901
905,905
906,905
907,903
908,909
909,905
910,907
911,913
912,911
913,914
914,910
915,916
916,918
917,912
918,916
919,917
920,920
921,922
922,918
923,922
924,923
925,923
926,926
927,924
928,926
929,928
930,926
931,929
932,929
933,931
934,933
935,933
936,937
937,936
938,935
939,938
940,936
941,939
942,939
943,939
944,943
945,942
946,944
947,946
948,946
949,950
950,945
951,952
952,951
953,951
954,955
955,952
956,954
957,953
958,955
959,959
960,957
961,961
962,961
963,961
964,963
965,962
966,965
967,966
968,963
969,970
970,966
971,972
972,969
973,971
974,974
975,974
976,977
977,975
978,973
979,980
980,979
981,979
982,980
983,980
984,983
985,981
986,983
987,987
988,984
989,987
990,988
991,990
992,990
993,991
994,993
995,991
996,994
997,998
998,995
999,998
1000,1001
1001,997
1002,1001
1003,1002
1004,1005
1005,1006
1006,1006
1007,1008
1008,1004
1009,1006
1010,1010
1011,1009
1012,1012
1013,1011
1014,1013
1015,1017
1016,1015
1017,1019
1018,1015
1019,1016
1020,1022
1021,1018
1022,1021
1023,1021
1024,1023
1025,1026
1026,1024
1027,1027
1028,1026
1029,1028
1030,1030
1031,1029
1032,1031
1033,1033
1034,1034
1035,1037
1036,1032
1037,1038
1038,1038
1039,1036
1040,1041
1041,1041
1042,1041
1043,1044
1044,1043
1045,1043
1046,1046
1047,1048
1048,1051
1049,1046
1050,1051
1051,1052
1052,1049
1053,1052
1054,1054
1055,1052
1056,1057
1057,1055
1058,1060
1059,1054
1060,1062
1061,1060
1062,1060
1063,1063
1064,1063
1065,1066
1066,1065
1067,1063
1068,1069
1069,1068
1070,1069
1071,1069
1072,1071
1073,1073
1074,1070
1075,1075
1076,1075
1077,1077
1078,1081
1079,1078
1080,1078
1081,1079
1082,1081
1083,1085
1084,1083
1085,1083
1086,1086
1087,1086
1088,1086
1089,1091
1090,1087
1091,1090
1092,1090
1093,1092
1094,1094
1095,1094
1096,1095
1097,1094
1098,1097
1099,1098
1100,1100
1101,1102
1102,1100
1103,1102
1104,1103
1105,1102
1106,1106
1107,1107
1108,1107
1109,1111
1110,1106
1111,1111
1112,1109
1113,1113
1114,1114
1115,1113
1116,1116
1117,1115
1118,1118
1119,1122
1120,1116
1121,1121
1122,1119
1123,1121
1124,1124
1125,1122
1126,1127
1127,1128
1128,1125
1129,1131
1130,1129
1131,1132
1132,1130
1133,1132
1134,1134
1135,1135
1136,1132
1137,1137
1138,1135
1139,1139
1140,1141
1141,1139
1142,1142
1143,1141
1144,1144
1145,1144
1146,1146
1147,1147
1148,1144
1149,1149
1150,1150
1151,1149
1152,1152
1153,1152
1154,1153
1155,1154
1156,1153
1157,1158
1158,1156
1159,1160
1160,1158
1161,1160
1162,1162
1163,1163
1164,1165
1165,1163
1166,1163
1167,1168
1168,1165
1169,1169
1170,1169
1171,1167
1172,1174
1173,1168
1174,1174
1175,1172
1176,1171
1177,1176
1178,1175
1179,1179
1180,1182
1181,1180
1182,1179
1183,1183
1184,1181
1185,1187
1186,1184
1187,1186
1188,1189
1189,1185
1190,1190
1191,1188
1192,1190
1193,1195
1194,1192
1195,1195
1196,1195
1197,1196
1198,1199
1199,1197
1200,1202
1201,1200
1202,1200
1203,1203
1204,1201
1205,1203
1206,1206
1207,1204
1208,1209
1209,1207
1210,1208
1211,1208
1212,1210
1213,1212
1214,1212
1215,1217
1216,1215
1217,1216
1218,1219
1219,1217
1220,1221
1221,1220
1222,1223
1223,1222
1224,1222
1225,1223
1226,1225
1227,1223
1228,1225
1229,1227
1230,1228
1231,1233
1232,1229
1233,1231
1234,1234
1235,1234
1236,1235
1237,1238
1238,1234
1239,1239
1240,1235
1241,1244
1242,1240
1243,1243
1244,1242
1245,1242
1246,1248
1247,1246
1248,1247
1249,1247
1250,1249
1251,1249
1252,1249
1253,1252
1254,1251
1255,1251
1256,1254
1257,1255
1258,1257
1259,1258
1260,1255
1261,1261
1262,1259
1263,1259
1264,1264
1265,1262
1266,1267
1267,1264
1268,1266
1269,1266
1270,1267
1271,1272
1272,1267
1273,1271
1274,1274
1275,1270
1276,1276
1277,1275
1278,1273
1279,1279
1280,1278
1281,1279
1282,1281
1283,1280
1284,1284
1285,1283
1286,1283
1287,1286
1288,1285
1289,1287
1290,1288
1291,1291
1292,1291
1293,1291
1294,1292
1295,1290
1296,1293
1297,1295
1298,1295
1299,1300
1300,1295
1301,1301
1302,1299
1303,1300
1304,1304
1305,1302
1306,1305
1307,1304
1308,1303
1309,1308
1310,1306
1311,1309
1312,1311
1313,1309
1314,1314
1315,1310
1316,1311
1317,1320
1318,1316
1319,1314
1320,1319
1321,1316
1322,1320
1323,1319
1324,1321
1325,1324
1326,1324
1327,1328
1328,1328
1329,1326
1330,1331
1331,1326
1332,1330
1333,1331
1334,1332
1335,1333
1336,1331
1337,1336
1338,1335
1339,1336
1340,1340
1341,1338
1342,1343
1343,1342
1344,1340
1345,1346
1346,1341
1347,1347
1348,1346
1349,1346
1350,1350
1351,1347
1352,1350
1353,1349
1354,1352
1355,1352
1356,1354
1357,1354
1358,1357
1359,1353
1360,1359
1361,1359
1362,1358
1363,1360
1364,1362
1365,1366
1366,1365
1367,1361
1368,1367
1369,1365
1370,1366
1371,1370
1372,1367
1373,1371
1374,1371
1375,1371
1376,1372
1377,1374
1378,1376
1379,1374
1380,1376
1381,1383
1382,1379
1383,1381
1384,1379
1385,1381
1386,1382
1387,1384
1388,1388
1389,1385
1390,1389
1391,1390
1392,1389
1393,1392
1394,1392
1395,1392
1396,1395
1397,1392
1398,1395
1399,1394
1400,1398
1401,1400
1402,1399
1403,1401
1404,1402
1405,1401
1406,1406
1407,1402
1408,1408
1409,1404
1410,1406
1411,1409
1412,1406
1413,1411
1414,1412
1415,1412
1416,1415
1417,1414
1418,1416
1419,1419
1420,1414
1421,1419
1422,1418
1423,1418
1424,1425
1425,1421
1426,1423
1427,1425
1428,1425
1429,1425
1430,1426
1431,1429
1432,1427
1433,1427
1434,1434
1435,1432
1436,1433
1437,1434
1438,1432
1439,1440
1440,1436
1441,1438
1442,1438
1443,1439
1444,1444
1445,1441
1446,1442
1447,1445
1448,1445
1449,1446
1450,1443
1451,1449
1452,1447
1453,1447
1454,1453
1455,1451
1456,1452
1457,1455
1458,1454
1459,1457
1460,1458
1461,1456
1462,1458
1463,1459
1464,1461
1465,1463
1466,1463
1467,1467
1468,1464
1469,1466
1470,1466
1471,1467
1472,1469
1473,1470
1474,1472
1475,1472
1476,1471
1477,1476
1478,1473
1479,1475
1480,1476
1481,1474
1482,1479
1483,1479
1484,1482
1485,1484
1486,1486
1487,1483
1488,1485
1489,1487
1490,1491
1491,1486
1492,1493
1493,1488
1494,1490
1495,1496
1496,1492
1497,1497
1498,1492
1499,1494
1500,1499
1501,1497
1502,1500
1503,1497
1504,1500
1505,1505
1506,1502
1507,1506
1508,1506
1509,1506
1510,1509
1511,1507
1512,1510
1513,1512
1514,1509
1515,1513
1516,1514
1517,1516
1518,1516
1519,1516
1520,1516
1521,1519
1522,1519
1523,1522
1524,1522
1525,1522
1526,1523
1527,1525
1528,1528
1529,1523
1530,1530
1531,1528
1532,1526
1533,1534
1534,1529
1535,1534
1536,1533
1537,1534
1538,1538
1539,1533
1540,1536
1541,1540
1542,1539
1543,1543
1544,1541
1545,1541
1546,1541
1547,1542
1548,1548
1549,1546
1550,1548
1551,1547
1552,1548
1553,1550
1554,1552
1555,1553
1556,1553
1557,1551
1558,1556
1559,1559
1560,1556
1561,1562
1562,1557
1563,1558
1564,1563
1565,1560
1566,1566
1567,1565
1568,1563
1569,1565
1570,1564
1571,1569
1572,1571
1573,1569
1574,1572
1575,1572
1576,1575
1577,1574
1578,1576
1579,1575
1580,1575
1581,1580
1582,1579
1583,1578
1584,1582
1585,1580
1586,1585
1587,1583
1588,1583
1589,1587
1590,1585
1591,1591
1592,1588
1593,1590
1594,1594
1595,1591
1596,1591
1597,1592
1598,1594
1599,1594
1600,1597
1601,1597
1602,1601
1603,1596
1604,1602
1605,1600
1606,1606
1607,1604
1608,1603
1609,1608
1610,1606
1611,1607
1612,1614
1613,1608
1614,1610
1615,1610
1616,1612
1617,1617
1618,1612
1619,1617
1620,1617
1621,1617
1622,1622
1623,1619
1624,1621
1625,1623
1626,1621
1627,1627
1628,1625
1629,1627
1630,1626
1631,1628
1632,1630
1633,1626
1634,1631
1635,1632
1636,1634
1637,1636
1638,1632
1639,1636
1640,1636
1641,1634
1642,1640
1643,1637
1644,1640
1645,1642
1646,1641
1647,1643
1648,1646
1649,1645
1650,1648
1651,1646
1652,1649
1653,1648
1654,1647
1655,1651
1656,1652
1657,1654
1658,1654
1659,1649
1660,1659
1661,1655
1662,1659
1663,1659
1664,1659
1665,1661
1666,1662
1667,1667
1668,1666
1669,1662
1670,1667
1671,1668
1672,1669
1673,1672
1674,1669
1675,1671
1676,1670
1677,1676
1678,1676
1679,1674
1680,1679
1681,1677
1682,1680
1683,1683
1684,1678
1685,1684
1686,1677
1687,1683
1688,1684
1689,1682
1690,1686
1691,1688
1692,1687
1693,1691
1694,1690
1695,1690
1696,1694
1697,1692
1698,1697
1699,1698
1700,1696
1701,1697
1702,1697
1703,1698
1704,1698
1705,1700
1706,1702
1707,1703
1708,1705
1709,1706
1710,1703
1711,1710
1712,1706
1713,1711
1714,1711
1715,1713
1716,1712
1717,1710
1718,1717
1719,1715
1720,1717
1721,1718
1722,1714
1723,1722
1724,1722
1725,1720
1726,1725
1727,1720
1728,1724
1729,1726
1730,1725
1731,1731
1732,1727
1733,1731
1734,1731
1735,1731
1736,1735
1737,1730
1738,1732
1739,1739
1740,1734
1741,1738
1742,1739
1743,1736
1744,1743
1745,1740
1746,1743
1747,1743
1748,1745
1749,1745
1750,1745
1751,1748
1752,1747
1753,1749
1754,1751
1755,1750
1756,1754
1757,1754
1758,1753
1759,1759
1760,1755
1761,1757
1762,1758
1763,1758
1764,1765
1765,1760
1766,1762
1767,1763
1768,1764
1769,1768
1770,1764
1771,1771
1772,1771
1773,1770
1774,1770
1775,1769
1776,1772
1777,1775
1778,1774
1779,1778
1780,1775
1781,1776
1782,1778
1783,1777
1784,1781
1785,1782
1786,1780
1787,1784
1788,1782
1789,1782
1790,1786
1791,1784
1792,1788
1793,1786
1794,1788
1795,1792
1796,1792
1797,1793
1798,1795
1799,1794
1800,1797
1801,1796
1802,1800
1803,1797
1804,1798
1805,1800
1806,1799
1807,1804
1808,1802
1809,1803
1810,1806
1811,1804
1812,1811
1813,1811
1814,1809
1815,1815
1816,1812
1817,1814
1818,1815
1819,1817
1820,1817
1821,1816
1822,1818
1823,1818
1824,1822
1825,1821
1826,1821
1827,1822
1828,1823
1829,1826
1830,1826
1831,1829
1832,1828
1833,1829
1834,1828
1835,1831
1836,1834
1837,1833
1838,1837
1839,1833
1840,1839
1841,1837
1842,1838
1843,1841
1844,1841
1845,1840
1846,1840
1847,1840
1848,1845
1849,1842
1850,1846
1851,1847
1852,1847
1853,1852
1854,1849
1855,1851
1856,1854
1857,1852
1858,1854
1859,1854
1860,1857
1861,1858
1862,1859
1863,1862
1864,1859
1865,1861
1866,1863
1867,1862
1868,1864
1869,1863
1870,1866
1871,1868
1872,1864
1873,1873
1874,1869
1875,1872
1876,1875
1877,1872
1878,1873
1879,1876
1880,1874
1881,1879
1882,1878
1883,1880
1884,1882
1885,1878
1886,1885
1887,1884
1888,1883
1889,1888
1890,1885
1891,1887
1892,1888
1893,1890
1894,1893
1895,1891
1896,1894
1897,1892
1898,1896
1899,1896
1900,1895
1901,1899
1902,1898
1903,1898
1904,1896
1905,1903
1906,1904
1907,1903
1908,1903
1909,1908
1910,1905
1911,1908
1912,1908
1913,1910
1914,1913
1915,1910
1916,1915
1917,1912
1918,1913
1919,1917
1920,1914
1921,1920
1922,1915
1923,1918
1924,1920
1925,1920
1926,1922
1927,1927
1928,1925
1929,1927
1930,1926
1931,1927
1932,1930
1933,1926
1934,1931
1935,1932
1936,1932
1937,1933
1938,1933
1939,1935
1940,1938
1941,1936
1942,1939
1943,1937
1944,1942
1945,1940
1946,1938
1947,1944
1948,1942
1949,1945
1950,1945
1951,1947
1952,1950
1953,1948
1954,1952
1955,1951
1956,1952
1957,1955
1958,1952
1959,1954
1960,1955
1961,1957
1962,1957
1963,1959
1964,1962
1965,1963
1966,1958
1967,1963
1968,1961
1969,1962
1970,1968
1971,1965
1972,1967
1973,1969
1974,1966
1975,1970
1976,1971
1977,1975
1978,1976
1979,1974
1980,1978
1981,1976
1982,1978
1983,1981
1984,1978
1985,1982
1986,1982
1987,1984
1988,1983
1989,1983
1990,1986
1991,1988
1992,1986
1993,1990
1994,1986
1995,1993
1996,1993
1997,1994
1998,1995
1999,1993
2000,1998
2001,1997
2002,1997
2003,2002
2004,1996
2005,2002
2006,2001
2007,2003
2008,2006
2009,2004
2010,2007
2011,2006
2012,2008
2013,2011
2014,2008
2015,2011
2016,2012
2017,2009
2018,2017
2019,2016
2020,2013
2021,2020
2022,2015
2023,2022
2024,2018
2025,2019
2026,2025
2027,2022
2028,2026
2029,2026
2030,2026
2031,2028
2032,2024
2033,2030
2034,2031
2035,2028
2036,2033
2037,2029
2038,2034
2039,2034
2040,2033
2041,2037
2042,2033
2043,2040
2044,2038
2045,2038
2046,2043
2047,2043
2048,2045
2049,2045
2050,2042
2051,2047
2052,2044
2053,2051
2054,2052
2055,2048
2056,2051
2057,2049
2058,2053
2059,2055
2060,2056
2061,2059
2062,2058
2063,2059
2064,2063
2065,2059
2066,2061
2067,2064
2068,2063
2069,2064
2070,2064
2071,2067
2072,2069
2073,2065
2074,2072
2075,2071
2076,2072
2077,2073
2078,2073
2079,2077
2080,2073
2081,2075
2082,2078
2083,2076
2084,2079
2085,2081
2086,2082
2087,2085
2088,2083
2089,2084
2090,2088
2091,2086
2092,2089
2093,2085
2094,2091
2095,2089
2096,2092
2097,2094
2098,2092
2099,2093
2100,2096
2101,2094
2102,2100
2103,2097
2104,2100
2105,2101
2106,2100
2107,2106
2108,2100
2109,2106
2110,2104
2111,2104
2112,2109
2113,2106
2114,2109
2115,2112
2116,2109
2117,2115
2118,2113
2119,2116
2120,2114
2121,2113
2122,2116
2123,2117
2124,2120
2125,2120
2126,2122
2127,2124
2128,2124
2129,2125
2130,2125
2131,2127
2132,2126
2133,2129
2134,2127
2135,2132
2136,2128
2137,2131
2138,2134
2139,2133
2140,2138
2141,2136
2142,2137
2143,2140
2144,2139
2145,2142
2146,2141
2147,2144
2148,2141
2149,2145
2150,2148
2151,2144
2152,2149
2153,2150
2154,2146
2155,2150
2156,2149
2157,2150
2158,2156
2159,2151
2160,2157
2161,2155
2162,2156
2163,2158
2164,2156
2165,2161
2166,2164
2167,2160
2168,2164
2169,2163
2170,2164
2171,2169
2172,2163
2173,2168
2174,2169
2175,2171
2176,2172
2177,2170
2178,2173
2179,2174
2180,2172
2181,2176
2182,2176
2183,2179
2184,2175
2185,2180
2186,2182
2187,2179
2188,2185
2189,2184
2190,2184
2191,2187
2192,2184
2193,2188
2194,2189
2195,2190
2196,2194
2197,2190
2198,2192
2199,2194
2200,2199
2201,2196
2202,2196
2203,2199
2204,2201
2205,2198
2206,2203
2207,2200
2208,2202
2209,2207
2210,2201
2211,2208
2212,2205
2213,2206
2214,2206
2215,2209
2216,2211
2217,2212
2218,2212
2219,2214
2220,2216
2221,2218
2222,2219
2223,2218
2224,2220
2225,2217
2226,2220
2227,2223
2228,2222
2229,2223
2230,2224
2231,2225
2232,2228
2233,2224
2234,2229
2235,2229
2236,2233
2237,2233
2238,2230
2239,2236
2240,2232
2241,2234
2242,2236
2243,2237
2244,2238
2245,2240
2246,2243
2247,2242
2248,2241
2249,2243
2250,2246
2251,2242
2252,2248
2253,2246
2254,2249
2255,2252
2256,2249
2257,2252
2258,2252
2259,2256
2260,2256
2261,2254
2262,2256
2263,2257
2264,2259
2265,2261
2266,2258
2267,2263
2268,2263
2269,2265
2270,2265
2271,2263
2272,2268
2273,2269
2274,2270
2275,2271
2276,2270
2277,2273
2278,2273
2279,2276
2280,2277
2281,2275
2282,2281
2283,2276
2284,2279
2285,2281
2286,2278
2287,2282
2288,2280
2289,2286
2290,2290
2291,2287
2292,2287
2293,2289
2294,2288
2295,2290
2296,2290
2297,2290
2298,2295
2299,2295
2300,2296
2301,2295
2302,2297
2303,2299
2304,2297
2305,2300
2306,2302
2307,2299
2308,2305
2309,2304
2310,2306
2311,2305
2312,2306
2313,2311
2314,2308
2315,2309
2316,2312
2317,2312
2318,2315
2319,2313
2320,2314
2321,2315
2322,2318
2323,2322
2324,2316
2325,2321
2326,2319
2327,2323
2328,2327
2329,2322
2330,2326
2331,2325
2332,2323
2333,2329
2334,2325
2335,2328
2336,2330
2337,2333
2338,2336
2339,2331
2340,2337
2341,2334
2342,2337
2343,2339
2344,2342
2345,2338
2346,2344
2347,2342
2348,2342
2349,2347
2350,2341
2351,2346
2352,2347
2353,2348
2354,2352
2355,2349
2356,2352
2357,2350
2358,2351
2359,2353
2360,2353
2361,2354
2362,2358
2363,2359
2364,2361
2365,2358
2366,2362
2367,2360
2368,2361
2369,2364
2370,2362
2371,2366
2372,2368
2373,2369
2374,2369
2375,2367
2376,2370
2377,2370
2378,2374
2379,2376
2380,2372
2381,2374
2382,2376
2383,2376
2384,2379
2385,2376
2386,2385
2387,2378
2388,2383
2389,2385
2390,2383
2391,2385
2392,2390
2393,2386
2394,2390
2395,2390
2396,2388
2397,2392
2398,2389
2399,2393
2400,2395
2401,2395
2402,2397
2403,2396
2404,2401
2405,2399
2406,2399
2407,2401
2408,2401
2409,2406
2410,2403
2411,2404
2412,2410
2413,2407
2414,2410
2415,2408
2416,2408
2417,2415
2418,2412
2419,2416
2420,2415
2421,2416
2422,2416
2423,2413
2424,2418
2425,2422
2426,2418
2427,2424
2428,2422
2429,2424
2430,2422
2431,2422
2432,2428
2433,2425
2434,2430
2435,2431
2436,2429
2437,2429
2438,2435
2439,2431
2440,2434
2441,2436
2442,2436
2443,2436
2444,2435
2445,2442
2446,2440
2447,2443
2448,2442
2449,2440
2450,2443
2451,2445
2452,2446
2453,2448
2454,2444
2455,2448
2456,2447
2457,2451
2458,2451
2459,2450
2460,2453
2461,2451
2462,2455
2463,2457
2464,2454
2465,2458
2466,2459
2467,2461
2468,2464
2469,2462
2470,2469
2471,2465
2472,2464
2473,2469
2474,2466
2475,2473
2476,2470
2477,2470
2478,2475
2479,2472
2480,2474
2481,2473
2482,2475
2483,2478
2484,2475
2485,2480
2486,2484
2487,2479
2488,2484
2489,2484
2490,2480
2491,2489
2492,2487
2493,2489
2494,2489
2495,2490
2496,2493
2497,2490
2498,2491
2499,2492
2500,2493
2501,2496
2502,2493
2503,2497
2504,2499
2505,2496
2506,2501
2507,2499
2508,2503
2509,2505
2510,2503
2511,2505
2512,2503
2513,2508
2514,2510
2515,2509
2516,2511
2517,2509
2518,2512
2519,2514
2520,2513
2521,2515
2522,2515
2523,2519
2524,2519
2525,2518
2526,2520
2527,2521
2528,2525
2529,2524
2530,2521
2531,2526
2532,2524
2533,2526
2534,2530
2535,2529
2536,2531
2537,2529
2538,2529
2539,2533
2540,2532
2541,2533
2542,2535
2543,2534
2544,2539
2545,2535
2546,2538
2547,2542
2548,2539
2549,2541
2550,2541
2551,2547
2552,2547
2553,2543
2554,2548
2555,2547
2556,2548
2557,2551
2558,2551
2559,2555
2560,2553
2561,2550
2562,2557
2563,2554
2564,2558
2565,2559
2566,2561
2567,2562
2568,2561
2569,2561
2570,2560
2571,2563
2572,2565
2573,2563
2574,2569
2575,2567
2576,2567
2577,2572
2578,2569
2579,2572
2580,2576
2581,2571
2582,2575
2583,2582
2584,2578
2585,2578
2586,2578
2587,2582
2588,2583
2589,2580
2590,2587
2591,2584
2592,2584
2593,2588
2594,2589
2595,2588
2596,2590
2597,2591
2598,2591
2599,2589
2600,2593
2601,2594
2602,2596
2603,2596
2604,2596
2605,2600
2606,2595
2607,2602
2608,2602
2609,2602
2610,2603
2611,2604
2612,2604
2613,2606
2614,2605
2615,2608
2616,2607
2617,2610
2618,2609
2619,2611
2620,2615
2621,2613
2622,2613
2623,2614
2624,2616
2625,2615
2626,2623
2627,2620
2628,2624
2629,2622
2630,2621
2631,2626
2632,2624
2633,2630
2634,2629
2635,2629
2636,2631
2637,2629
2638,2634
2639,2631
2640,2635
2641,2635
2642,2635
2643,2637
2644,2636
2645,2638
2646,2638
2647,2636
2648,2642
2649,2638
2650,2641
2651,2647
2652,2644
2653,2647
2654,2645
2655,2647
2656,2648
2657,2647
2658,2649
2659,2650
2660,2653
2661,2657
2662,2655
2663,2658
2664,2656
2665,2655
2666,2658
2667,2658
2668,2659
2669,2662
2670,2660
2671,2666
2672,2663
2673,2667
2674,2668
2675,2666
2676,2673
2677,2668
2678,2672
2679,2675
2680,2668
2681,2674
2682,2675
2683,2677
2684,2676
2685,2673
2686,2679
2687,2678
2688,2677
2689,2685
2690,2684
2691,2682
2692,2685
2693,2684
2694,2687
2695,2689
2696,2689
2697,2689
2698,2690
2699,2691
2700,2692
2701,2695
2702,2693
2703,2696
2704,2698
2705,2695
2706,2697
2707,2700
2708,2700
2709,2706
2710,2701
2711,2703
2712,2702
2713,2706
2714,2709
2715,2705
2716,2706
2717,2711
2718,2708
2719,2713
2720,2712
2721,2715
2722,2716
2723,2714
2724,2716
2725,2718
2726,2715
2727,2718
2728,2718
2729,2721
2730,2722
2731,2719
2732,2724
2733,2723
2734,2725
2735,2728
2736,2726
2737,2731
2738,2728
2739,2731
2740,2735
2741,2732
2742,2737
2743,2736
2744,2737
2745,2741
2746,2739
2747,2742
2748,2741
2749,2739
2750,2748
2751,2740
2752,2743
2753,2746
2754,2747
2755,2746
2756,2748
2757,2747
2758,2750
2759,2752
2760,2752
2761,2751
2762,2751
2763,2757
2764,2756
2765,2759
2766,2760
2767,2759
2768,2761
2769,2758
2770,2762
2771,2766
2772,2767
2773,2766
2774,2765
2775,2767
2776,2767
2777,2770
2778,2770
2779,2770
2780,2772
2781,2775
2782,2776
2783,2781
2784,2773
2785,2777
2786,2778
2787,2779
2788,2784
2789,2782
2790,2784
2791,2781
2792,2781
2793,2789
2794,2786
2795,2786
2796,2787
2797,2791
2798,2794
2799,2788
2800,2793
2801,2797
2802,2791
2803,2799
2804,2796
2805,2796
2806,2800
2807,2798
2808,2800
2809,2804
2810,2802
2811,2806
2812,2803
2813,2805
2814,2807
2815,2806
2816,2810
2817,2806
2818,2812
2819,2815
2820,2809
2821,2813
2822,2812
2823,2814
2824,2819
2825,2816
2826,2818
2827,2818
2828,2821
2829,2820
2830,2819
2831,2826
2832,2825
2833,2823
2834,2825
2835,2827
2836,2829
2837,2825
2838,2833
2839,2833
2840,2831
2841,2836
2842,2834
2843,2833
2844,2837
2845,2835
2846,2841
2847,2840
2848,2838
2849,2843
2850,2840
2851,2842
2852,2841
2853,2847
2854,2850
2855,2846
2856,2850
2857,2852
2858,2849
2859,2850
2860,2850
2861,2854
2862,2857
2863,2855
2864,2858
2865,2856
2866,2857
2867,2861
2868,2860
2869,2862
2870,2862
2871,2861
2872,2867
2873,2862
2874,2865
2875,2866
2876,2864
2877,2869
2878,2867
2879,2871
2880,2870
2881,2873
2882,2878
2883,2874
2884,2875
2885,2874
2886,2875
2887,2882
2888,2877
2889,2881
2890,2879
2891,2880
2892,2885
2893,2886
2894,2886
2895,2887
2896,2888
2897,2891
2898,2889
2899,2891
2900,2890
2901,2889
2902,2892
2903,2897
2904,2892
2905,2896
2906,2895
2907,2901
2908,2898
2909,2898
2910,2906
2911,2905
2912,2904
2913,2909
2914,2902
2915,2909
2916,2905
2917,2911
2918,2907
2919,2908
2920,2914
2921,2911
2922,2912
2923,2918
2924,2915
2925,2917
2926,2916
2927,2919
2928,2917
2929,2920
2930,2925
2931,2920
2932,2921
2933,2926
2934,2922
2935,2927
2936,2928
2937,2931
2938,2928
2939,2927
2940,2935
2941,2930
2942,2934
2943,2937
2944,2934
2945,2939
2946,2938
2947,2936
2948,2944
2949,2940
2950,2942
2951,2944
2952,2943
2953,2943
2954,2945
2955,2945
2956,2947
2957,2946
2958,2949
2959,2950
2960,2951
2961,2954
2962,2954
2963,2957
2964,2954
2965,2954
2966,2957
2967,2955
2968,2958
2969,2960
2970,2959
2971,2963
2972,2961
2973,2964
2974,2965
2975,2968
2976,2970
2977,2969
2978,2969
2979,2973
2980,2971
2981,2974
2982,2970
2983,2973
2984,2974
2985,2976
2986,2979
2987,2977
2988,2981
2989,2981
2990,2981
2991,2983
2992,2979
2993,2983
2994,2985
2995,2984
2996,2990
2997,2991
2998,2986
2999,2993
3000,2992
3001,2991
3002,2994
3003,2990
3004,2999
3005,2993
3006,2998
3007,3002
3008,2995
3009,3004
3010,3002
3011,3001
3012,3008
3013,3002
3014,3008
3015,3004
3016,3008
3017,3012
3018,3007
3019,3014
3020,3014
3021,3012
3022,3013
3023,3015
3024,3020
3025,3014
3026,3020
3027,3020
3028,3019
3029,3019
3030,3024
3031,3024
3032,3026
3033,3024
3034,3025
3035,3026
3036,3026
3037,3029
3038,3028
3039,3031
3040,3030
3041,3031
3042,3034
3043,3034
3044,3038
3045,3037
3046,3033
3047,3043
3048,3039
3049,3042
3050,3042
3051,3043
3052,3046
3053,3042
3054,3047
3055,3051
3056,3044
3057,3049
3058,3048
3059,3048
3060,3052
3061,3052
3062,3053
3063,3054
3064,3052
3065,3058
3066,3058
3067,3061
3068,3061
3069,3057
3070,3060
3071,3059
3072,3065
3073,3064
3074,3063
3075,3066
3076,3066
3077,3069
3078,3071
3079,3069
3080,3071
3081,3071
3082,3072
3083,3078
3084,3074
3085,3076
3086,3075
3087,3078
3088,3079
3089,3076
3090,3084
3091,3084
3092,3081
3093,3087
3094,3085
3095,3088
3096,3088
3097,3086
3098,3089
3099,3086
3100,3092
3101,3094
3102,3094
3103,3097
3104,3095
3105,3096
3106,3096
3107,3096
3108,3101
3109,3102
3110,3103
3111,3103
3112,3100
3113,3104
3114,3103
3115,3104
3116,3107
3117,3106
3118,3112
3119,3112
3120,3113
3121,3115
3122,3114
3123,3117
3124,3115
3125,3117
3126,3121
3127,3120
3128,3118
3129,3120
3130,3122
3131,3121
3132,3120
3133,3123
3134,3125
3135,3126
3136,3131
3137,3130
3138,3131
3139,3131
3140,3131
3141,3134
3142,3131
3143,3132
3144,3138
3145,3133
3146,3137
3147,3139
3148,3139
3149,3141
3150,3141
3151,3143
3152,3141
3153,3144
3154,3145
3155,3145
3156,3149
3157,3147
3158,3151
3159,3151
3160,3148
3161,3154
3162,3153
3163,3155
3164,3160
3165,3152
3166,3158
3167,3161
3168,3156
3169,3163
3170,3159
3171,3163
3172,3165
3173,3162
3174,3168
3175,3167
3176,3165
3177,3166
3178,3166
3179,3175
3180,3169
3181,3170
3182,3172
3183,3176
3184,3172
3185,3177
3186,3175
3187,3174
3188,3180
3189,3180
3190,3184
3191,3183
3192,3185
3193,3188
3194,3184
3195,3186
3196,3188
3197,3186
3198,3192
3199,3190
3200,3191
3201,3192
3202,3189
3203,3196
3204,3192
3205,3199
3206,3196
3207,3194
3208,3199
3209,3197
3210,3204
3211,3203
3212,3200
3213,3203
3214,3203
3215,3208
3216,3208
3217,3206
3218,3211
3219,3210
3220,3214
3221,3213
3222,3213
3223,3213
3224,3212
3225,3213
3226,3213
3227,3215
3228,3221
3229,3221
3230,3220
3231,3224
3232,3219
3233,3221
3234,3222
3235,3225
3236,3227
3237,3225
3238,3228
3239,3231
3240,3230
3241,3233
3242,3229
3243,3231
3244,3236
3245,3236
3246,3240
3247,3235
3248,3236
3249,3239
3250,3237
3251,3244
3252,3244
3253,3244
3254,3243
3255,3246
3256,3248
3257,3247
3258,3250
3259,3249
3260,3247
3261,3253
3262,3253
3263,3251
3264,3253
3265,3254
3266,3258
3267,3258
3268,3257
3269,3262
3270,3257
3271,3260
3272,3263
3273,3265
3274,3269
3275,3266
3276,3265
3277,3267
3278,3267
3279,3272
3280,3271
3281,3271
3282,3274
3283,3269
3284,3277
3285,3277
3286,3276
3287,3278
3288,3276
3289,3280
3290,3281
3291,3278
3292,3282
3293,3284
3294,3286
3295,3286
3296,3283
3297,3291
3298,3285
3299,3290
3300,3292
3301,3290
3302,3294
3303,3291
3304,3292
3305,3295
3306,3292
3307,3301
3308,3293
3309,3300
3310,3296
3311,3300
3312,3303
3313,3300
3314,3306
3315,3304
3316,3303
3317,3308
3318,3308
3319,3310
3320,3314
3321,3311
3322,3312
3323,3313
3324,3312
3325,3316
3326,3314
3327,3319
3328,3321
3329,3316
3330,3321
3331,3317
3332,3322
3333,3321
3334,3322
3335,3327
3336,3326
3337,3326
3338,3327
3339,3329
3340,3328
3341,3328
3342,3329
3343,3336
3344,3333
3345,3337
3346,3333
3347,3336
3348,3337
3349,3337
3350,3341
3351,3337
3352,3343
3353,3343
3354,3343
3355,3345
3356,3344
3357,3345
3358,3349
3359,3346
3360,3352
3361,3351
3362,3353
3363,3356
3364,3350
3365,3357
3366,3356
3367,3355
3368,3361
3369,3356
3370,3359
3371,3365
3372,3357
3373,3365
3374,3362
3375,3364
3376,3366
3377,3366
3378,3370
3379,3367
3380,3368
3381,3373
3382,3370
3383,3371
3384,3373
3385,3372
3386,3379
3387,3374
3388,3380
3389,3378
3390,3376
3391,3380
3392,3380
3393,3382
3394,3381
3395,3381
3396,3389
3397,3385
3398,3387
3399,3389
3400,3390
3401,3392
3402,3391
3403,3395
3404,3393
3405,3393
3406,3398
3407,3395
3408,3396
3409,3396
3410,3397
3411,3399
3412,3398
3413,3401
3414,3404
3415,3402
3416,3405
3417,3410
3418,3408
3419,3408
3420,3410
3421,3413
3422,3412
3423,3410
3424,3414
3425,3414
3426,3418
3427,3419
3428,3417
3429,3418
3430,3418
3431,3419
3432,3423
3433,3418
3434,3423
3435,3419
3436,3425
3437,3426
3438,3426
3439,3428
3440,3429
3441,3430
3442,3433
3443,3432
3444,3436
3445,3431
3446,3437
3447,3436
3448,3437
3449,3438
3450,3437
3451,3440
3452,3444
3453,3439
3454,3445
3455,3444
3456,3444
3457,3450
3458,3444
3459,3447
3460,3448
3461,3448
3462,3450
3463,3450
3464,3450
3465,3458
3466,3452
3467,3459
3468,3458
3469,3457
3470,3461
3471,3457
3472,3463
3473,3462
3474,3461
3475,3465
3476,3463
3477,3470
3478,3466
3479,3467
3480,3473
3481,3469
3482,3474
3483,3469
3484,3474
3485,3476
3486,3472
3487,3480
3488,3474
3489,3478
3490,3480
3491,3480
3492,3484
3493,3481
3494,3481
3495,3485
3496,3483
3497,3488
3498,3485
3499,3488
3500,3488
3501,3490
3502,3489
3503,3492
3504,3492
3505,3498
3506,3491
3507,3497
3508,3496
3509,3496
3510,3498
3511,3503
3512,3502
3513,3504
3514,3504
3515,3505
3516,3506
3517,3506
3518,3508
3519,3505
3520,3509
3521,3510
3522,3507
3523,3512
3524,3509
3525,3513
3526,3516
3527,3513
3528,3521
3529,3515
3530,3518
3531,3521
3532,3519
3533,3525
3534,3522
3535,3525
3536,3528
3537,3525
3538,3530
3539,3528
3540,3533
3541,3533
3542,3530
3543,3534
3544,3534
3545,3533
3546,3534
3547,3532
3548,3540
3549,3538
3550,3537
3551,3542
3552,3537
3553,3544
3554,3546
3555,3544
3556,3547
3557,3546
3558,3548
3559,3552
3560,3549
3561,3551
3562,3550
3563,3550
3564,3558
3565,3551
3566,3558
3567,3557
3568,3554
3569,3557
3570,3556
3571,3560
3572,3560
3573,3562
3574,3567
3575,3560
3576,3567
3577,3564
3578,3564
3579,3572
3580,3568
3581,3570
3582,3570
3583,3571
3584,3575
3585,3573
3586,3575
3587,3573
3588,3575
3589,3580
3590,3574
3591,3582
3592,3582
3593,3582
3594,3582
3595,3582
3596,3585
3597,3585
3598,3586
3599,3591
3600,3587
3601,3590
3602,3591
3603,3588
3604,3592
3605,3596
3606,3594
3607,3597
3608,3597
3609,3598
3610,3598
3611,3597
3612,3604
3613,3602
3614,3604
3615,3606
3616,3601
3617,3606
3618,3608
3619,3609
3620,3608
3621,3609
3622,3605
3623,3612
3624,3610
3625,3616
3626,3613
3627,3617
3628,3616
3629,3617
3630,3619
3631,3616
3632,3620
3633,3621
3634,3621
3635,3624
3636,3624
3637,3628
3638,3624
3639,3629
3640,3629
3641,3628
3642,3633
3643,3628
3644,3632
3645,3636
3646,3630
3647,3634
3648,3640
3649,3638
3650,3639
3651,3641
3652,3642
3653,3641
3654,3643
3655,3640
3656,3643
3657,3643
3658,3647
3659,3643
3660,3650
3661,3646
3662,3648
3663,3651
3664,3651
3665,3656
3666,3656
3667,3654
3668,3658
3669,3655
3670,3659
3671,3661
3672,3659
3673,3664
3674,3659
3675,3664
3676,3665
3677,3667
3678,3667
3679,3667
3680,3667
3681,3666
3682,3670
3683,3675
3684,3674
3685,3672
3686,3673
3687,3674
3688,3681
3689,3677
3690,3677
3691,3678
3692,3681
3693,3681
3694,3681
3695,3680
3696,3685
3697,3685
3698,3685
3699,3686
3700,3687
3701,3694
3702,3687
3703,3690
3704,3694
3705,3694
3706,3697
3707,3693
3708,3694
3709,3700
3710,3698
3711,3699
3712,3698
3713,3699
3714,3702
3715,3699
3716,3707
3717,3702
3718,3708
3719,3710
3720,3705
3721,3712
3722,3708
3723,3713
3724,3714
3725,3712
3726,3714
3727,3714
3728,3718
3729,3719
3730,3715
3731,3720
3732,3722
3733,3722
3734,3720
3735,3724
3736,3726
3737,3723
3738,3724
3739,3730
3740,3725
3741,3731
3742,3729
3743,3728
3744,3732
3745,3732
3746,3732
3747,3737
3748,3736
3749,3737
3750,3738
3751,3738
3752,3740
3753,3741
3754,3744
3755,3743
3756,3744
3757,3748
3758,3742
3759,3750
3760,3750
3761,3746
3762,3752
3763,3751
3764,3753
3765,3751
3766,3751
3767,3756
3768,3752
3769,3757
3770,3756
3771,3758
3772,3764
3773,3759
3774,3764
3775,3768
3776,3765
3777,3769
3778,3763
3779,3770
3780,3768
3781,3768
3782,3775
3783,3772
3784,3771
3785,3772
3786,3775
3787,3777
3788,3776
3789,3777
3790,3780
3791,3776
3792,3781
3793,3785
3794,3784
3795,3782
3796,3785
3797,3784
3798,3785
3799,3784
3800,3787
3801,3788
3802,3792
3803,3793
3804,3790
3805,3792
3806,3793
3807,3797
3808,3796
3809,3794
3810,3800
3811,3799
3812,3803
3813,3803
3814,3802
3815,3805
3816,3806
3817,3804
3818,3807
3819,3807
3820,3807
3821,3810
3822,3809
3823,3812
3824,3810
3825,3813
3826,3810
3827,3814
3828,3819
3829,3816
3830,3820
3831,3817
3832,3823
3833,3821
3834,3823
3835,3825
3836,3823
3837,3822
3838,3826
3839,3825
3840,3828
3841,3834
3842,3827
3843,3834
3844,3833
3845,3831
3846,3839
3847,3833
3848,3839
3849,3834
3850,3839
3851,3843
3852,3840
3853,3843
3854,3842
3855,3841
3856,3844
3857,3841
3858,3847
3859,3846
3860,3849
3861,3849
3862,3847
3863,3854
3864,3850
3865,3852
3866,3857
3867,3853
3868,3855
3869,3859
3870,3854
3871,3860
3872,3862
3873,3862
3874,3861
3875,3862
3876,3867
3877,3865
3878,3869
3879,3870
3880,3868
3881,3871
3882,3872
3883,3869
3884,3874
3885,3871
3886,3873
3887,3876
3888,3876
3889,3880
3890,3879
3891,3880
3892,3882
3893,3881
3894,3884
3895,3880
3896,3885
3897,3885
3898,3882
3899,3890
3900,3887
3901,3888
3902,3892
3903,3890
3904,3890
3905,3889
3906,3895
3907,3895
3908,3894
3909,3897
3910,3896
3911,3902
3912,3900
3913,3896
3914,3905
3915,3900
3916,3906
3917,3908
3918,3904
3919,3907
3920,3908
3921,3911
3922,3912
3923,3911
3924,3912
3925,3910
3926,3913
3927,3918
3928,3913
3929,3915
3930,3918
3931,3917
3932,3920
3933,3921
3934,3918
3935,3926
3936,3924
3937,3924
3938,3928
3939,3927
3940,3930
3941,3929
3942,3927
3943,3933
3944,3932
3945,3935
3946,3931
3947,3938
3948,3936
3949,3938
3950,3941
3951,3938
3952,3939
3953,3943
3954,3941
3955,3944
3956,3944
3957,3945
3958,3948
3959,3944
3960,3950
3961,3946
3962,3950
3963,3953
3964,3951
3965,3954
3966,3950
3967,3955
3968,3954
3969,3957
3970,3961
3971,3957
3972,3959
3973,3964
3974,3960
3975,3961
3976,3966
3977,3965
3978,3967
3979,3966
3980,3966
3981,3968
3982,3966
3983,3970
3984,3971
3985,3969
3986,3975
3987,3973
3988,3976
3989,3978
3990,3975
3991,3977
3992,3979
3993,3982
3994,3982
3995,3986
3996,3985
3997,3983
3998,3986
3999,3984
4000,3987
4001,3990
4002,3986
4003,3993
4004,3989
4005,3995
4006,3997
4007,3994
4008,3996
4009,3994
4010,3997
4011,4002
4012,3998
4013,4001
4014,4002
4015,4002
4016,4007
4017,4002
4018,4009
4019,4009
4020,4004
4021,4011
4022,4009
4023,4012
4024,4010
4025,4010
4026,4013
4027,4015
4028,4014
4029,4017
4030,4018
4031,4018
4032,4018
4033,4020
4034,4024
4035,4023
4036,4023
4037,4027
4038,4022
4039,4026
4040,4025
4041,4029
4042,4029
4043,4027
4044,4035
4045,4030
4046,4035
4047,4035
4048,4035
4049,4038
4050,4036
4051,4040
4052,4042
4053,4038
4054,4041
4055,4040
4056,4045
4057,4046
4058,4042
4059,4048
4060,4043
4061,4049
4062,4049
4063,4049
4064,4054
4065,4049
4066,4052
4067,4056
4068,4052
4069,4053
4070,4056
4071,4059
4072,4059
4073,4058
4074,4061
4075,4059
4076,4059
4077,4067
4078,4062
4079,4066
4080,4067
4081,4065
4082,4072
4083,4067
4084,4072
4085,4072
4086,4073
4087,4077
4088,4076
4089,4078
4090,4076
4091,4076
4092,4077
4093,4073
4094,4075
4095,4079
