0,9
1,6
2,7
3,4
4,6
5,6
6,7
7,8
8,8
9,11
10,12
11,13
12,13
13,16
14,14
15,19
16,17
17,18
18,20
19,18
20,24
21,20
22,22
23,24
24,25
25,28
26,26
27,26
28,30
29,30
30,35
31,32
32,36
33,34
34,34
35,36
36,36
37,37
38,40
39,40
40,44
41,41
42,42
43,45
44,44
45,48
46,47
47,47
48,49
49,48
50,54
51,52
52,52
53,54
54,52
55,59
56,57
57,60
58,64
59,60
60,60
61,62
62,63
63,66
64,67
65,67
66,66
67,67
68,68
69,68
70,70
71,70
72,71
73,72
74,74
75,76
76,77
77,78
78,81
79,81
80,83
81,83
82,84
83,83
84,86
85,89
86,89
87,84
88,90
89,91
90,88
91,95
92,91
93,94
94,95
95,94
96,99
97,94
98,100
99,101
100,101
101,104
102,102
103,105
104,105
105,103
106,109
107,105
108,110
109,110
110,109
111,111
112,111
113,112
114,113
115,113
116,117
117,114
118,119
119,121
120,119
121,124
122,122
123,121
124,128
125,125
126,128
127,128
128,129
129,129
130,128
131,131
132,130
133,133
134,137
135,133
136,137
137,136
138,135
139,141
140,137
141,140
142,145
143,143
144,146
145,146
146,147
147,149
148,147
149,151
150,148
151,152
152,155
153,150
154,153
155,153
156,156
157,157
158,155
159,159
160,160
161,159
162,165
163,163
164,165
165,163
166,166
167,168
168,167
169,168
170,169
171,172
172,174
173,171
174,175
175,175
176,174
177,178
178,174
179,178
180,178
181,183
182,184
183,182
184,185
185,183
186,185
187,187
188,187
189,190
190,190
191,190
192,196
193,191
194,193
195,195
196,194
197,200
198,196
199,198
200,202
201,197
202,201
203,202
204,201
205,208
206,203
207,205
208,209
209,209
210,212
211,209
212,211
213,212
214,213
215,218
216,216
217,217
218,216
219,218
220,223
221,219
222,223
223,224
224,221
225,227
226,224
227,227
228,225
229,226
230,233
231,230
232,229
233,232
234,234
235,234
236,234
237,234
238,238
239,237
240,241
241,243
242,240
243,242
244,241
245,245
246,245
247,248
248,248
249,246
250,253
251,249
252,252
253,256
254,253
255,254
256,257
257,258
258,261
259,259
260,259
261,261
262,259
263,263
264,262
265,264
266,266
267,264
268,268
269,268
270,270
271,274
272,272
273,274
274,274
275,273
276,279
277,275
278,277
279,277
280,280
281,284
282,278
283,284
284,282
285,284
286,289
287,287
288,290
289,288
290,291
291,291
292,288
293,292
294,293
295,297
296,298
297,293
298,297
299,300
300,297
301,305
302,299
303,303
304,305
305,303
306,306
307,306
308,310
309,310
310,309
311,310
312,311
313,311
314,318
315,312
316,318
317,315
318,318
319,319
320,320
321,318
322,323
323,319
324,326
325,321
326,327
327,327
328,329
329,329
330,330
331,331
332,331
333,329
334,337
335,334
336,338
337,338
338,336
339,340
340,339
341,340
342,341
343,342
344,345
345,342
346,347
347,345
348,344
349,351
350,347
351,352
352,355
353,351
354,353
355,352
356,354
357,354
358,356
359,361
360,360
361,360
362,360
363,363
364,366
365,364
366,364
367,367
368,364
369,369
370,370
371,368
372,372
373,370
374,372
375,377
376,375
377,376
378,374
379,376
380,378
381,377
382,380
383,381
384,382
385,387
386,381
387,389
388,386
389,389
390,392
391,388
392,391
393,390
394,395
395,394
396,395
397,399
398,396
399,401
400,401
401,399
402,400
403,403
404,403
405,403
406,404
407,406
408,405
409,410
410,409
411,407
412,412
413,413
414,412
415,417
416,414
417,416
418,417
419,416
420,422
421,419
422,422
423,426
424,422
425,423
426,422
427,426
428,430
429,426
430,431
431,429
432,430
433,436
434,430
435,434
436,432
437,434
438,438
439,434
440,438
441,440
442,439
443,446
444,443
445,442
446,444
447,446
448,450
449,449
450,450
451,450
452,446
453,453
454,450
455,454
456,452
457,454
458,458
459,456
460,459
461,459
462,461
463,464
464,460
465,461
466,466
467,464
468,468
469,466
470,468
471,471
472,467
473,473
474,470
475,472
476,476
477,474
478,478
479,475
480,474
481,478
482,479
483,481
484,480
485,484
486,487
487,482
488,487
489,489
490,485
491,488
492,489
493,493
494,492
495,492
496,496
497,493
498,498
499,499
500,498
501,500
502,500
503,501
504,504
505,503
506,505
507,503
508,506
509,509
510,505
511,509
512,510
513,512
514,515
515,509
516,515
517,515
518,518
519,519
520,515
521,522
522,518
523,523
524,525
525,519
526,523
527,524
528,524
529,528
530,526
531,531
532,531
533,531
534,534
535,534
536,536
537,537
538,533
539,536
540,540
541,538
542,540
543,535
544,541
545,545
546,544
547,545
548,545
549,546
550,549
551,547
552,551
553,550
554,552
555,554
556,551
557,556
558,555
559,556
560,560
561,558
562,560
563,558
564,561
565,563
566,561
567,567
568,563
569,565
570,570
571,570
572,570
573,568
574,572
575,573
576,574
577,577
578,573
579,574
580,578
581,578
582,580
583,580
584,580
585,582
586,581
587,584
588,586
589,587
590,587
591,588
592,589
593,590
594,591
595,592
596,595
597,593
598,595
599,597
600,597
601,595
602,601
603,602
604,599
605,602
606,603
607,603
608,608
609,603
610,608
611,609
612,609
613,614
614,609
615,611
616,612
617,616
618,618
619,613
620,618
621,616
622,618
623,620
624,618
625,622
626,625
627,624
628,628
629,626
630,627
631,626
632,629
633,631
634,631
635,632
636,632
637,636
638,639
639,637
640,637
641,636
642,638
643,639
644,639
645,641
646,645
647,646
648,645
649,646
650,648
651,649
652,648
653,654
654,652
655,651
656,655
657,656
658,654
659,657
660,657
661,662
662,660
663,659
664,662
665,662
666,664
667,662
668,666
669,667
670,668
671,668
672,668
673,673
674,671
675,670
676,675
677,674
678,675
679,679
680,675
681,679
682,680
683,682
684,683
685,680
686,686
687,682
688,687
689,689
690,691
691,687
692,688
693,690
694,691
695,693
696,694
697,691
698,696
699,694
700,696
701,700
702,697
703,700
704,702
705,703
706,705
707,706
708,705
709,709
710,704
711,710
712,705
713,707
714,713
715,709
716,713
717,714
718,714
719,719
720,718
721,718
722,721
723,718
724,721
725,720
726,722
727,724
728,725
729,727
730,726
731,731
732,732
733,728
734,733
735,734
736,735
737,733
738,734
739,737
740,737
741,738
742,738
743,738
744,742
745,740
746,740
747,745
748,745
749,746
750,747
751,750
752,750
753,747
754,754
755,754
756,752
757,758
758,752
759,758
760,760
761,758
762,762
763,761
764,762
765,764
766,764
767,767
768,766
769,766
770,768
771,767
772,770
773,770
774,769
775,774
776,775
777,776
778,777
779,777
780,781
781,777
782,779
783,781
784,781
785,782
786,785
787,787
788,785
789,787
790,788
791,787
792,789
793,791
794,792
795,796
796,792
797,794
798,796
799,794
800,802
801,799
802,800
803,803
804,802
805,806
806,800
807,804
808,808
809,804
810,810
811,807
812,809
813,811
814,813
815,816
816,814
817,816
818,815
819,816
820,820
821,817
822,816
823,823
824,823
825,823
826,824
827,823
828,827
829,824
830,830
831,831
832,830
833,832
834,832
835,833
836,834
837,833
838,839
839,838
840,840
841,842
842,839
843,843
844,843
845,843
846,847
847,845
848,848
849,848
850,848
851,851
852,848
853,854
854,850
855,855
856,854
857,851
858,856
859,854
860,857
861,861
862,859
863,864
864,859
865,862
866,866
867,865
868,870
869,866
870,866
871,869
872,870
873,872
874,869
875,871
876,874
877,874
878,875
879,877
880,877
881,879
882,879
883,879
884,885
885,881
886,887
887,883
888,887
889,890
890,884
891,889
892,889
893,888
894,896
895,894
896,894
897,896
898,895
899,897
900,896
901,899
902,902
903,902
904,904
905,904
906,904
907,906
908,906
909,907
910,909
911,910
912,909
913,911
914,912
915,914
916,914
917,917
918,916
919,920
920,916
921,918
922,922
923,920
924,922
925,921
926,923
927,926
928,923
929,928
930,927
931,929
932,929
933,929
934,934
935,935
936,932
937,934
938,934
939,939
940,940
941,936
942,944
943,940
944,941
945,946
946,943
947,947
948,948
949,946
950,951
951,950
952,949
953,951
954,954
955,955
956,952
957,956
958,953
959,956
960,958
961,958
962,962
963,959
964,964
965,963
966,964
967,968
968,965
969,965
970,969
971,970
972,970
973,971
974,973
975,975
976,975
977,976
978,975
979,977
980,982
981,979
982,980
983,981
984,983
985,983
986,984
987,988
988,983
989,986
990,991
991,990
992,990
993,991
994,989
995,996
996,994
997,993
998,997
999,996
1000,1001
1001,1001
1002,1001
1003,1002
1004,1003
1005,1003
1006,1003
1007,1004
1008,1006
1009,1008
1010,1009
1011,1009
1012,1011
1013,1014
1014,1013
1015,1013
1016,1016
1017,1013
1018,1017
1019,1020
1020,1020
1021,1018
1022,1022
1023,1025
1024,1024
1025,1025
1026,1026
1027,1026
1028,1028
1029,1025
1030,1029
1031,1029
1032,1032
1033,1033
1034,1030
1035,1036
1036,1036
1037,1036
1038,1040
1039,1037
1040,1040
1041,1038
1042,1041
1043,1044
1044,1043
1045,1040
1046,1047
1047,1045
1048,1048
1049,1047
1050,1046
1051,1053
1052,1049
1053,1053
1054,1056
1055,1054
1056,1058
1057,1053
1058,1055
1059,1057
1060,1058
1061,1060
1062,1058
1063,1063
1064,1065
1065,1060
1066,1064
1067,1067
1068,1070
1069,1071
1070,1064
1071,1072
1072,1071
1073,1070
1074,1074
1075,1070
1076,1074
1077,1075
1078,1076
1079,1082
1080,1078
1081,1082
1082,1081
1083,1079
1084,1085
1085,1083
1086,1083
1087,1087
1088,1083
1089,1091
1090,1087
1091,1088
1092,1092
1093,1090
1094,1095
1095,1094
1096,1097
1097,1098
1098,1095
1099,1099
1100,1099
1101,1099
1102,1102
1103,1101
1104,1104
1105,1105
1106,1102
1107,1107
1108,1104
1109,1111
1110,1108
1111,1108
1112,1112
1113,1112
1114,1114
1115,1114
1116,1113
1117,1116
1118,1115
1119,1117
1120,1117
1121,1118
1122,1125
1123,1118
1124,1125
1125,1124
1126,1126
1127,1129
1128,1125
1129,1126
1130,1129
1131,1127
1132,1131
1133,1134
1134,1131
1135,1133
1136,1133
1137,1140
1138,1139
1139,1138
1140,1140
1141,1138
1142,1140
1143,1141
1144,1139
1145,1147
1146,1142
1147,1146
1148,1146
1149,1146
1150,1149
1151,1146
1152,1149
1153,1154
1154,1149
1155,1157
1156,1151
1157,1155
1158,1155
1159,1156
1160,1161
1161,1159
1162,1159
1163,1160
1164,1161
1165,1164
1166,1164
1167,1164
1168,1166
1169,1164
1170,1172
1171,1169
1172,1170
1173,1176
1174,1171
1175,1175
1176,1173
1177,1178
1178,1179
1179,1171
1180,1179
1181,1181
1182,1177
1183,1184
1184,1184
1185,1185
1186,1187
1187,1183
1188,1186
1189,1188
1190,1188
1191,1191
1192,1186
1193,1192
1194,1193
1195,1193
1196,1197
1197,1192
1198,1197
1199,1197
1200,1197
1201,1204
1202,1200
1203,1204
1204,1202
1205,1201
1206,1207
1207,1202
1208,1210
1209,1205
1210,1208
1211,1212
1212,1207
1213,1211
1214,1211
1215,1213
1216,1218
1217,1214
1218,1218
1219,1214
1220,1218
1221,1219
1222,1217
1223,1219
1224,1222
1225,1221
1226,1227
1227,1224
1228,1225
1229,1227
1230,1229
1231,1227
1232,1229
1233,1228
1234,1235
1235,1234
1236,1235
1237,1237
1238,1235
1239,1240
1240,1238
1241,1240
1242,1238
1243,1239
1244,1245
1245,1241
1246,1246
1247,1244
1248,1247
1249,1250
1250,1247
1251,1249
1252,1251
1253,1250
1254,1254
1255,1255
1256,1256
1257,1254
1258,1257
1259,1260
1260,1256
1261,1259
1262,1260
1263,1258
1264,1262
1265,1263
1266,1265
1267,1267
1268,1266
1269,1269
1270,1267
1271,1271
1272,1273
1273,1269
1274,1271
1275,1273
1276,1276
1277,1275
1278,1275
1279,1276
1280,1281
1281,1278
1282,1280
1283,1281
1284,1284
1285,1287
1286,1283
1287,1288
1288,1286
1289,1289
1290,1292
1291,1289
1292,1293
1293,1291
1294,1291
1295,1294
1296,1291
1297,1298
1298,1296
1299,1296
1300,1300
1301,1296
1302,1302
1303,1303
1304,1302
1305,1304
1306,1303
1307,1305
1308,1307
1309,1309
1310,1312
1311,1309
1312,1313
1313,1313
1314,1313
1315,1317
1316,1313
1317,1315
1318,1317
1319,1317
1320,1320
1321,1321
1322,1318
1323,1325
1324,1318
1325,1322
1326,1326
1327,1324
1328,1327
1329,1325
1330,1329
1331,1332
1332,1329
1333,1332
1334,1332
1335,1336
1336,1332
1337,1334
1338,1338
1339,1335
1340,1341
1341,1337
1342,1341
1343,1341
1344,1340
1345,1345
1346,1343
1347,1346
1348,1347
1349,1345
1350,1348
1351,1350
1352,1347
1353,1354
1354,1352
1355,1355
1356,1353
1357,1357
1358,1359
1359,1357
1360,1357
1361,1363
1362,1360
1363,1362
1364,1363
1365,1365
1366,1364
1367,1364
1368,1367
1369,1367
1370,1366
1371,1369
1372,1370
1373,1374
1374,1375
1375,1372
1376,1374
1377,1376
1378,1378
1379,1377
1380,1377
1381,1379
1382,1379
1383,1382
1384,1383
1385,1382
1386,1387
1387,1384
1388,1385
1389,1389
1390,1387
1391,1388
1392,1390
1393,1391
1394,1395
1395,1390
1396,1394
1397,1395
1398,1397
1399,1399
1400,1396
1401,1401
1402,1400
1403,1400
1404,1402
1405,1399
1406,1403
1407,1403
1408,1407
1409,1410
1410,1410
1411,1412
1412,1412
1413,1411
1414,1411
1415,1410
1416,1416
1417,1415
1418,1413
1419,1416
1420,1419
1421,1422
1422,1419
1423,1418
1424,1420
1425,1423
1426,1423
1427,1424
1428,1423
1429,1427
1430,1429
1431,1429
1432,1430
1433,1432
1434,1433
1435,1434
1436,1434
1437,1439
1438,1430
1439,1436
1440,1438
1441,1437
1442,1440
1443,1440
1444,1441
1445,1441
1446,1443
1447,1447
1448,1444
1449,1450
1450,1449
1451,1450
1452,1450
1453,1447
1454,1453
1455,1451
1456,1455
1457,1455
1458,1456
1459,1457
1460,1461
1461,1456
1462,1461
1463,1463
1464,1460
1465,1464
1466,1462
1467,1466
1468,1463
1469,1467
1470,1470
1471,1465
1472,1471
1473,1473
1474,1472
1475,1476
1476,1472
1477,1476
1478,1474
1479,1474
1480,1478
1481,1476
1482,1480
1483,1480
1484,1480
1485,1483
1486,1485
1487,1485
1488,1486
1489,1484
1490,1488
1491,1485
1492,1491
1493,1493
1494,1491
1495,1492
1496,1491
1497,1497
1498,1494
1499,1497
1500,1499
1501,1495
1502,1498
1503,1500
1504,1499
1505,1500
1506,1505
1507,1500
1508,1507
1509,1507
1510,1506
1511,1510
1512,1508
1513,1513
1514,1511
1515,1511
1516,1512
1517,1512
1518,1515
1519,1515
1520,1514
1521,1521
1522,1516
1523,1522
1524,1519
1525,1523
1526,1523
1527,1523
1528,1524
1529,1525
1530,1525
1531,1530
1532,1525
1533,1529
1534,1529
1535,1532
1536,1534
1537,1534
1538,1537
1539,1535
1540,1537
1541,1539
1542,1538
1543,1541
1544,1539
1545,1544
1546,1545
1547,1542
1548,1545
1549,1544
1550,1548
1551,1548
1552,1547
1553,1549
1554,1552
1555,1549
1556,1554
1557,1554
1558,1553
1559,1560
1560,1554
1561,1559
1562,1557
1563,1557
1564,1561
1565,1559
1566,1560
1567,1562
1568,1564
1569,1567
1570,1564
1571,1567
1572,1566
1573,1570
1574,1573
1575,1570
1576,1572
1577,1575
1578,1575
1579,1578
1580,1574
1581,1576
1582,1579
1583,1580
1584,1584
1585,1578
1586,1583
1587,1582
1588,1579
1589,1585
1590,1584
1591,1585
1592,1587
1593,1586
1594,1593
1595,1589
1596,1593
1597,1592
1598,1590
1599,1596
1600,1595
1601,1595
1602,1601
1603,1597
1604,1599
1605,1600
1606,1601
1607,1603
1608,1605
1609,1606
1610,1606
1611,1606
1612,1607
1613,1608
1614,1612
1615,1610
1616,1611
1617,1613
1618,1612
1619,1614
1620,1618
1621,1615
1622,1620
1623,1619
1624,1620
1625,1621
1626,1619
1627,1625
1628,1623
1629,1626
1630,1628
1631,1626
1632,1628
1633,1626
1634,1631
1635,1633
1636,1628
1637,1634
1638,1635
1639,1637
1640,1636
1641,1637
1642,1640
1643,1640
1644,1640
1645,1642
1646,1644
1647,1643
1648,1645
1649,1645
1650,1646
1651,1646
1652,1646
1653,1650
1654,1645
1655,1649
1656,1652
1657,1653
1658,1658
1659,1655
1660,1660
1661,1655
1662,1656
1663,1660
1664,1657
1665,1662
1666,1663
1667,1663
1668,1666
1669,1663
1670,1670
1671,1669
1672,1668
1673,1671
1674,1666
1675,1672
1676,1671
1677,1670
1678,1678
1679,1672
1680,1677
1681,1675
1682,1675
1683,1679
1684,1678
1685,1684
1686,1681
1687,1682
1688,1685
1689,1685
1690,1683
1691,1687
1692,1688
1693,1688
1694,1690
1695,1691
1696,1695
1697,1693
1698,1693
1699,1696
1700,1694
1701,1699
1702,1698
1703,1697
1704,1700
1705,1698
1706,1704
1707,1703
1708,1706
1709,1705
1710,1703
1711,1710
1712,1704
1713,1707
1714,1708
1715,1709
1716,1711
1717,1712
1718,1712
1719,1716
1720,1715
1721,1717
1722,1716
1723,1722
1724,1718
1725,1718
1726,1724
1727,1720
1728,1722
1729,1725
1730,1726
1731,1729
1732,1727
1733,1730
1734,1729
1735,1727
1736,1735
1737,1733
1738,1730
1739,1736
1740,1733
1741,1737
1742,1740
1743,1738
1744,1740
1745,1737
1746,1742
1747,1742
1748,1741
1749,1744
1750,1744
1751,1748
1752,1754
1753,1748
1754,1750
1755,1749
1756,1751
1757,1754
1758,1752
1759,1757
1760,1754
1761,1758
1762,1760
1763,1756
1764,1760
1765,1759
1766,1764
1767,1763
1768,1763
1769,1766
1770,1765
1771,1765
1772,1769
1773,1769
1774,1769
1775,1771
1776,1770
1777,1774
1778,1772
1779,1775
1780,1774
1781,1778
1782,1777
1783,1779
1784,1782
1785,1782
1786,1780
1787,1784
1788,1784
1789,1784
1790,1788
1791,1785
1792,1790
1793,1788
1794,1792
1795,1792
1796,1789
1797,1794
1798,1794
1799,1794
1800,1800
1801,1796
1802,1797
1803,1798
1804,1802
1805,1801
1806,1802
1807,1802
1808,1804
1809,1803
1810,1807
1811,1806
1812,1807
1813,1810
1814,1810
1815,1813
1816,1808
1817,1813
1818,1816
1819,1815
1820,1817
1821,1814
1822,1815
1823,1820
1824,1820
1825,1820
1826,1819
1827,1823
1828,1822
1829,1824
1830,1829
1831,1827
1832,1828
1833,1829
1834,1827
1835,1829
1836,1831
1837,1834
1838,1834
1839,1834
1840,1832
1841,1838
1842,1837
1843,1839
1844,1837
1845,1841
1846,1842
1847,1841
1848,1845
1849,1841
1850,1843
1851,1849
1852,1847
1853,1848
1854,1849
1855,1851
1856,1854
1857,1850
1858,1856
1859,1856
1860,1854
1861,1858
1862,1857
1863,1860
1864,1857
1865,1859
1866,1864
1867,1862
1868,1866
1869,1863
1870,1867
1871,1869
1872,1865
1873,1868
1874,1870
1875,1869
1876,1871
1877,1869
1878,1874
1879,1877
1880,1874
1881,1875
1882,1876
1883,1881
1884,1880
1885,1880
1886,1881
1887,1882
1888,1883
1889,1885
1890,1883
1891,1887
1892,1886
1893,1886
1894,1890
1895,1888
1896,1890
1897,1892
1898,1896
1899,1894
1900,1895
1901,1895
1902,1897
1903,1898
1904,1901
1905,1899
1906,1903
1907,1903
1908,1900
1909,1907
1910,1906
1911,1907
1912,1906
1913,1906
1914,1909
1915,1907
1916,1909
1917,1910
1918,1911
1919,1917
1920,1914
1921,1918
1922,1919
1923,1918
1924,1918
1925,1920
1926,1923
1927,1924
1928,1919
1929,1923
1930,1928
1931,1926
1932,1931
1933,1928
1934,1930
1935,1931
1936,1932
1937,1933
1938,1934
1939,1937
1940,1937
1941,1937
1942,1939
1943,1938
1944,1938
1945,1941
1946,1940
1947,1943
1948,1942
1949,1943
1950,1947
1951,1944
1952,1948
1953,1946
1954,1947
1955,1949
1956,1953
1957,1955
1958,1953
1959,1952
1960,1955
1961,1954
1962,1956
1963,1959
1964,1960
1965,1960
1966,1961
1967,1963
1968,1962
1969,1962
1970,1966
1971,1966
1972,1968
1973,1971
1974,1966
1975,1971
1976,1971
1977,1971
1978,1975
1979,1974
1980,1975
1981,1974
1982,1979
1983,1978
1984,1978
1985,1979
1986,1978
1987,1979
1988,1985
1989,1981
1990,1985
1991,1985
1992,1988
1993,1988
1994,1988
1995,1993
1996,1990
1997,1993
1998,1993
1999,1995
2000,1997
2001,1996
2002,1998
2003,1998
2004,1996
2005,2000
2006,1999
2007,2002
2008,2006
2009,2005
2010,2007
2011,2005
2012,2008
2013,2009
2014,2007
2015,2014
2016,2010
2017,2014
2018,2017
2019,2014
2020,2014
2021,2020
2022,2015
2023,2021
2024,2017
2025,2019
2026,2025
2027,2018
2028,2025
2029,2024
2030,2022
2031,2027
2032,2024
2033,2031
2034,2028
2035,2028
2036,2031
2037,2032
2038,2033
2039,2033
2040,2036
2041,2037
2042,2034
2043,2041
2044,2042
2045,2042
2046,2043
2047,2042
2048,2043
2049,2044
2050,2043
2051,2050
2052,2045
2053,2050
2054,2048
2055,2049
2056,2052
2057,2050
2058,2056
2059,2057
2060,2054
2061,2057
2062,2057
2063,2060
2064,2060
2065,2059
2066,2064
2067,2064
2068,2062
2069,2067
2070,2062
2071,2067
2072,2071
2073,2069
2074,2069
2075,2070
2076,2073
2077,2072
2078,2072
2079,2074
2080,2076
2081,2076
2082,2078
2083,2075
2084,2082
2085,2081
2086,2080
2087,2083
2088,2084
2089,2084
2090,2087
2091,2084
2092,2091
2093,2086
2094,2090
2095,2089
2096,2093
2097,2092
2098,2091
2099,2095
2100,2096
2101,2098
2102,2100
2103,2099
2104,2099
2105,2100
2106,2100
2107,2106
2108,2103
2109,2106
2110,2105
2111,2104
2112,2109
2113,2110
2114,2110
2115,2114
2116,2110
2117,2114
2118,2113
2119,2115
2120,2119
2121,2115
2122,2115
2123,2119
2124,2117
2125,2125
2126,2118
2127,2121
2128,2121
2129,2125
2130,2126
2131,2125
2132,2128
2133,2128
2134,2130
2135,2130
2136,2129
2137,2134
2138,2133
2139,2131
2140,2137
2141,2133
2142,2140
2143,2136
2144,2139
2145,2144
2146,2138
2147,2142
2148,2141
2149,2144
2150,2148
2151,2143
2152,2147
2153,2147
2154,2149
2155,2150
2156,2151
2157,2149
2158,2157
2159,2154
2160,2152
2161,2159
2162,2157
2163,2158
2164,2155
2165,2158
2166,2160
2167,2162
2168,2165
2169,2160
2170,2165
2171,2166
2172,2164
2173,2168
2174,2168
2175,2173
2176,2171
2177,2172
2178,2172
2179,2172
2180,2175
2181,2179
2182,2177
2183,2178
2184,2178
2185,2178
2186,2179
2187,2181
2188,2182
2189,2182
2190,2185
2191,2184
2192,2184
2193,2191
2194,2189
2195,2192
2196,2194
2197,2192
2198,2192
2199,2194
2200,2195
2201,2199
2202,2196
2203,2199
2204,2199
2205,2197
2206,2204
2207,2199
2208,2204
2209,2208
2210,2201
2211,2208
2212,2205
2213,2208
2214,2210
2215,2209
2216,2210
2217,2211
2218,2211
2219,2216
2220,2213
2221,2216
2222,2217
2223,2218
2224,2221
2225,2216
2226,2222
2227,2219
2228,2222
2229,2226
2230,2224
2231,2226
2232,2225
2233,2229
2234,2228
2235,2227
2236,2230
2237,2231
2238,2230
2239,2235
2240,2231
2241,2237
2242,2234
2243,2234
2244,2239
2245,2236
2246,2243
2247,2243
2248,2240
2249,2244
2250,2244
2251,2245
2252,2250
2253,2248
2254,2248
2255,2247
2256,2248
2257,2256
2258,2250
2259,2256
2260,2258
2261,2256
2262,2258
2263,2258
2264,2259
2265,2260
2266,2261
2267,2265
2268,2261
2269,2268
2270,2264
2271,2263
2272,2268
2273,2267
2274,2271
2275,2269
2276,2268
2277,2274
2278,2270
2279,2276
2280,2272
2281,2274
2282,2279
2283,2277
2284,2279
2285,2279
2286,2281
2287,2282
2288,2284
2289,2286
2290,2285
2291,2284
2292,2287
2293,2287
2294,2287
2295,2291
2296,2290
2297,2293
2298,2295
2299,2297
2300,2295
2301,2295
2302,2296
2303,2300
2304,2297
2305,2304
2306,2300
2307,2299
2308,2306
2309,2304
2310,2304
2311,2307
2312,2309
2313,2309
2314,2309
2315,2312
2316,2310
2317,2310
2318,2314
2319,2314
2320,2315
2321,2313
2322,2318
2323,2319
2324,2317
2325,2323
2326,2322
2327,2320
2328,2327
2329,2324
2330,2324
2331,2325
2332,2325
2333,2328
2334,2325
2335,2328
2336,2332
2337,2331
2338,2335
2339,2330
2340,2337
2341,2334
2342,2335
2343,2340
2344,2340
2345,2339
2346,2343
2347,2342
2348,2342
2349,2341
2350,2346
2351,2343
2352,2346
2353,2348
2354,2350
2355,2350
2356,2355
2357,2352
2358,2351
2359,2351
2360,2355
2361,2360
2362,2354
2363,2359
2364,2358
2365,2357
2366,2364
2367,2361
2368,2364
2369,2362
2370,2366
2371,2366
2372,2368
2373,2367
2374,2367
2375,2367
2376,2370
2377,2372
2378,2371
2379,2371
2380,2372
2381,2378
2382,2373
2383,2380
2384,2381
2385,2378
2386,2382
2387,2380
2388,2380
2389,2384
2390,2385
2391,2388
2392,2387
2393,2385
2394,2389
2395,2386
2396,2389
2397,2392
2398,2393
2399,2392
2400,2394
2401,2397
2402,2399
2403,2393
2404,2399
2405,2396
2406,2402
2407,2400
2408,2399
2409,2405
2410,2404
2411,2403
2412,2406
2413,2409
2414,2409
2415,2406
2416,2413
2417,2414
2418,2409
2419,2413
2420,2415
2421,2416
2422,2419
2423,2415
2424,2421
2425,2419
2426,2419
2427,2425
2428,2421
2429,2422
2430,2425
2431,2422
2432,2428
2433,2427
2434,2430
2435,2431
2436,2430
2437,2434
2438,2431
2439,2435
2440,2437
2441,2432
2442,2439
2443,2437
2444,2436
2445,2443
2446,2440
2447,2441
2448,2441
2449,2444
2450,2445
2451,2447
2452,2445
2453,2449
2454,2445
2455,2453
2456,2446
2457,2451
2458,2454
2459,2453
2460,2453
2461,2452
2462,2454
2463,2455
2464,2456
2465,2462
2466,2461
2467,2463
2468,2464
2469,2460
2470,2464
2471,2463
2472,2464
2473,2466
2474,2466
2475,2469
2476,2466
2477,2472
2478,2471
2479,2469
2480,2472
2481,2474
2482,2477
2483,2475
2484,2479
2485,2482
2486,2480
2487,2477
2488,2481
2489,2483
2490,2483
2491,2487
2492,2484
2493,2489
2494,2486
2495,2491
2496,2493
2497,2486
2498,2490
2499,2488
2500,2492
2501,2496
2502,2497
2503,2500
2504,2498
2505,2498
2506,2502
2507,2497
2508,2504
2509,2501
2510,2500
2511,2509
2512,2502
2513,2508
2514,2505
2515,2508
2516,2513
2517,2506
2518,2512
2519,2512
2520,2514
2521,2514
2522,2514
2523,2516
2524,2513
2525,2517
2526,2523
2527,2522
2528,2522
2529,2526
2530,2522
2531,2527
2532,2522
2533,2531
2534,2532
2535,2525
2536,2533
2537,2528
2538,2528
2539,2536
2540,2533
2541,2536
2542,2534
2543,2534
2544,2541
2545,2534
2546,2539
2547,2539
2548,2543
2549,2541
2550,2539
2551,2547
2552,2542
2553,2542
2554,2552
2555,2545
2556,2552
2557,2547
2558,2548
2559,2554
2560,2553
2561,2556
2562,2553
2563,2560
2564,2557
2565,2558
2566,2561
2567,2558
2568,2560
2569,2562
2570,2564
2571,2565
2572,2562
2573,2566
2574,2566
2575,2566
2576,2570
2577,2571
2578,2569
2579,2572
2580,2570
2581,2571
2582,2580
2583,2571
2584,2579
2585,2581
2586,2578
2587,2580
2588,2577
2589,2580
2590,2581
2591,2580
2592,2585
2593,2584
2594,2586
2595,2589
2596,2588
2597,2594
2598,2590
2599,2589
2600,2595
2601,2593
2602,2596
2603,2594
2604,2596
2605,2597
2606,2599
2607,2602
2608,2600
2609,2600
2610,2602
2611,2601
2612,2607
2613,2607
2614,2609
2615,2611
2616,2605
2617,2611
2618,2610
2619,2610
2620,2613
2621,2613
2622,2617
2623,2614
2624,2616
2625,2616
2626,2620
2627,2622
2628,2620
2629,2622
2630,2624
2631,2626
2632,2623
2633,2626
2634,2628
2635,2629
2636,2627
2637,2630
2638,2630
2639,2629
2640,2636
2641,2636
2642,2635
2643,2639
2644,2635
2645,2637
2646,2636
2647,2639
2648,2641
2649,2638
2650,2641
2651,2640
2652,2644
2653,2646
2654,2646
2655,2651
2656,2648
2657,2650
2658,2652
2659,2647
2660,2653
2661,2655
2662,2652
2663,2658
2664,2652
2665,2661
2666,2658
2667,2659
2668,2664
2669,2658
2670,2664
2671,2667
2672,2666
2673,2665
2674,2667
2675,2667
2676,2672
2677,2667
2678,2671
2679,2673
2680,2672
2681,2678
2682,2676
2683,2677
2684,2679
2685,2677
2686,2679
2687,2676
2688,2679
2689,2684
2690,2684
2691,2686
2692,2682
2693,2684
2694,2689
2695,2684
2696,2688
2697,2686
2698,2692
2699,2691
2700,2693
2701,2697
2702,2697
2703,2697
2704,2699
2705,2698
2706,2701
2707,2697
2708,2699
2709,2702
2710,2702
2711,2706
2712,2702
2713,2706
2714,2704
2715,2708
2716,2705
2717,2707
2718,2710
2719,2710
2720,2708
2721,2710
2722,2716
2723,2716
2724,2721
2725,2718
2726,2722
2727,2724
2728,2717
2729,2722
2730,2719
2731,2723
2732,2723
2733,2726
2734,2724
2735,2726
2736,2728
2737,2727
2738,2727
2739,2736
2740,2729
2741,2735
2742,2734
2743,2730
2744,2733
2745,2738
2746,2738
2747,2738
2748,2741
2749,2741
2750,2740
2751,2743
2752,2746
2753,2741
2754,2750
2755,2745
2756,2750
2757,2756
2758,2749
2759,2752
2760,2755
2761,2756
2762,2753
2763,2754
2764,2754
2765,2762
2766,2759
2767,2764
2768,2763
2769,2761
2770,2762
2771,2760
2772,2767
2773,2765
2774,2769
2775,2769
2776,2768
2777,2769
2778,2773
2779,2767
2780,2777
2781,2770
2782,2776
2783,2773
2784,2776
2785,2777
2786,2774
2787,2782
2788,2780
2789,2777
2790,2786
2791,2783
2792,2784
2793,2781
2794,2783
2795,2788
2796,2789
2797,2792
2798,2791
2799,2789
2800,2794
2801,2793
2802,2793
2803,2795
2804,2796
2805,2800
2806,2798
2807,2801
2808,2798
2809,2799
2810,2802
2811,2801
2812,2805
2813,2808
2814,2805
2815,2809
2816,2809
2817,2808
2818,2810
2819,2808
2820,2812
2821,2818
2822,2816
2823,2818
2824,2813
2825,2815
2826,2821
2827,2820
2828,2820
2829,2816
2830,2822
2831,2826
2832,2825
2833,2826
2834,2827
2835,2829
2836,2826
2837,2826
2838,2828
2839,2832
2840,2836
2841,2831
2842,2834
2843,2839
2844,2835
2845,2839
2846,2842
2847,2839
2848,2840
2849,2843
2850,2839
2851,2844
2852,2845
2853,2847
2854,2843
2855,2846
2856,2846
2857,2850
2858,2849
2859,2853
2860,2849
2861,2852
2862,2854
2863,2853
2864,2858
2865,2857
2866,2856
2867,2856
2868,2859
2869,2864
2870,2863
2871,2864
2872,2867
2873,2862
2874,2868
2875,2864
2876,2868
2877,2867
2878,2868
2879,2873
2880,2868
2881,2872
2882,2874
2883,2876
2884,2875
2885,2876
2886,2877
2887,2875
2888,2877
2889,2885
2890,2878
2891,2881
2892,2884
2893,2884
2894,2884
2895,2884
2896,2886
2897,2888
2898,2887
2899,2891
2900,2890
2901,2892
2902,2893
2903,2891
2904,2898
2905,2898
2906,2895
2907,2897
2908,2898
2909,2903
2910,2900
2911,2900
2912,2906
2913,2906
2914,2905
2915,2907
2916,2908
2917,2910
2918,2906
2919,2914
2920,2913
2921,2910
2922,2916
2923,2915
2924,2914
2925,2914
2926,2915
2927,2918
2928,2921
2929,2918
2930,2919
2931,2922
2932,2922
2933,2923
2934,2926
2935,2929
2936,2929
2937,2930
2938,2931
2939,2933
2940,2930
2941,2930
2942,2936
2943,2933
2944,2934
2945,2935
2946,2938
2947,2940
2948,2940
2949,2938
2950,2940
2951,2941
2952,2945
2953,2946
2954,2944
2955,2946
2956,2944
2957,2950
2958,2948
2959,2948
2960,2950
2961,2953
2962,2951
2963,2956
2964,2955
2965,2960
2966,2955
2967,2958
2968,2963
2969,2956
2970,2960
2971,2963
2972,2965
2973,2967
2974,2961
2975,2968
2976,2968
2977,2969
2978,2969
2979,2970
2980,2975
2981,2972
2982,2974
2983,2976
2984,2971
2985,2981
2986,2978
2987,2978
2988,2980
2989,2978
2990,2978
2991,2980
2992,2983
2993,2987
2994,2983
2995,2984
2996,2987
2997,2987
2998,2989
2999,2989
3000,2989
3001,2994
3002,2991
3003,2995
3004,2992
3005,2996
3006,3001
3007,2996
3008,2998
3009,3001
3010,2998
3011,3006
3012,3002
3013,3004
3014,3004
3015,3005
3016,3011
3017,3009
3018,3008
3019,3011
3020,3011
3021,3012
3022,3013
3023,3017
3024,3014
3025,3014
3026,3016
3027,3016
3028,3018
3029,3019
3030,3021
3031,3025
3032,3022
3033,3026
3034,3028
3035,3026
3036,3028
3037,3029
3038,3031
3039,3031
3040,3029
3041,3032
3042,3032
3043,3036
3044,3036
3045,3036
3046,3036
3047,3038
3048,3040
3049,3042
3050,3039
3051,3037
3052,3045
3053,3044
3054,3044
3055,3045
3056,3046
3057,3048
3058,3046
3059,3053
3060,3050
3061,3055
3062,3056
3063,3056
3064,3060
3065,3058
3066,3058
3067,3060
3068,3060
3069,3064
3070,3060
3071,3066
3072,3067
3073,3060
3074,3064
3075,3068
3076,3070
3077,3067
3078,3067
3079,3072
3080,3074
3081,3071
3082,3076
3083,3075
3084,3075
3085,3076
3086,3073
3087,3081
3088,3080
3089,3076
3090,3081
3091,3082
3092,3086
3093,3084
3094,3085
3095,3086
3096,3084
3097,3088
3098,3088
3099,3086
3100,3094
3101,3089
3102,3094
3103,3091
3104,3093
3105,3100
3106,3092
3107,3097
3108,3096
3109,3098
3110,3105
3111,3101
3112,3104
3113,3104
3114,3106
3115,3109
3116,3104
3117,3108
3118,3110
3119,3108
3120,3112
3121,3110
3122,3115
3123,3115
3124,3115
3125,3115
3126,3118
3127,3116
3128,3121
3129,3121
3130,3122
3131,3119
3132,3122
3133,3123
3134,3125
3135,3124
3136,3128
3137,3127
3138,3130
3139,3127
3140,3130
3141,3133
3142,3131
3143,3132
3144,3136
3145,3134
3146,3137
3147,3135
3148,3142
3149,3137
3150,3142
3151,3141
3152,3140
3153,3142
3154,3146
3155,3147
3156,3150
3157,3148
3158,3149
3159,3149
3160,3149
3161,3155
3162,3150
3163,3152
3164,3153
3165,3154
3166,3159
3167,3158
3168,3158
3169,3158
3170,3160
3171,3161
3172,3161
3173,3164
3174,3162
3175,3166
3176,3167
3177,3168
3178,3172
3179,3169
3180,3170
3181,3169
3182,3172
3183,3173
3184,3173
3185,3179
3186,3173
3187,3179
3188,3179
3189,3179
3190,3180
3191,3181
3192,3182
3193,3182
3194,3186
3195,3188
3196,3185
3197,3190
3198,3186
3199,3187
3200,3192
3201,3189
3202,3195
3203,3195
3204,3194
3205,3198
3206,3193
3207,3198
3208,3199
3209,3199
3210,3204
3211,3201
3212,3202
3213,3201
3214,3206
3215,3205
3216,3203
3217,3208
3218,3210
3219,3210
3220,3212
3221,3204
3222,3214
3223,3213
3224,3216
3225,3216
3226,3215
3227,3220
3228,3222
3229,3215
3230,3223
3231,3219
3232,3220
3233,3223
3234,3224
3235,3227
3236,3224
3237,3223
3238,3227
3239,3227
3240,3232
3241,3229
3242,3230
3243,3236
3244,3234
3245,3234
3246,3235
3247,3237
3248,3240
3249,3240
3250,3242
3251,3240
3252,3242
3253,3243
3254,3240
3255,3248
3256,3247
3257,3246
3258,3251
3259,3246
3260,3252
3261,3250
3262,3252
3263,3254
3264,3255
3265,3254
3266,3257
3267,3256
3268,3263
3269,3258
3270,3257
3271,3264
3272,3260
3273,3264
3274,3266
3275,3267
3276,3265
3277,3266
3278,3267
3279,3271
3280,3268
3281,3273
3282,3274
3283,3275
3284,3273
3285,3275
3286,3276
3287,3276
3288,3281
3289,3278
3290,3277
3291,3281
3292,3285
3293,3283
3294,3284
3295,3283
3296,3289
3297,3288
3298,3289
3299,3290
3300,3289
3301,3290
3302,3294
3303,3296
3304,3297
3305,3296
3306,3300
3307,3299
3308,3297
3309,3299
3310,3298
3311,3305
3312,3300
3313,3304
3314,3307
3315,3306
3316,3309
3317,3307
3318,3305
3319,3309
3320,3311
3321,3314
3322,3317
3323,3314
3324,3318
3325,3315
3326,3316
3327,3319
3328,3316
3329,3320
3330,3322
3331,3322
3332,3326
3333,3324
3334,3322
3335,3324
3336,3328
3337,3327
3338,3326
3339,3331
3340,3330
3341,3332
3342,3335
3343,3334
3344,3334
3345,3336
3346,3333
3347,3339
3348,3335
3349,3342
3350,3338
3351,3341
3352,3346
3353,3341
3354,3344
3355,3344
3356,3343
3357,3346
3358,3349
3359,3348
3360,3352
3361,3350
3362,3356
3363,3350
3364,3353
3365,3353
3366,3355
3367,3359
3368,3361
3369,3357
3370,3365
3371,3358
3372,3363
3373,3360
3374,3364
3375,3367
3376,3364
3377,3368
3378,3366
3379,3366
3380,3374
3381,3368
3382,3373
3383,3374
3384,3373
3385,3374
3386,3375
3387,3376
3388,3381
3389,3376
3390,3379
3391,3379
3392,3380
3393,3386
3394,3381
3395,3388
3396,3384
3397,3386
3398,3391
3399,3386
3400,3390
3401,3391
3402,3389
3403,3397
3404,3390
3405,3395
3406,3397
3407,3397
3408,3399
3409,3395
3410,3400
3411,3400
3412,3404
3413,3404
3414,3403
3415,3406
3416,3405
3417,3407
3418,3411
3419,3408
3420,3408
3421,3413
3422,3409
3423,3411
3424,3412
3425,3416
3426,3416
3427,3413
3428,3421
3429,3419
3430,3418
3431,3424
3432,3420
3433,3427
3434,3424
3435,3424
3436,3429
3437,3427
3438,3430
3439,3430
3440,3430
3441,3432
3442,3429
3443,3433
3444,3432
3445,3433
3446,3435
3447,3431
3448,3440
3449,3437
3450,3437
3451,3442
3452,3439
3453,3446
3454,3444
3455,3444
3456,3444
3457,3443
3458,3451
3459,3448
3460,3450
3461,3450
3462,3453
3463,3453
3464,3454
3465,3451
3466,3456
3467,3455
3468,3455
3469,3463
3470,3460
3471,3460
3472,3463
3473,3459
3474,3465
3475,3462
3476,3466
3477,3468
3478,3466
3479,3471
3480,3467
3481,3473
3482,3472
3483,3473
3484,3476
3485,3471
3486,3475
3487,3475
3488,3475
3489,3479
3490,3477
3491,3479
3492,3479
3493,3480
3494,3484
3495,3480
3496,3488
3497,3485
3498,3484
3499,3491
3500,3490
3501,3491
3502,3492
3503,3491
3504,3493
3505,3492
3506,3498
3507,3495
3508,3494
3509,3500
3510,3503
3511,3500
3512,3504
3513,3500
3514,3504
3515,3501
3516,3505
3517,3507
3518,3508
3519,3511
3520,3508
3521,3511
3522,3515
3523,3510
3524,3512
3525,3517
3526,3513
3527,3519
3528,3516
3529,3518
3530,3522
3531,3519
3532,3525
3533,3519
3534,3522
3535,3524
3536,3524
3537,3527
3538,3525
3539,3527
3540,3528
3541,3525
3542,3528
3543,3530
3544,3530
3545,3537
3546,3536
3547,3537
3548,3538
3549,3538
3550,3541
3551,3540
3552,3544
3553,3541
3554,3540
3555,3547
3556,3545
3557,3543
3558,3549
3559,3549
3560,3551
3561,3547
3562,3550
3563,3552
3564,3550
3565,3557
3566,3557
3567,3555
3568,3560
3569,3558
3570,3559
3571,3558
3572,3561
3573,3561
3574,3561
3575,3567
3576,3562
3577,3563
3578,3570
3579,3568
3580,3570
3581,3570
3582,3571
3583,3575
3584,3572
3585,3572
3586,3574
3587,3572
3588,3580
3589,3574
3590,3578
3591,3579
3592,3581
3593,3583
3594,3579
3595,3584
3596,3587
3597,3584
3598,3588
3599,3587
3600,3588
3601,3591
3602,3588
3603,3592
3604,3592
3605,3592
3606,3594
3607,3595
3608,3596
3609,3598
3610,3594
3611,3603
3612,3600
3613,3599
3614,3602
3615,3599
3616,3599
3617,3605
3618,3606
3619,3611
3620,3609
3621,3611
3622,3611
3623,3608
3624,3612
3625,3614
3626,3616
3627,3617
3628,3615
3629,3620
3630,3616
3631,3622
3632,3617
3633,3620
3634,3620
3635,3618
3636,3624
3637,3625
3638,3624
3639,3628
3640,3625
3641,3628
3642,3632
3643,3630
3644,3634
3645,3633
3646,3633
3647,3636
3648,3632
3649,3640
3650,3638
3651,3637
3652,3641
3653,3640
3654,3641
3655,3640
3656,3643
3657,3646
3658,3643
3659,3648
3660,3647
3661,3646
3662,3651
3663,3646
3664,3655
3665,3655
3666,3653
3667,3655
3668,3656
3669,3658
3670,3656
3671,3660
3672,3663
3673,3658
3674,3662
3675,3663
3676,3661
3677,3668
3678,3664
3679,3669
3680,3668
3681,3667
3682,3673
3683,3670
3684,3673
3685,3674
3686,3674
3687,3677
3688,3675
3689,3678
3690,3676
3691,3677
3692,3682
3693,3679
3694,3678
3695,3686
3696,3684
3697,3683
3698,3685
3699,3683
3700,3687
3701,3685
3702,3692
3703,3693
3704,3689
3705,3692
3706,3692
3707,3693
3708,3695
3709,3695
3710,3700
3711,3696
3712,3702
3713,3701
3714,3702
3715,3706
3716,3703
3717,3706
3718,3706
3719,3707
3720,3706
3721,3707
3722,3713
3723,3709
3724,3707
3725,3711
3726,3715
3727,3715
3728,3717
3729,3714
3730,3717
3731,3715
3732,3719
3733,3723
3734,3718
3735,3724
3736,3722
3737,3724
3738,3723
3739,3722
3740,3729
3741,3730
3742,3727
3743,3730
3744,3729
3745,3730
3746,3733
3747,3731
3748,3736
3749,3739
3750,3735
3751,3742
3752,3739
3753,3742
3754,3743
3755,3739
3756,3746
3757,3744
3758,3742
3759,3745
3760,3745
3761,3754
3762,3749
3763,3753
3764,3750
3765,3750
3766,3753
3767,3755
3768,3755
3769,3755
3770,3760
3771,3760
3772,3757
3773,3759
3774,3760
3775,3763
3776,3765
3777,3763
3778,3765
3779,3768
3780,3765
3781,3772
3782,3768
3783,3771
3784,3770
3785,3769
3786,3772
3787,3772
3788,3773
3789,3781
3790,3778
3791,3778
3792,3781
3793,3782
3794,3781
3795,3779
3796,3786
3797,3783
3798,3785
3799,3789
3800,3787
3801,3787
3802,3789
3803,3790
3804,3791
3805,3793
3806,3792
3807,3796
3808,3796
3809,3797
3810,3795
3811,3799
3812,3802
3813,3800
3814,3802
3815,3801
3816,3805
3817,3808
3818,3800
3819,3807
3820,3808
3821,3810
3822,3813
3823,3808
3824,3810
3825,3812
3826,3813
3827,3813
3828,3812
3829,3815
3830,3818
3831,3820
3832,3822
3833,3823
3834,3823
3835,3825
3836,3820
3837,3825
3838,3823
3839,3828
3840,3827
3841,3827
3842,3830
3843,3833
3844,3830
3845,3834
3846,3830
3847,3834
3848,3834
3849,3838
3850,3841
3851,3837
3852,3839
3853,3841
3854,3841
3855,3845
3856,3839
3857,3846
3858,3844
3859,3845
3860,3851
3861,3847
3862,3848
3863,3850
3864,3851
3865,3857
3866,3850
3867,3853
3868,3853
3869,3856
3870,3860
3871,3859
3872,3861
3873,3860
3874,3862
3875,3866
3876,3864
3877,3863
3878,3864
3879,3867
3880,3870
3881,3870
3882,3865
3883,3871
3884,3872
3885,3873
3886,3875
3887,3875
3888,3880
3889,3876
3890,3875
3891,3881
3892,3875
3893,3880
3894,3881
3895,3883
3896,3884
3897,3882
3898,3886
3899,3885
3900,3888
3901,3892
3902,3887
3903,3894
3904,3890
3905,3894
3906,3895
3907,3896
3908,3895
3909,3897
3910,3898
3911,3899
3912,3899
3913,3900
3914,3902
3915,3901
3916,3903
3917,3901
3918,3906
3919,3903
3920,3908
3921,3908
3922,3906
3923,3913
3924,3910
3925,3914
3926,3915
3927,3913
3928,3916
3929,3916
3930,3915
3931,3918
3932,3919
3933,3921
3934,3924
3935,3920
3936,3926
3937,3922
3938,3927
3939,3930
3940,3924
3941,3929
3942,3930
3943,3928
3944,3933
3945,3931
3946,3937
3947,3935
3948,3935
3949,3938
3950,3935
3951,3936
3952,3937
3953,3940
3954,3941
3955,3940
3956,3943
3957,3945
3958,3946
3959,3946
3960,3946
3961,3951
3962,3947
3963,3951
3964,3951
3965,3950
3966,3956
3967,3954
3968,3954
3969,3959
3970,3957
3971,3958
3972,3960
3973,3960
3974,3960
3975,3964
3976,3960
3977,3967
3978,3963
3979,3968
3980,3968
3981,3965
3982,3971
3983,3968
3984,3970
3985,3971
3986,3973
3987,3975
3988,3975
3989,3977
3990,3978
3991,3978
3992,3979
3993,3977
3994,3979
3995,3981
3996,3982
3997,3987
3998,3985
3999,3988
4000,3986
4001,3983
4002,3989
4003,3987
4004,3989
4005,3994
4006,3990
4007,3998
4008,3993
4009,3997
4010,3996
4011,3995
4012,3999
4013,3999
4014,4003
4015,4005
4016,4004
4017,4008
4018,4003
4019,4004
4020,4009
4021,4006
4022,4009
4023,4014
4024,4010
4025,4014
4026,4012
4027,4014
4028,4019
4029,4013
4030,4019
4031,4017
4032,4017
4033,4020
4034,4018
4035,4023
4036,4021
4037,4025
4038,4028
4039,4027
4040,4030
4041,4029
4042,4028
4043,4031
4044,4030
4045,4033
4046,4034
4047,4034
4048,4035
4049,4033
4050,4039
4051,4037
4052,4036
4053,4041
4054,4041
4055,4043
4056,4045
4057,4041
4058,4049
4059,4042
4060,4051
4061,4050
4062,4047
4063,4053
4064,4049
4065,4053
4066,4055
4067,4052
4068,4055
4069,4057
4070,4056
4071,4062
4072,4060
4073,4061
4074,4063
4075,4063
4076,4066
4077,4060
4078,4064
4079,4068
4080,4066
4081,4071
4082,4066
4083,4069
4084,4069
4085,4072
4086,4073
4087,4073
4088,4077
4089,4077
4090,4074
4091,4086
4092,4074
4093,4078
4094,4076
4095,4077
