0,8
1,7
2,3
3,6
4,7
5,7
6,8
7,8
8,9
9,8
10,13
11,11
12,12
13,16
14,15
15,16
16,18
17,16
18,20
19,19
20,21
21,23
22,22
23,28
24,23
25,24
26,25
27,27
28,32
29,30
30,30
31,34
32,31
33,35
34,32
35,37
36,39
37,37
38,40
39,40
40,42
41,44
42,43
43,45
44,44
45,45
46,47
47,48
48,52
49,48
50,52
51,54
52,51
53,53
54,54
55,57
56,57
57,57
58,58
59,58
60,60
61,64
62,62
63,65
64,65
65,68
66,66
67,67
68,69
69,69
70,71
71,73
72,72
73,76
74,75
75,75
76,75
77,78
78,77
79,82
80,81
81,80
82,83
83,81
84,84
85,83
86,88
87,87
88,84
89,89
90,88
91,90
92,91
93,95
94,92
95,94
96,97
97,98
98,96
99,102
100,98
101,100
102,103
103,102
104,106
105,106
106,107
107,110
108,108
109,111
110,110
111,113
112,113
113,112
114,117
115,116
116,117
117,117
118,117
119,119
120,117
121,120
122,124
123,121
124,126
125,125
126,124
127,129
128,125
129,132
130,129
131,132
132,131
133,130
134,134
135,135
136,137
137,137
138,134
139,138
140,143
141,142
142,143
143,142
144,144
145,147
146,144
147,149
148,149
149,149
150,153
151,150
152,152
153,151
154,152
155,158
156,154
157,156
158,159
159,159
160,160
161,159
162,162
163,164
164,165
165,167
166,166
167,168
168,169
169,168
170,172
171,170
172,171
173,171
174,172
175,176
176,176
177,179
178,177
179,176
180,179
181,180
182,184
183,185
184,181
185,189
186,183
187,185
188,187
189,188
190,190
191,189
192,191
193,192
194,190
195,196
196,198
197,193
198,197
199,197
200,201
201,203
202,198
203,202
204,202
205,206
206,205
207,205
208,208
209,209
210,209
211,213
212,209
213,215
214,213
215,214
216,216
217,215
218,220
219,217
220,218
221,220
222,221
223,222
224,224
225,223
226,228
227,222
228,230
229,226
230,229
231,232
232,227
233,234
234,232
235,232
236,238
237,234
238,238
239,238
240,240
241,240
242,239
243,242
244,244
245,245
246,247
247,242
248,251
249,249
250,251
251,252
252,251
253,252
254,255
255,253
256,259
257,258
258,257
259,260
260,258
261,262
262,262
263,262
264,265
265,263
266,265
267,267
268,267
269,272
270,268
271,272
272,272
273,271
274,277
275,274
276,275
277,278
278,276
279,283
280,278
281,279
282,283
283,282
284,283
285,284
286,288
287,289
288,285
289,292
290,290
291,291
292,294
293,291
294,294
295,298
296,298
297,297
298,295
299,302
300,299
301,301
302,305
303,304
304,305
305,305
306,303
307,306
308,307
309,309
310,310
311,309
312,315
313,313
314,313
315,315
316,314
317,319
318,318
319,318
320,320
321,320
322,323
323,321
324,325
325,325
326,326
327,327
328,328
329,329
330,332
331,330
332,332
333,333
334,335
335,338
336,333
337,336
338,337
339,336
340,339
341,340
342,343
343,343
344,341
345,346
346,343
347,346
348,348
349,347
350,350
351,350
352,351
353,350
354,353
355,356
356,352
357,356
358,359
359,359
360,363
361,359
362,363
363,361
364,364
365,365
366,365
367,367
368,368
369,367
370,368
371,370
372,368
373,372
374,371
375,374
376,374
377,378
378,379
379,375
380,378
381,382
382,381
383,386
384,381
385,385
386,388
387,382
388,389
389,389
390,389
391,389
392,390
393,394
394,390
395,393
396,397
397,397
398,400
399,396
400,400
401,402
402,400
403,404
404,405
405,406
406,405
407,405
408,408
409,408
410,410
411,412
412,410
413,415
414,412
415,415
416,415
417,416
418,419
419,417
420,421
421,421
422,418
423,422
424,427
425,420
426,424
427,425
428,428
429,432
430,429
431,433
432,430
433,431
434,434
435,434
436,435
437,435
438,437
439,441
440,436
441,440
442,439
443,441
444,446
445,440
446,446
447,448
448,445
449,450
450,443
451,451
452,448
453,452
454,457
455,454
456,458
457,454
458,456
459,461
460,458
461,462
462,462
463,459
464,467
465,463
466,465
467,464
468,464
469,468
470,469
471,468
472,469
473,469
474,474
475,473
476,476
477,475
478,475
479,480
480,478
481,477
482,481
483,480
484,481
485,485
486,484
487,488
488,487
489,486
490,491
491,489
492,492
493,492
494,490
495,495
496,494
497,499
498,493
499,500
500,501
501,497
502,500
503,501
504,504
505,504
506,501
507,505
508,505
509,510
510,511
511,508
512,512
513,510
514,510
515,514
516,513
517,514
518,516
519,518
520,519
521,518
522,523
523,521
524,521
525,527
526,524
527,528
528,526
529,525
530,529
531,526
532,530
533,532
534,533
535,536
536,531
537,535
538,540
539,536
540,539
541,540
542,540
543,542
544,540
545,543
546,543
547,546
548,548
549,544
550,549
551,550
552,550
553,551
554,551
555,552
556,554
557,553
558,558
559,554
560,558
561,558
562,558
563,562
564,562
565,562
566,563
567,563
568,568
569,568
570,567
571,569
572,568
573,571
574,571
575,572
576,573
577,574
578,579
579,573
580,580
581,578
582,577
583,581
584,579
585,584
586,584
587,583
588,588
589,585
590,587
591,590
592,587
593,592
594,593
595,589
596,595
597,594
598,597
599,600
600,594
601,599
602,598
603,603
604,603
605,603
606,605
607,605
608,604
609,609
610,604
611,609
612,609
613,612
614,614
615,611
616,614
617,615
618,616
619,620
620,617
621,619
622,619
623,619
624,622
625,622
626,626
627,623
628,626
629,630
630,625
631,629
632,630
633,631
634,633
635,630
636,633
637,634
638,634
639,640
640,636
641,637
642,639
643,638
644,645
645,639
646,646
647,644
648,645
649,648
650,648
651,647
652,653
653,652
654,654
655,651
656,652
657,658
658,655
659,657
660,658
661,660
662,661
663,658
664,661
665,665
666,660
667,667
668,664
669,665
670,669
671,665
672,672
673,668
674,672
675,673
676,674
677,673
678,675
679,677
680,680
681,679
682,683
683,681
684,684
685,682
686,684
687,687
688,687
689,687
690,686
691,689
692,690
693,690
694,690
695,692
696,692
697,697
698,692
699,695
700,701
701,698
702,701
703,701
704,702
705,702
706,702
707,705
708,708
709,703
710,710
711,708
712,711
713,711
714,711
715,712
716,712
717,714
718,717
719,713
720,720
721,717
722,721
723,723
724,719
725,722
726,725
727,724
728,727
729,724
730,727
731,730
732,726
733,731
734,730
735,733
736,731
737,735
738,737
739,738
740,737
741,739
742,741
743,743
744,738
745,745
746,746
747,744
748,747
749,745
750,746
751,748
752,750
753,751
754,750
755,755
756,756
757,753
758,759
759,757
760,760
761,758
762,760
763,763
764,762
765,763
766,769
767,764
768,763
769,770
770,766
771,770
772,771
773,772
774,775
775,771
776,777
777,773
778,775
779,780
780,777
781,780
782,778
783,781
784,782
785,782
786,785
787,783
788,784
789,790
790,786
791,791
792,792
793,791
794,793
795,793
796,795
797,795
798,799
799,798
800,798
801,801
802,801
803,803
804,805
805,801
806,807
807,808
808,806
809,811
810,808
811,809
812,812
813,809
814,815
815,811
816,816
817,812
818,817
819,819
820,818
821,819
822,823
823,820
824,824
825,823
826,822
827,827
828,824
829,831
830,830
831,829
832,832
833,831
834,832
835,831
836,832
837,834
838,833
839,837
840,838
841,837
842,843
843,837
844,843
845,846
846,846
847,848
848,844
849,847
850,846
851,850
852,854
853,852
854,851
855,853
856,854
857,858
858,853
859,860
860,857
861,859
862,861
863,862
864,863
865,864
866,863
867,867
868,866
869,869
870,871
871,867
872,871
873,869
874,872
875,876
876,875
877,875
878,880
879,876
880,880
881,877
882,879
883,884
884,880
885,886
886,886
887,889
888,889
889,884
890,889
891,891
892,893
893,891
894,892
895,895
896,896
897,894
898,896
899,895
900,899
901,899
902,900
903,905
904,900
905,907
906,905
907,905
908,912
909,904
910,913
911,908
912,909
913,915
914,912
915,914
916,915
917,917
918,920
919,915
920,918
921,921
922,920
923,923
924,922
925,925
926,924
927,924
928,928
929,926
930,932
931,932
932,928
933,934
934,934
935,933
936,936
937,932
938,939
939,938
940,936
941,944
942,938
943,941
944,944
945,943
946,945
947,945
948,946
949,949
950,950
951,950
952,951
953,953
954,953
955,952
956,958
957,955
958,957
959,958
960,955
961,962
962,958
963,963
964,964
965,964
966,963
967,964
968,965
969,971
970,968
971,972
972,969
973,973
974,973
975,973
976,975
977,977
978,978
979,980
980,978
981,980
982,978
983,984
984,984
985,983
986,985
987,987
988,988
989,990
990,985
991,992
992,995
993,991
994,995
995,993
996,993
997,996
998,994
999,1000
1000,999
1001,999
1002,1001
1003,998
1004,1004
1005,1003
1006,1003
1007,1006
1008,1006
1009,1008
1010,1010
1011,1009
1012,1013
1013,1011
1014,1015
1015,1012
1016,1012
1017,1017
1018,1014
1019,1017
1020,1018
1021,1017
1022,1021
1023,1018
1024,1022
1025,1024
1026,1022
1027,1027
1028,1027
1029,1028
1030,1027
1031,1028
1032,1033
1033,1029
1034,1032
1035,1032
1036,1035
1037,1036
1038,1033
1039,1039
1040,1042
1041,1039
1042,1039
1043,1043
1044,1043
1045,1044
1046,1041
1047,1044
1048,1048
1049,1046
1050,1052
1051,1048
1052,1052
1053,1051
1054,1051
1055,1055
1056,1055
1057,1056
1058,1055
1059,1058
1060,1058
1061,1059
1062,1060
1063,1062
1064,1061
1065,1067
1066,1064
1067,1065
1068,1066
1069,1066
1070,1071
1071,1068
1072,1071
1073,1074
1074,1070
1075,1076
1076,1072
1077,1074
1078,1080
1079,1074
1080,1079
1081,1077
1082,1081
1083,1080
1084,1082
1085,1086
1086,1077
1087,1085
1088,1086
1089,1086
1090,1087
1091,1092
1092,1087
1093,1093
1094,1092
1095,1093
1096,1094
1097,1093
1098,1099
1099,1098
1100,1096
1101,1100
1102,1097
1103,1103
1104,1102
1105,1104
1106,1103
1107,1107
1108,1107
1109,1110
1110,1108
1111,1112
1112,1108
1113,1114
1114,1110
1115,1113
1116,1115
1117,1114
1118,1118
1119,1117
1120,1118
1121,1122
1122,1121
1123,1123
1124,1122
1125,1122
1126,1127
1127,1122
1128,1126
1129,1129
1130,1128
1131,1130
1132,1130
1133,1129
1134,1132
1135,1131
1136,1137
1137,1134
1138,1136
1139,1141
1140,1135
1141,1139
1142,1142
1143,1140
1144,1145
1145,1140
1146,1146
1147,1146
1148,1143
1149,1148
1150,1145
1151,1150
1152,1154
1153,1152
1154,1155
1155,1149
1156,1152
1157,1155
1158,1153
1159,1160
1160,1158
1161,1160
1162,1160
1163,1160
1164,1161
1165,1164
1166,1162
1167,1164
1168,1163
1169,1166
1170,1167
1171,1171
1172,1172
1173,1168
1174,1172
1175,1172
1176,1173
1177,1175
1178,1176
1179,1177
1180,1180
1181,1178
1182,1182
1183,1179
1184,1183
1185,1184
1186,1183
1187,1186
1188,1183
1189,1188
1190,1189
1191,1189
1192,1192
1193,1191
1194,1193
1195,1195
1196,1192
1197,1197
1198,1196
1199,1197
1200,1198
1201,1195
1202,1200
1203,1202
1204,1200
1205,1205
1206,1203
1207,1208
1208,1205
1209,1206
1210,1211
1211,1208
1212,1209
1213,1212
1214,1210
1215,1216
1216,1212
1217,1214
1218,1217
1219,1216
1220,1218
1221,1220
1222,1222
1223,1222
1224,1222
1225,1222
1226,1223
1227,1223
1228,1229
1229,1228
1230,1228
1231,1228
1232,1226
1233,1231
1234,1231
1235,1233
1236,1236
1237,1234
1238,1239
1239,1237
1240,1241
1241,1243
1242,1237
1243,1241
1244,1241
1245,1244
1246,1245
1247,1244
1248,1246
1249,1245
1250,1250
1251,1250
1252,1251
1253,1251
1254,1253
1255,1256
1256,1258
1257,1256
1258,1258
1259,1255
1260,1257
1261,1262
1262,1259
1263,1261
1264,1262
1265,1262
1266,1267
1267,1263
1268,1267
1269,1269
1270,1266
1271,1270
1272,1270
1273,1273
1274,1273
1275,1274
1276,1274
1277,1275
1278,1275
1279,1280
1280,1277
1281,1282
1282,1283
1283,1282
1284,1284
1285,1283
1286,1285
1287,1286
1288,1284
1289,1287
1290,1288
1291,1292
1292,1292
1293,1289
1294,1294
1295,1290
1296,1296
1297,1293
1298,1294
1299,1299
1300,1297
1301,1300
1302,1298
1303,1299
1304,1305
1305,1300
1306,1304
1307,1307
1308,1306
1309,1311
1310,1305
1311,1311
1312,1310
1313,1308
1314,1315
1315,1312
1316,1314
1317,1316
1318,1314
1319,1319
1320,1319
1321,1317
1322,1322
1323,1318
1324,1321
1325,1324
1326,1321
1327,1326
1328,1327
1329,1327
1330,1327
1331,1329
1332,1332
1333,1327
1334,1331
1335,1333
1336,1329
1337,1336
1338,1333
1339,1337
1340,1341
1341,1338
1342,1341
1343,1340
1344,1340
1345,1345
1346,1343
1347,1348
1348,1346
1349,1348
1350,1349
1351,1347
1352,1353
1353,1352
1354,1351
1355,1353
1356,1351
1357,1357
1358,1355
1359,1355
1360,1358
1361,1356
1362,1363
1363,1360
1364,1363
1365,1365
1366,1365
1367,1366
1368,1367
1369,1367
1370,1368
1371,1367
1372,1371
1373,1374
1374,1369
1375,1376
1376,1375
1377,1374
1378,1379
1379,1375
1380,1380
1381,1379
1382,1379
1383,1385
1384,1379
1385,1383
1386,1380
1387,1385
1388,1385
1389,1384
1390,1390
1391,1391
1392,1390
1393,1392
1394,1392
1395,1394
1396,1392
1397,1397
1398,1400
1399,1395
1400,1397
1401,1397
1402,1397
1403,1405
1404,1399
1405,1405
1406,1401
1407,1402
1408,1409
1409,1406
1410,1407
1411,1410
1412,1410
1413,1410
1414,1411
1415,1413
1416,1414
1417,1412
1418,1419
1419,1419
1420,1418
1421,1421
1422,1421
1423,1424
1424,1421
1425,1424
1426,1423
1427,1422
1428,1423
1429,1429
1430,1427
1431,1431
1432,1430
1433,1432
1434,1434
1435,1430
1436,1436
1437,1435
1438,1435
1439,1438
1440,1435
1441,1440
1442,1437
1443,1442
1444,1444
1445,1439
1446,1446
1447,1443
1448,1443
1449,1449
1450,1444
1451,1448
1452,1450
1453,1449
1454,1454
1455,1449
1456,1456
1457,1452
1458,1456
1459,1457
1460,1455
1461,1460
1462,1465
1463,1460
1464,1463
1465,1464
1466,1464
1467,1465
1468,1461
1469,1468
1470,1468
1471,1466
1472,1473
1473,1470
1474,1471
1475,1470
1476,1471
1477,1474
1478,1472
1479,1476
1480,1479
1481,1475
1482,1480
1483,1481
1484,1481
1485,1483
1486,1483
1487,1488
1488,1483
1489,1488
1490,1489
1491,1486
1492,1490
1493,1486
1494,1493
1495,1493
1496,1493
1497,1493
1498,1495
1499,1495
1500,1496
1501,1498
1502,1500
1503,1499
1504,1501
1505,1502
1506,1503
1507,1506
1508,1506
1509,1506
1510,1506
1511,1509
1512,1509
1513,1509
1514,1508
1515,1512
1516,1510
1517,1515
1518,1516
1519,1514
1520,1516
1521,1518
1522,1519
1523,1522
1524,1518
1525,1525
1526,1520
1527,1525
1528,1527
1529,1521
1530,1528
1531,1527
1532,1527
1533,1529
1534,1530
1535,1530
1536,1531
1537,1534
1538,1538
1539,1535
1540,1539
1541,1535
1542,1540
1543,1540
1544,1537
1545,1543
1546,1541
1547,1542
1548,1544
1549,1546
1550,1549
1551,1545
1552,1551
1553,1552
1554,1550
1555,1548
1556,1555
1557,1550
1558,1558
1559,1555
1560,1554
1561,1561
1562,1556
1563,1560
1564,1561
1565,1558
1566,1564
1567,1563
1568,1567
1569,1566
1570,1566
1571,1570
1572,1569
1573,1571
1574,1572
1575,1570
1576,1574
1577,1571
1578,1576
1579,1574
1580,1575
1581,1579
1582,1576
1583,1579
1584,1578
1585,1581
1586,1583
1587,1581
1588,1585
1589,1584
1590,1587
1591,1591
1592,1586
1593,1588
1594,1592
1595,1589
1596,1595
1597,1596
1598,1595
1599,1598
1600,1595
1601,1598
1602,1600
1603,1595
1604,1603
1605,1600
1606,1603
1607,1602
1608,1601
1609,1606
1610,1603
1611,1606
1612,1608
1613,1607
1614,1614
1615,1608
1616,1611
1617,1616
1618,1612
1619,1615
1620,1613
1621,1615
1622,1618
1623,1616
1624,1620
1625,1621
1626,1623
1627,1624
1628,1621
1629,1626
1630,1626
1631,1628
1632,1627
1633,1628
1634,1631
1635,1629
1636,1632
1637,1635
1638,1634
1639,1637
1640,1637
1641,1637
1642,1639
1643,1639
1644,1640
1645,1644
1646,1642
1647,1643
1648,1643
1649,1644
1650,1647
1651,1647
1652,1648
1653,1647
1654,1648
1655,1654
1656,1649
1657,1652
1658,1650
1659,1653
1660,1658
1661,1654
1662,1659
1663,1657
1664,1661
1665,1662
1666,1659
1667,1664
1668,1663
1669,1661
1670,1668
1671,1666
1672,1669
1673,1667
1674,1667
1675,1672
1676,1672
1677,1675
1678,1673
1679,1674
1680,1676
1681,1674
1682,1681
1683,1679
1684,1679
1685,1684
1686,1679
1687,1685
1688,1683
1689,1681
1690,1686
1691,1688
1692,1688
1693,1690
1694,1687
1695,1689
1696,1692
1697,1693
1698,1693
1699,1692
1700,1694
1701,1696
1702,1695
1703,1700
1704,1697
1705,1703
1706,1702
1707,1700
1708,1703
1709,1702
1710,1706
1711,1709
1712,1704
1713,1707
1714,1707
1715,1710
1716,1712
1717,1713
1718,1716
1719,1713
1720,1716
1721,1716
1722,1717
1723,1720
1724,1717
1725,1719
1726,1721
1727,1719
1728,1725
1729,1725
1730,1725
1731,1727
1732,1725
1733,1731
1734,1727
1735,1732
1736,1734
1737,1732
1738,1735
1739,1737
1740,1734
1741,1739
1742,1736
1743,1739
1744,1743
1745,1740
1746,1741
1747,1740
1748,1745
1749,1744
1750,1742
1751,1749
1752,1746
1753,1748
1754,1750
1755,1751
1756,1755
1757,1752
1758,1754
1759,1758
1760,1752
1761,1758
1762,1757
1763,1759
1764,1763
1765,1758
1766,1765
1767,1763
1768,1765
1769,1768
1770,1765
1771,1769
1772,1766
1773,1770
1774,1770
1775,1770
1776,1771
1777,1772
1778,1775
1779,1775
1780,1775
1781,1778
1782,1779
1783,1778
1784,1780
1785,1778
1786,1779
1787,1785
1788,1781
1789,1786
1790,1787
1791,1785
1792,1789
1793,1786
1794,1789
1795,1793
1796,1790
1797,1796
1798,1791
1799,1795
1800,1796
1801,1795
1802,1800
1803,1799
1804,1802
1805,1799
1806,1800
1807,1805
1808,1804
1809,1803
1810,1807
1811,1804
1812,1811
1813,1807
1814,1812
1815,1811
1816,1812
1817,1814
1818,1813
1819,1816
1820,1815
1821,1813
1822,1819
1823,1818
1824,1819
1825,1820
1826,1821
1827,1825
1828,1822
1829,1826
1830,1828
1831,1827
1832,1829
1833,1827
1834,1828
1835,1834
1836,1830
1837,1834
1838,1834
1839,1833
1840,1835
1841,1837
1842,1838
1843,1842
1844,1837
1845,1841
1846,1842
1847,1843
1848,1846
1849,1844
1850,1848
1851,1847
1852,1847
1853,1850
1854,1846
1855,1854
1856,1850
1857,1851
1858,1854
1859,1855
1860,1856
1861,1854
1862,1858
1863,1860
1864,1862
1865,1862
1866,1863
1867,1861
1868,1865
1869,1862
1870,1864
1871,1866
1872,1868
1873,1870
1874,1867
1875,1870
1876,1871
1877,1872
1878,1877
1879,1877
1880,1875
1881,1879
1882,1878
1883,1881
1884,1880
1885,1881
1886,1882
1887,1881
1888,1885
1889,1883
1890,1886
1891,1889
1892,1887
1893,1889
1894,1888
1895,1888
1896,1895
1897,1892
1898,1892
1899,1895
1900,1895
1901,1898
1902,1898
1903,1902
1904,1901
1905,1902
1906,1904
1907,1903
1908,1903
1909,1903
1910,1903
1911,1907
1912,1906
1913,1908
1914,1912
1915,1908
1916,1913
1917,1912
1918,1913
1919,1917
1920,1913
1921,1916
1922,1918
1923,1917
1924,1919
1925,1921
1926,1922
1927,1925
1928,1922
1929,1927
1930,1923
1931,1928
1932,1930
1933,1925
1934,1934
1935,1928
1936,1933
1937,1933
1938,1934
1939,1933
1940,1936
1941,1935
1942,1937
1943,1935
1944,1942
1945,1939
1946,1940
1947,1945
1948,1943
1949,1947
1950,1943
1951,1947
1952,1951
1953,1946
1954,1951
1955,1952
1956,1949
1957,1952
1958,1954
1959,1957
1960,1957
1961,1957
1962,1960
1963,1959
1964,1960
1965,1961
1966,1958
1967,1963
1968,1963
1969,1967
1970,1963
1971,1967
1972,1969
1973,1967
1974,1970
1975,1974
1976,1970
1977,1971
1978,1973
1979,1974
1980,1977
1981,1973
1982,1975
1983,1980
1984,1979
1985,1980
1986,1979
1987,1982
1988,1983
1989,1984
1990,1988
1991,1986
1992,1989
1993,1988
1994,1988
1995,1993
1996,1988
1997,1994
1998,1993
1999,1994
2000,1995
2001,2000
2002,1997
2003,1997
2004,2000
2005,2003
2006,1999
2007,2003
2008,2004
2009,2002
2010,2009
2011,2009
2012,2006
2013,2009
2014,2009
2015,2012
2016,2013
2017,2014
2018,2014
2019,2018
2020,2016
2021,2017
2022,2018
2023,2021
2024,2020
2025,2019
2026,2026
2027,2020
2028,2027
2029,2025
2030,2025
2031,2028
2032,2022
2033,2029
2034,2029
2035,2032
2036,2035
2037,2032
2038,2036
2039,2036
2040,2035
2041,2041
2042,2035
2043,2041
2044,2040
2045,2039
2046,2044
2047,2043
2048,2046
2049,2045
2050,2046
2051,2051
2052,2045
2053,2051
2054,2049
2055,2049
2056,2052
2057,2050
2058,2057
2059,2055
2060,2056
2061,2057
2062,2057
2063,2058
2064,2062
2065,2058
2066,2064
2067,2063
2068,2063
2069,2067
2070,2064
2071,2066
2072,2066
2073,2069
2074,2072
2075,2068
2076,2072
2077,2072
2078,2071
2079,2079
2080,2075
2081,2077
2082,2080
2083,2076
2084,2082
2085,2078
2086,2085
2087,2083
2088,2082
2089,2086
2090,2083
2091,2087
2092,2088
2093,2088
2094,2092
2095,2092
2096,2090
2097,2093
2098,2092
2099,2098
2100,2096
2101,2098
2102,2097
2103,2099
2104,2100
2105,2099
2106,2103
2107,2103
2108,2103
2109,2105
2110,2106
2111,2104
2112,2107
2113,2109
2114,2108
2115,2111
2116,2110
2117,2114
2118,2113
2119,2114
2120,2116
2121,2112
2122,2118
2123,2120
2124,2120
2125,2124
2126,2119
2127,2122
2128,2124
2129,2126
2130,2128
2131,2124
2132,2128
2133,2129
2134,2130
2135,2132
2136,2131
2137,2132
2138,2132
2139,2132
2140,2137
2141,2137
2142,2137
2143,2137
2144,2137
2145,2145
2146,2141
2147,2143
2148,2145
2149,2142
2150,2147
2151,2145
2152,2147
2153,2150
2154,2149
2155,2151
2156,2148
2157,2152
2158,2156
2159,2153
2160,2154
2161,2159
2162,2155
2163,2160
2164,2159
2165,2159
2166,2162
2167,2162
2168,2167
2169,2164
2170,2164
2171,2168
2172,2165
2173,2169
2174,2167
2175,2170
2176,2172
2177,2172
2178,2174
2179,2174
2180,2174
2181,2180
2182,2177
2183,2180
2184,2179
2185,2183
2186,2185
2187,2180
2188,2183
2189,2184
2190,2186
2191,2188
2192,2186
2193,2190
2194,2186
2195,2191
2196,2193
2197,2190
2198,2195
2199,2194
2200,2198
2201,2195
2202,2194
2203,2202
2204,2198
2205,2198
2206,2202
2207,2204
2208,2202
2209,2209
2210,2204
2211,2207
2212,2209
2213,2209
2214,2210
2215,2209
2216,2213
2217,2212
2218,2212
2219,2218
2220,2214
2221,2218
2222,2218
2223,2217
2224,2221
2225,2221
2226,2220
2227,2224
2228,2219
2229,2225
2230,2225
2231,2226
2232,2225
2233,2229
2234,2232
2235,2227
2236,2234
2237,2230
2238,2232
2239,2234
2240,2233
2241,2237
2242,2238
2243,2238
2244,2240
2245,2238
2246,2242
2247,2244
2248,2241
2249,2244
2250,2243
2251,2246
2252,2247
2253,2245
2254,2249
2255,2249
2256,2249
2257,2254
2258,2251
2259,2254
2260,2257
2261,2252
2262,2257
2263,2256
2264,2257
2265,2263
2266,2259
2267,2263
2268,2260
2269,2262
2270,2264
2271,2263
2272,2270
2273,2269
2274,2270
2275,2271
2276,2271
2277,2272
2278,2272
2279,2273
2280,2277
2281,2279
2282,2278
2283,2277
2284,2280
2285,2282
2286,2281
2287,2281
2288,2282
2289,2282
2290,2288
2291,2285
2292,2286
2293,2286
2294,2286
2295,2289
2296,2287
2297,2290
2298,2293
2299,2293
2300,2298
2301,2295
2302,2296
2303,2299
2304,2295
2305,2300
2306,2302
2307,2301
2308,2302
2309,2302
2310,2304
2311,2307
2312,2306
2313,2307
2314,2310
2315,2310
2316,2310
2317,2311
2318,2316
2319,2312
2320,2315
2321,2317
2322,2313
2323,2321
2324,2318
2325,2322
2326,2318
2327,2322
2328,2323
2329,2323
2330,2327
2331,2325
2332,2325
2333,2328
2334,2326
2335,2331
2336,2329
2337,2331
2338,2331
2339,2331
2340,2335
2341,2338
2342,2335
2343,2339
2344,2336
2345,2338
2346,2346
2347,2341
2348,2345
2349,2345
2350,2344
2351,2345
2352,2347
2353,2347
2354,2350
2355,2349
2356,2347
2357,2350
2358,2351
2359,2354
2360,2351
2361,2357
2362,2357
2363,2359
2364,2362
2365,2360
2366,2360
2367,2362
2368,2358
2369,2363
2370,2361
2371,2364
2372,2366
2373,2369
2374,2372
2375,2369
2376,2371
2377,2372
2378,2375
2379,2374
2380,2374
2381,2375
2382,2376
2383,2376
2384,2378
2385,2378
2386,2382
2387,2383
2388,2383
2389,2384
2390,2385
2391,2385
2392,2388
2393,2387
2394,2391
2395,2389
2396,2393
2397,2394
2398,2391
2399,2394
2400,2395
2401,2393
2402,2398
2403,2396
2404,2402
2405,2401
2406,2398
2407,2401
2408,2403
2409,2402
2410,2406
2411,2405
2412,2410
2413,2404
2414,2410
2415,2409
2416,2411
2417,2414
2418,2410
2419,2416
2420,2411
2421,2412
2422,2419
2423,2419
2424,2419
2425,2418
2426,2417
2427,2421
2428,2421
2429,2426
2430,2423
2431,2426
2432,2430
2433,2425
2434,2427
2435,2428
2436,2427
2437,2429
2438,2434
2439,2433
2440,2439
2441,2433
2442,2437
2443,2437
2444,2437
2445,2440
2446,2438
2447,2443
2448,2438
2449,2442
2450,2442
2451,2446
2452,2444
2453,2450
2454,2448
2455,2452
2456,2447
2457,2449
2458,2451
2459,2448
2460,2457
2461,2455
2462,2454
2463,2456
2464,2459
2465,2458
2466,2460
2467,2459
2468,2461
2469,2460
2470,2462
2471,2467
2472,2467
2473,2466
2474,2464
2475,2472
2476,2471
2477,2471
2478,2476
2479,2470
2480,2475
2481,2475
2482,2473
2483,2476
2484,2474
2485,2478
2486,2479
2487,2478
2488,2480
2489,2482
2490,2481
2491,2485
2492,2485
2493,2489
2494,2489
2495,2490
2496,2492
2497,2487
2498,2494
2499,2490
2500,2491
2501,2496
2502,2492
2503,2498
2504,2500
2505,2499
2506,2503
2507,2498
2508,2502
2509,2505
2510,2503
2511,2507
2512,2502
2513,2505
2514,2510
2515,2510
2516,2509
2517,2512
2518,2510
2519,2513
2520,2514
2521,2515
2522,2515
2523,2516
2524,2519
2525,2515
2526,2520
2527,2521
2528,2523
2529,2526
2530,2522
2531,2524
2532,2528
2533,2525
2534,2532
2535,2526
2536,2532
2537,2535
2538,2531
2539,2536
2540,2534
2541,2538
2542,2539
2543,2535
2544,2538
2545,2540
2546,2541
2547,2538
2548,2539
2549,2542
2550,2541
2551,2543
2552,2549
2553,2548
2554,2551
2555,2547
2556,2550
2557,2552
2558,2552
2559,2555
2560,2553
2561,2555
2562,2557
2563,2553
2564,2558
2565,2558
2566,2558
2567,2565
2568,2561
2569,2563
2570,2562
2571,2563
2572,2567
2573,2566
2574,2567
2575,2568
2576,2570
2577,2574
2578,2574
2579,2571
2580,2578
2581,2572
2582,2577
2583,2577
2584,2576
2585,2580
2586,2579
2587,2581
2588,2582
2589,2579
2590,2588
2591,2584
2592,2584
2593,2589
2594,2587
2595,2591
2596,2586
2597,2592
2598,2594
2599,2590
2600,2596
2601,2594
2602,2594
2603,2597
2604,2599
2605,2599
2606,2599
2607,2600
2608,2599
2609,2602
2610,2603
2611,2605
2612,2607
2613,2604
2614,2606
2615,2611
2616,2606
2617,2609
2618,2613
2619,2608
2620,2614
2621,2611
2622,2618
2623,2619
2624,2615
2625,2620
2626,2623
2627,2617
2628,2621
2629,2624
2630,2622
2631,2623
2632,2623
2633,2629
2634,2628
2635,2631
2636,2631
2637,2627
2638,2630
2639,2631
2640,2631
2641,2637
2642,2633
2643,2638
2644,2634
2645,2639
2646,2642
2647,2639
2648,2643
2649,2645
2650,2641
2651,2649
2652,2643
2653,2648
2654,2645
2655,2646
2656,2649
2657,2648
2658,2652
2659,2655
2660,2653
2661,2657
2662,2656
2663,2660
2664,2655
2665,2659
2666,2659
2667,2661
2668,2665
2669,2662
2670,2663
2671,2665
2672,2662
2673,2667
2674,2667
2675,2666
2676,2671
2677,2668
2678,2673
2679,2672
2680,2671
2681,2676
2682,2679
2683,2677
2684,2679
2685,2675
2686,2681
2687,2682
2688,2678
2689,2684
2690,2683
2691,2683
2692,2683
2693,2688
2694,2687
2695,2685
2696,2689
2697,2688
2698,2689
2699,2691
2700,2691
2701,2693
2702,2696
2703,2696
2704,2696
2705,2695
2706,2698
2707,2699
2708,2697
2709,2705
2710,2703
2711,2704
2712,2704
2713,2704
2714,2706
2715,2704
2716,2706
2717,2712
2718,2709
2719,2712
2720,2716
2721,2710
2722,2719
2723,2715
2724,2714
2725,2719
2726,2718
2727,2720
2728,2719
2729,2721
2730,2722
2731,2724
2732,2727
2733,2727
2734,2727
2735,2730
2736,2724
2737,2730
2738,2728
2739,2728
2740,2736
2741,2731
2742,2738
2743,2736
2744,2735
2745,2740
2746,2734
2747,2741
2748,2740
2749,2742
2750,2743
2751,2741
2752,2744
2753,2743
2754,2746
2755,2747
2756,2748
2757,2748
2758,2748
2759,2750
2760,2752
2761,2754
2762,2757
2763,2756
2764,2757
2765,2757
2766,2759
2767,2758
2768,2764
2769,2762
2770,2761
2771,2762
2772,2761
2773,2766
2774,2762
2775,2766
2776,2769
2777,2765
2778,2769
2779,2768
2780,2774
2781,2776
2782,2771
2783,2778
2784,2777
2785,2775
2786,2778
2787,2776
2788,2780
2789,2781
2790,2783
2791,2782
2792,2785
2793,2785
2794,2783
2795,2787
2796,2790
2797,2785
2798,2794
2799,2790
2800,2789
2801,2791
2802,2791
2803,2798
2804,2795
2805,2795
2806,2799
2807,2796
2808,2804
2809,2798
2810,2802
2811,2805
2812,2804
2813,2804
2814,2806
2815,2803
2816,2808
2817,2807
2818,2809
2819,2810
2820,2812
2821,2814
2822,2814
2823,2816
2824,2820
2825,2815
2826,2820
2827,2817
2828,2818
2829,2821
2830,2822
2831,2825
2832,2824
2833,2823
2834,2828
2835,2824
2836,2829
2837,2832
2838,2831
2839,2832
2840,2832
2841,2834
2842,2832
2843,2832
2844,2839
2845,2838
2846,2840
2847,2838
2848,2841
2849,2841
2850,2843
2851,2843
2852,2844
2853,2842
2854,2846
2855,2845
2856,2846
2857,2849
2858,2846
2859,2852
2860,2853
2861,2854
2862,2860
2863,2856
2864,2855
2865,2857
2866,2855
2867,2861
2868,2859
2869,2863
2870,2862
2871,2859
2872,2864
2873,2866
2874,2865
2875,2867
2876,2864
2877,2873
2878,2871
2879,2869
2880,2873
2881,2869
2882,2873
2883,2874
2884,2873
2885,2880
2886,2878
2887,2879
2888,2878
2889,2883
2890,2885
2891,2881
2892,2883
2893,2883
2894,2884
2895,2888
2896,2884
2897,2890
2898,2891
2899,2892
2900,2892
2901,2892
2902,2896
2903,2895
2904,2896
2905,2900
2906,2898
2907,2899
2908,2900
2909,2900
2910,2905
2911,2901
2912,2904
2913,2905
2914,2906
2915,2908
2916,2906
2917,2905
2918,2910
2919,2910
2920,2912
2921,2913
2922,2911
2923,2916
2924,2912
2925,2915
2926,2917
2927,2919
2928,2922
2929,2916
2930,2922
2931,2921
2932,2923
2933,2927
2934,2923
2935,2930
2936,2925
2937,2929
2938,2931
2939,2927
2940,2934
2941,2932
2942,2933
2943,2934
2944,2934
2945,2935
2946,2939
2947,2934
2948,2942
2949,2943
2950,2941
2951,2944
2952,2939
2953,2947
2954,2945
2955,2945
2956,2947
2957,2944
2958,2951
2959,2952
2960,2951
2961,2952
2962,2951
2963,2954
2964,2958
2965,2953
2966,2958
2967,2955
2968,2958
2969,2962
2970,2957
2971,2966
2972,2964
2973,2960
2974,2966
2975,2966
2976,2969
2977,2970
2978,2972
2979,2972
2980,2972
2981,2971
2982,2975
2983,2976
2984,2975
2985,2976
2986,2981
2987,2980
2988,2977
2989,2981
2990,2977
2991,2983
2992,2984
2993,2985
2994,2987
2995,2987
2996,2988
2997,2991
2998,2989
2999,2992
3000,2994
3001,2992
3002,2996
3003,2990
3004,2993
3005,2993
3006,2995
3007,3000
3008,3001
3009,2999
3010,3004
3011,3002
3012,3004
3013,3002
3014,3007
3015,3007
3016,3005
3017,3012
3018,3006
3019,3011
3020,3013
3021,3011
3022,3018
3023,3011
3024,3016
3025,3014
3026,3016
3027,3021
3028,3020
3029,3022
3030,3019
3031,3021
3032,3024
3033,3024
3034,3026
3035,3025
3036,3027
3037,3028
3038,3029
3039,3029
3040,3029
3041,3030
3042,3036
3043,3034
3044,3036
3045,3037
3046,3037
3047,3036
3048,3039
3049,3041
3050,3046
3051,3039
3052,3045
3053,3048
3054,3044
3055,3051
3056,3045
3057,3051
3058,3048
3059,3048
3060,3051
3061,3051
3062,3057
3063,3058
3064,3052
3065,3054
3066,3057
3067,3060
3068,3062
3069,3057
3070,3064
3071,3060
3072,3065
3073,3067
3074,3067
3075,3066
3076,3068
3077,3069
3078,3068
3079,3070
3080,3071
3081,3073
3082,3071
3083,3075
3084,3072
3085,3078
3086,3075
3087,3077
3088,3081
3089,3082
3090,3084
3091,3082
3092,3079
3093,3087
3094,3085
3095,3086
3096,3091
3097,3088
3098,3090
3099,3092
3100,3090
3101,3096
3102,3090
3103,3093
3104,3096
3105,3097
3106,3099
3107,3096
3108,3098
3109,3102
3110,3098
3111,3102
3112,3106
3113,3105
3114,3107
3115,3106
3116,3106
3117,3108
3118,3110
3119,3111
3120,3111
3121,3112
3122,3109
3123,3113
3124,3114
3125,3117
3126,3121
3127,3115
3128,3118
3129,3122
3130,3122
3131,3122
3132,3122
3133,3127
3134,3126
3135,3125
3136,3128
3137,3127
3138,3128
3139,3131
3140,3131
3141,3130
3142,3130
3143,3133
3144,3138
3145,3138
3146,3140
3147,3140
3148,3140
3149,3141
3150,3140
3151,3142
3152,3143
3153,3144
3154,3146
3155,3144
3156,3146
3157,3147
3158,3150
3159,3153
3160,3149
3161,3150
3162,3154
3163,3155
3164,3155
3165,3153
3166,3160
3167,3158
3168,3155
3169,3161
3170,3160
3171,3166
3172,3167
3173,3160
3174,3165
3175,3167
3176,3164
3177,3169
3178,3169
3179,3170
3180,3171
3181,3170
3182,3171
3183,3174
3184,3171
3185,3176
3186,3177
3187,3178
3188,3182
3189,3177
3190,3179
3191,3183
3192,3180
3193,3185
3194,3185
3195,3188
3196,3186
3197,3184
3198,3188
3199,3190
3200,3190
3201,3194
3202,3191
3203,3196
3204,3196
3205,3197
3206,3196
3207,3197
3208,3197
3209,3199
3210,3200
3211,3203
3212,3203
3213,3200
3214,3206
3215,3206
3216,3210
3217,3205
3218,3213
3219,3209
3220,3209
3221,3211
3222,3209
3223,3216
3224,3212
3225,3214
3226,3219
3227,3218
3228,3219
3229,3223
3230,3216
3231,3222
3232,3224
3233,3221
3234,3227
3235,3226
3236,3227
3237,3227
3238,3230
3239,3233
3240,3227
3241,3230
3242,3230
3243,3230
3244,3237
3245,3235
3246,3239
3247,3240
3248,3236
3249,3244
3250,3239
3251,3240
3252,3244
3253,3240
3254,3244
3255,3242
3256,3245
3257,3247
3258,3245
3259,3250
3260,3249
3261,3252
3262,3251
3263,3254
3264,3261
3265,3256
3266,3254
3267,3260
3268,3260
3269,3262
3270,3262
3271,3263
3272,3261
3273,3258
3274,3266
3275,3267
3276,3263
3277,3269
3278,3268
3279,3274
3280,3269
3281,3272
3282,3277
3283,3276
3284,3274
3285,3279
3286,3276
3287,3281
3288,3280
3289,3278
3290,3281
3291,3282
3292,3285
3293,3286
3294,3285
3295,3288
3296,3286
3297,3287
3298,3286
3299,3290
3300,3292
3301,3288
3302,3294
3303,3291
3304,3296
3305,3300
3306,3296
3307,3297
3308,3296
3309,3300
3310,3302
3311,3302
3312,3307
3313,3302
3314,3303
3315,3310
3316,3305
3317,3310
3318,3307
3319,3310
3320,3315
3321,3310
3322,3310
3323,3312
3324,3310
3325,3317
3326,3313
3327,3316
3328,3322
3329,3317
3330,3319
3331,3323
3332,3321
3333,3326
3334,3322
3335,3325
3336,3327
3337,3328
3338,3332
3339,3328
3340,3331
3341,3332
3342,3333
3343,3336
3344,3333
3345,3339
3346,3333
3347,3338
3348,3343
3349,3339
3350,3342
3351,3339
3352,3342
3353,3348
3354,3344
3355,3344
3356,3349
3357,3344
3358,3352
3359,3346
3360,3350
3361,3349
3362,3351
3363,3353
3364,3353
3365,3357
3366,3353
3367,3357
3368,3359
3369,3360
3370,3357
3371,3363
3372,3359
3373,3363
3374,3368
3375,3362
3376,3366
3377,3370
3378,3368
3379,3372
3380,3366
3381,3370
3382,3370
3383,3373
3384,3374
3385,3372
3386,3377
3387,3375
3388,3376
3389,3380
3390,3376
3391,3381
3392,3379
3393,3383
3394,3386
3395,3383
3396,3386
3397,3384
3398,3390
3399,3390
3400,3390
3401,3392
3402,3390
3403,3394
3404,3394
3405,3393
3406,3398
3407,3400
3408,3399
3409,3401
3410,3401
3411,3405
3412,3404
3413,3404
3414,3405
3415,3404
3416,3408
3417,3411
3418,3405
3419,3413
3420,3408
3421,3414
3422,3415
3423,3414
3424,3416
3425,3416
3426,3417
3427,3419
3428,3414
3429,3422
3430,3422
3431,3422
3432,3421
3433,3423
3434,3425
3435,3423
3436,3424
3437,3427
3438,3425
3439,3429
3440,3428
3441,3430
3442,3436
3443,3434
3444,3433
3445,3438
3446,3432
3447,3438
3448,3438
3449,3441
3450,3441
3451,3437
3452,3444
3453,3440
3454,3446
3455,3447
3456,3445
3457,3447
3458,3446
3459,3448
3460,3451
3461,3450
3462,3452
3463,3453
3464,3452
3465,3458
3466,3456
3467,3454
3468,3458
3469,3454
3470,3460
3471,3461
3472,3464
3473,3465
3474,3463
3475,3464
3476,3465
3477,3468
3478,3470
3479,3465
3480,3472
3481,3468
3482,3473
3483,3476
3484,3474
3485,3475
3486,3474
3487,3475
3488,3482
3489,3477
3490,3480
3491,3482
3492,3479
3493,3486
3494,3484
3495,3483
3496,3484
3497,3485
3498,3490
3499,3485
3500,3488
3501,3490
3502,3492
3503,3496
3504,3492
3505,3498
3506,3496
3507,3495
3508,3496
3509,3500
3510,3499
3511,3503
3512,3499
3513,3503
3514,3503
3515,3505
3516,3505
3517,3504
3518,3509
3519,3507
3520,3509
3521,3514
3522,3511
3523,3514
3524,3513
3525,3513
3526,3514
3527,3512
3528,3518
3529,3516
3530,3515
3531,3522
3532,3523
3533,3521
3534,3521
3535,3525
3536,3526
3537,3525
3538,3526
3539,3531
3540,3527
3541,3531
3542,3530
3543,3531
3544,3532
3545,3533
3546,3535
3547,3535
3548,3533
3549,3539
3550,3535
3551,3541
3552,3539
3553,3544
3554,3544
3555,3544
3556,3544
3557,3547
3558,3543
3559,3554
3560,3547
3561,3547
3562,3554
3563,3551
3564,3554
3565,3555
3566,3553
3567,3555
3568,3552
3569,3561
3570,3560
3571,3557
3572,3561
3573,3562
3574,3563
3575,3565
3576,3566
3577,3568
3578,3566
3579,3569
3580,3568
3581,3571
3582,3575
3583,3569
3584,3571
3585,3574
3586,3571
3587,3575
3588,3577
3589,3577
3590,3581
3591,3578
3592,3584
3593,3582
3594,3585
3595,3581
3596,3583
3597,3590
3598,3584
3599,3590
3600,3589
3601,3586
3602,3592
3603,3594
3604,3590
3605,3593
3606,3593
3607,3594
3608,3599
3609,3596
3610,3602
3611,3595
3612,3606
3613,3605
3614,3600
3615,3603
3616,3601
3617,3604
3618,3609
3619,3605
3620,3611
3621,3610
3622,3612
3623,3609
3624,3614
3625,3618
3626,3615
3627,3615
3628,3617
3629,3618
3630,3619
3631,3621
3632,3622
3633,3620
3634,3623
3635,3623
3636,3623
3637,3626
3638,3631
3639,3624
3640,3631
3641,3629
3642,3628
3643,3631
3644,3630
3645,3634
3646,3632
3647,3636
3648,3638
3649,3635
3650,3639
3651,3641
3652,3641
3653,3643
3654,3641
3655,3645
3656,3643
3657,3647
3658,3647
3659,3645
3660,3649
3661,3650
3662,3648
3663,3652
3664,3649
3665,3654
3666,3654
3667,3652
3668,3657
3669,3657
3670,3656
3671,3659
3672,3659
3673,3661
3674,3663
3675,3661
3676,3668
3677,3662
3678,3667
3679,3665
3680,3669
3681,3672
3682,3670
3683,3675
3684,3674
3685,3673
3686,3677
3687,3676
3688,3678
3689,3677
3690,3680
3691,3681
3692,3678
3693,3682
3694,3683
3695,3683
3696,3683
3697,3682
3698,3684
3699,3687
3700,3687
3701,3691
3702,3690
3703,3691
3704,3694
3705,3694
3706,3694
3707,3695
3708,3693
3709,3700
3710,3694
3711,3696
3712,3703
3713,3698
3714,3702
3715,3703
3716,3705
3717,3707
3718,3703
3719,3710
3720,3706
3721,3707
3722,3708
3723,3707
3724,3713
3725,3710
3726,3713
3727,3718
3728,3714
3729,3718
3730,3716
3731,3718
3732,3723
3733,3720
3734,3723
3735,3720
3736,3725
3737,3723
3738,3723
3739,3733
3740,3730
3741,3727
3742,3734
3743,3728
3744,3730
3745,3733
3746,3731
3747,3737
3748,3738
3749,3740
3750,3741
3751,3737
3752,3738
3753,3742
3754,3740
3755,3747
3756,3740
3757,3747
3758,3749
3759,3750
3760,3748
3761,3750
3762,3753
3763,3753
3764,3751
3765,3753
3766,3750
3767,3759
3768,3756
3769,3759
3770,3762
3771,3756
3772,3761
3773,3760
3774,3764
3775,3763
3776,3761
3777,3765
3778,3764
3779,3767
3780,3768
3781,3767
3782,3771
3783,3769
3784,3773
3785,3773
3786,3771
3787,3773
3788,3779
3789,3778
3790,3780
3791,3780
3792,3781
3793,3785
3794,3783
3795,3783
3796,3785
3797,3785
3798,3788
3799,3789
3800,3789
3801,3787
3802,3788
3803,3791
3804,3790
3805,3793
3806,3797
3807,3793
3808,3800
3809,3795
3810,3801
3811,3803
3812,3798
3813,3803
3814,3803
3815,3804
3816,3807
3817,3806
3818,3807
3819,3804
3820,3811
3821,3809
3822,3809
3823,3812
3824,3809
3825,3813
3826,3815
3827,3816
3828,3819
3829,3817
3830,3816
3831,3824
3832,3820
3833,3820
3834,3823
3835,3821
3836,3826
3837,3823
3838,3824
3839,3831
3840,3828
3841,3829
3842,3831
3843,3832
3844,3836
3845,3829
3846,3834
3847,3833
3848,3835
3849,3841
3850,3834
3851,3842
3852,3839
3853,3839
3854,3843
3855,3840
3856,3846
3857,3843
3858,3846
3859,3851
3860,3848
3861,3849
3862,3849
3863,3851
3864,3854
3865,3849
3866,3857
3867,3854
3868,3857
3869,3861
3870,3855
3871,3859
3872,3861
3873,3861
3874,3863
3875,3863
3876,3867
3877,3867
3878,3864
3879,3870
3880,3868
3881,3867
3882,3873
3883,3871
3884,3872
3885,3873
3886,3871
3887,3878
3888,3875
3889,3878
3890,3876
3891,3880
3892,3880
3893,3878
3894,3884
3895,3884
3896,3881
3897,3885
3898,3887
3899,3888
3900,3886
3901,3887
3902,3887
3903,3887
3904,3890
3905,3896
3906,3895
3907,3894
3908,3895
3909,3901
3910,3901
3911,3899
3912,3900
3913,3901
3914,3901
3915,3904
3916,3902
3917,3904
3918,3905
3919,3908
3920,3908
3921,3905
3922,3913
3923,3911
3924,3911
3925,3912
3926,3914
3927,3914
3928,3918
3929,3912
3930,3920
3931,3920
3932,3921
3933,3924
3934,3920
3935,3924
3936,3926
3937,3926
3938,3929
3939,3924
3940,3929
3941,3929
3942,3928
3943,3931
3944,3930
3945,3937
3946,3931
3947,3936
3948,3939
3949,3935
3950,3939
3951,3936
3952,3938
3953,3941
3954,3939
3955,3942
3956,3943
3957,3943
3958,3948
3959,3947
3960,3948
3961,3947
3962,3947
3963,3951
3964,3952
3965,3955
3966,3955
3967,3953
3968,3956
3969,3953
3970,3960
3971,3957
3972,3956
3973,3963
3974,3961
3975,3961
3976,3965
3977,3963
3978,3965
3979,3969
3980,3967
3981,3969
3982,3968
3983,3970
3984,3974
3985,3972
3986,3974
3987,3975
3988,3974
3989,3978
3990,3975
3991,3983
3992,3976
3993,3979
3994,3985
3995,3979
3996,3983
3997,3981
3998,3988
3999,3988
4000,3988
4001,3992
4002,3991
4003,3993
4004,3993
4005,3991
4006,3993
4007,3993
4008,3995
4009,3999
4010,3998
4011,4001
4012,3997
4013,4003
4014,4004
4015,3999
4016,4004
4017,4002
4018,4005
4019,4007
4020,4008
4021,4009
4022,4010
4023,4009
4024,4014
4025,4011
4026,4010
4027,4017
4028,4012
4029,4019
4030,4016
4031,4018
4032,4021
4033,4019
4034,4023
4035,4021
4036,4022
4037,4027
4038,4021
4039,4028
4040,4028
4041,4023
4042,4033
4043,4030
4044,4032
4045,4032
4046,4030
4047,4037
4048,4035
4049,4038
4050,4036
4051,4039
4052,4039
4053,4040
4054,4040
4055,4043
4056,4044
4057,4048
4058,4045
4059,4048
4060,4049
4061,4049
4062,4054
4063,4048
4064,4051
4065,4054
4066,4052
4067,4052
4068,4056
4069,4056
4070,4058
4071,4056
4072,4061
4073,4062
4074,4057
4075,4066
4076,4062
4077,4064
4078,4066
4079,4065
4080,4066
4081,4067
4082,4072
4083,4071
4084,4070
4085,4073
4086,4073
4087,4075
4088,4079
4089,4076
4090,4075
4091,4074
4092,4074
4093,4076
4094,4075
4095,4079
