0.026090625
0.0284625
0.020702344
0.014153906
0.014153906
0.027353906
0.026271094
0.014153906
0.014205469
0.028075781
0.035758594
0.014695313
0.014385938
0.028101563
0.041791406
0.016577344
0.014385938
0.032432813
0.052748438
0.022094531
0.014695313
0.038388281
0.060869531
0.02990625
0.015958594
0.047128125
0.070872656
0.043647656
0.0226875
0.050814844
0.077859375
0.058626563
0.033592969
0.0561
0.089641406
0.074817188
0.042667969
0.061359375
0.098742188
0.084975
0.054759375
0.070150781
0.106192969
0.10395
0.066283594
0.074765625
0.110988281
0.114314063
0.081185156
0.084330469
0.117742969
0.128235938
0.094694531
0.086057813
0.144761719
0.156234375
0.124471875
0.106708594
0.1472625
0.1629375
0.130839844
0.114082031
0.147442969
0.170749219
0.140121094
0.120604688
0.152392969
0.17840625
0.152908594
0.131922656
0.15613125
0.185186719
0.165077344
0.141332813
0.165644531
0.193127344
0.184026563
0.153578906
0.165541406
0.201119531
0.190626563
0.163221094
0.169408594
0.204290625
0.208492969
0.177684375
0.174796875
0.21511875
0.218057813
0.18830625
0.18624375
0.222646875
0.233371875
0.200603906
0.189930469
0.229891406
0.245746875
0.217696875
0.197922656
0.237161719
0.253584375
0.225740625
0.209189063
0.24234375
0.269130469
0.272559375
0.237960938
0.253739063
0.286197656
0.28153125
0.251496094
0.255672656
0.2904
0.286378125
0.254847656
0.2569875
0.297670313
0.300815625
0.267196875
0.257760938
0.297257813
0.307338281
0.272430469
0.266346094
0.301253906
0.319610156
0.29019375
0.27039375
0.309839063
0.330128906
0.298057031
0.285759375
0.318914063
0.339564844
0.312082031
0.291379688
0.323090625
0.352842188
0.329097656
0.301434375
0.331211719
0.359442188
0.343174219
0.309710156
0.334408594
0.368697656
0.356528906
0.326519531
0.374498438
0.399583594
0.37351875
0.349825781
0.3729
0.403038281
0.383960156
0.356374219
0.373828125
0.408555469
0.396747656
0.365010938
0.377102344
0.413763281
0.408065625
0.374317969
0.382155469
0.418042969
0.419486719
0.384888281
0.388214063
0.426009375
0.4318875
0.397392188
0.394839844
0.432222656
0.444159375
0.411958594
0.3988875
0.4409625
0.456534375
0.4236375
0.408426563
0.446402344
0.468110156
0.43704375
0.419564063
0.452744531
0.478628906
0.450114844
0.428639063
0.459679688
0.487420313
0.458390625
0.478448438
0.507942188
0.493453125
0.461716406
0.477726563
0.512428125
0.501754688
0.470791406
0.481748438
0.518796094
0.512634375
0.481439063
0.48406875
0.521477344
0.524854688
0.491055469
0.489405469
0.529057031
0.536378906
0.502167188
0.495077344
0.535038281
0.54841875
0.515547656
0.501935156
0.541896094
0.560948438
0.526788281
0.509978906
0.547645313
0.569842969
0.542102344
0.519002344
0.556591406
0.580361719
0.554039063
0.531635156
0.56038125
0.588508594
0.571957031
0.540710156
0.608128125
0.610603125
0.578660156
0.570178125
0.60451875
0.6171
0.585157031
0.573220313
0.606735938
0.629242969
0.595598438
0.580516406
0.615501563
0.638317969
0.606607031
0.586239844
0.619884375
0.6463875
0.6158625
0.593639063
0.619729688
0.653219531
0.626097656
0.603590625
0.630248438
0.662964844
0.646000781
0.616120313
0.636049219
0.668714063
0.662010938
0.627979688
0.639194531
0.67835625
0.673999219
0.642520313
0.645278906
0.685291406
0.688307813
0.65505
0.652110938
0.692716406
0.701353125
0.679413281
0.689957813
0.727572656
0.717930469
0.685678125
0.691685156
0.731104688
0.727108594
0.692329688
0.693103125
0.733321875
0.73610625
0.702539063
0.700064063
0.737111719
0.749332031
0.714630469
0.702203906
0.742216406
0.758046094
0.726438281
0.71176875
0.747914063
0.770060156
0.739457813
0.719864063
0.754591406
0.779367188
0.751085156
0.729892969
0.759051563
0.791046094
0.763305469
0.741082031
0.767714063
0.798703125
0.780192188
0.752425781
0.771503906
0.807185156
0.7953
0.763408594
0.774314063
0.833894531
0.826572656
0.796898438
0.796640625
0.832270313
0.83510625
0.802157813
0.798780469
0.836189063
0.847300781
0.812315625
0.801745313
0.838767188
0.856324219
0.825180469
0.807520313
0.848254688
0.863929688
0.833559375
0.818245313
0.854364844
0.874628906
0.845857031
0.824974219
0.858670313
0.881899219
0.858
0.838432031
0.861325781
0.892082813
0.873778125
0.846063281
0.869060156
0.901441406
0.886771875
0.857046094
0.870297656
0.908866406
0.900822656
0.868853906
0.883471875
0.914125781
0.895511719
0.930419531
0.94648125
0.915260156
0.895408594
0.930754688
0.955092188
0.924670313
0.904535156
0.932327344
0.959217188
0.937535156
0.908144531
0.933203906
0.964914844
0.946610156
0.921138281
0.939159375
0.973654688
0.957232031
0.930264844
0.942407813
0.9763875
0.972855469
0.942536719
0.945759375
0.9879375
0.985900781
0.953132813
0.952875
0.99391875
0.997244531
0.963548438
0.959629688
1.001189063
1.010882813
0.978346875
0.965997656
1.007995313
1.024289063
0.991082813
0.9722625
1.015446094
1.023309375
1.002735938
1.035684375
1.05950625
1.030089844
1.006319531
1.036122656
1.062883594
1.040221875
1.013538281
1.037798438
1.068194531
1.052235938
1.023902344
1.040196094
1.075619531
1.065152344
1.033441406
1.046203125
1.082348438
1.07765625
1.045661719
1.050817969
1.08920625
1.089051563
1.05620625
1.056928125
1.095832031
1.102947656
1.070257031
1.065461719
1.101607031
1.115142188
1.081600781
1.070489063
1.108129688
1.127259375
1.095342188
1.077888281
1.115064844
1.138860938
1.107304688
1.088278125
1.146982031
1.123753125
1.100240625
1.125532031
1.155360938
1.1372625
1.111275
1.129811719
1.162528125
1.15231875
1.122773438
1.135483594
1.171448438
1.164513281
1.135689844
1.141413281
1.177584375
1.178538281
1.144610156
1.148348438
1.187948438
1.191764063
1.158042188
1.15479375
1.194677344
1.207052344
1.172067188
1.162657031
1.202050781
1.218757031
1.185679688
1.170700781
1.209217969
1.2296625
1.199163281
1.180497656
1.214451563
1.2403875
1.212775781
1.189598438
1.221670313
1.2502875
1.20264375
1.225021875
1.255753125
1.245053906
1.214477344
1.228399219
1.264389844
1.255933594
1.22615625
1.234715625
1.273335938
1.270732031
1.2362625
1.2395625
1.280709375
1.286149219
1.249436719
1.246729688
1.287670313
1.298859375
1.261244531
1.254335156
1.294914844
1.307985938
1.278466406
1.264080469
1.303422656
1.322320313
1.291228125
1.270139063
1.310048438
1.334514844
1.305046875
1.279678125
1.3171125
1.344157031
1.315823438
1.293007031
1.323557813
1.354727344
1.333174219
1.304582813
1.328894531
1.349674219
1.317473438
1.330028906
1.36681875
1.361507813
1.330699219
1.338253125
1.375378125
1.374346875
1.342971094
1.345446094
1.379580469
1.388139844
1.357434375
1.351298438
1.387624219
1.400953125
1.371278906
1.359084375
1.39528125
1.412271094
1.384788281
1.369035938
1.402216406
1.423717969
1.396209375
1.378033594
1.411394531
1.433308594
1.409615625
1.389171094
1.416086719
1.441558594
1.422867188
1.400128125
1.421939063
1.451355469
1.436711719
1.410053906
1.426244531
1.459579688
1.451175
1.420804688
1.466050781
1.467365625
1.437459375
1.440269531
1.470098438
1.481029688
1.450324219
1.447282031
1.481467969
1.488996094
1.462054688
1.454191406
1.486985156
1.506269531
1.473785156
1.462003125
1.495338281
1.516066406
1.487861719
1.471774219
1.502711719
1.526688281
1.501551563
1.479044531
1.504851563
1.533210938
1.513978125
1.49304375
1.515576563
1.544271094
1.529266406
1.502092969
1.520629688
1.5505875
1.54460625
1.515550781
1.526301563
1.555511719
1.554841406
1.527461719
1.531689844
1.566649219
1.53883125
1.536588281
1.576265625
1.580416406
1.552675781
1.549401563
1.578070313
1.593539063
1.565514844
1.553139844
1.5844125
1.605424219
1.575414844
1.562214844
1.5926625
1.61101875
1.587248438
1.56770625
1.599159375
1.621821094
1.601969531
1.582324219
1.605114844
1.636052344
1.614035156
1.591605469
1.611250781
1.643683594
1.631463281
1.603696875
1.620660938
1.652165625
1.645075781
1.615169531
1.625585156
1.661498438
1.658378906
1.625997656
1.634763281
1.669335938
1.671733594
1.642188281
1.641595313
1.686403125
1.656110156
1.648092188
1.683567188
1.698907031
1.668949219
1.655749219
1.6891875
1.709683594
1.681530469
1.664721094
1.696225781
1.719635156
1.694988281
1.675317188
1.703032031
1.727885156
1.707621094
1.68650625
1.708807031
1.739203125
1.722342188
1.695555469
1.715355469
1.746525
1.736779688
1.709528906
1.721207813
1.754929688
1.750778906
1.721517188
1.726673438
1.763025
1.764778125
1.73394375
1.734407813
1.768825781
1.776508594
1.745210156
1.742090625
1.77890625
1.789682813
1.758796875
1.76075625
1.795921875
1.805770313
1.776972656
1.765757813
1.799505469
1.816211719
1.787697656
1.773466406
1.80571875
1.82428125
1.799350781
1.785145313
1.811751563
1.834748438
1.81149375
1.794117188
1.817707031
1.841709375
1.8236625
1.803063281
1.823997656
1.85233125
1.837842188
1.815051563
1.829205469
1.857848438
1.851660938
1.823404688
1.836965625
1.866871875
1.866278906
1.836346875
1.843385156
1.876565625
1.877339063
1.849959375
1.849469531
1.884609375
1.891596094
1.864242188
1.858544531
1.904538281
1.876565625
1.865789063
1.897164844
1.913097656
1.887960938
1.875689063
1.9036875
1.922636719
1.901470313
1.884377344
1.911860156
1.933928906
1.9135875
1.894225781
1.918692188
1.943725781
1.927792969
1.90678125
1.924028906
1.9523625
1.940374219
1.915314844
1.930319531
1.959555469
1.953625781
1.928025
1.936842188
1.967728125
1.967444531
1.938698438
1.944834375
1.976983594
1.981469531
1.953058594
1.951099219
1.983016406
1.992529688
1.966232813
1.957776563
1.990853906
2.005420313
1.979226563
1.998227344
2.017769531
1.991601563
1.976725781
2.005007813
2.026792969
2.005188281
1.986832031
2.012329688
2.037079688
2.018285156
1.99794375
2.018491406
2.045175
2.032052344
2.009132813
2.025220313
2.053785938
2.045535938
2.020553906
2.031227344
2.063196094
2.060025
2.031820313
2.03878125
2.069564063
2.071446094
2.044221094
2.046696094
2.07879375
2.085625781
2.057524219
2.054146875
2.08663125
2.097227344
2.068300781
2.060385938
2.093772656
2.108880469
2.0827125
2.068971094
2.102048438
2.119244531
2.080933594
2.107926563
2.1322125
2.109628125
2.090446875
2.1153
2.139405469
2.121874219
2.101584375
2.119785938
2.146624219
2.135589844
2.112541406
2.12664375
2.154667969
2.148067969
2.123189063
2.13365625
2.164284375
2.162479688
2.135332031
2.141210156
2.173410938
2.17696875
2.149589063
2.1462375
2.18150625
2.187178125
2.160391406
2.156524219
2.186224219
2.200816406
2.174235938
2.164980469
2.193030469
2.210845313
2.185811719
2.174571094
2.20213125
2.221673438
2.199424219
2.184007031
2.232192188
2.212546875
2.193829688
2.214609375
2.239333594
2.22853125
2.200919531
2.219533594
2.247248438
2.242659375
2.215666406
2.225669531
2.25575625
2.254028906
2.224122656
2.232217969
2.26318125
2.265475781
2.238044531
2.238869531
2.272952344
2.27926875
2.247454688
2.249620313
2.279964844
2.290225781
2.264444531
2.255317969
2.288085938
2.30278125
2.275530469
2.263232813
2.29659375
2.314924219
2.290303125
2.273674219
2.303425781
2.324901563
2.302678125
2.284579688
2.309613281
2.333125781
2.313892969
2.315517188
2.3425875
2.329877344
2.308169531
2.321292188
2.349625781
2.3434125
2.317528125
2.327892188
2.358649219
2.35516875
2.33083125
2.334002344
2.366899219
2.369116406
2.340525
2.342510156
2.375071875
2.382677344
2.35393125
2.348878125
2.381233594
2.39394375
2.367208594
2.356741406
2.388375
2.40549375
2.379067969
2.366125781
2.397321094
2.415032813
2.392371094
2.375819531
2.404282031
2.4259125
2.404385156
2.384920313
2.410366406
2.434471875
2.417224219
2.397707813
2.417146875
2.443907813
2.409464063
2.422535156
2.451332813
2.44715625
2.421220313
2.426840625
2.459325
2.459505469
2.434059375
2.434394531
2.467807031
2.47149375
2.444603906
2.443108594
2.476727344
2.482734375
2.456102344
2.448728906
2.482811719
2.495753906
2.469147656
2.457752344
2.489927344
2.507252344
2.482167188
2.466904688
2.497842188
2.518286719
2.493949219
2.477088281
2.504596875
2.526949219
2.507742188
2.489128125
2.511609375
2.535817969
2.522076563
2.499105469
2.516688281
2.5455375
2.535585938
2.511635156
2.553426563
2.550977344
2.524371094
2.529346875
2.560696875
2.562063281
2.535869531
2.535714844
2.567503125
2.574154688
2.548296094
2.543578125
2.575985156
2.589494531
2.560232813
2.5513125
2.583384375
2.6008125
2.572272656
2.559278906
2.591557031
2.611924219
2.587251563
2.570029688
2.599471875
2.621489063
2.600090625
2.582069531
2.607567188
2.631853125
2.613548438
2.593928906
2.613290625
2.639252344
2.627186719
2.603648438
2.619452344
2.648791406
2.641598438
2.662352344
2.639664844
2.62185
2.647115625
2.670292969
2.651317969
2.631440625
2.653096875
2.678439844
2.664517969
2.642036719
2.65835625
2.686380469
2.677666406
2.653303125
2.664492188
2.694475781
2.691278906
2.66454375
2.671298438
2.702029688
2.703215625
2.675758594
2.678749219
2.7113625
2.716467188
2.688391406
2.68640625
2.71858125
2.72930625
2.70125625
2.693521875
2.725696875
2.740134375
2.712239063
2.701875
2.750653125
2.726805469
2.712342188
2.739850781
2.761971094
2.739077344
2.720746875
2.7460125
2.768184375
2.752999219
2.731420313
2.752896094
2.779682813
2.765657813
2.742892969
2.757253125
2.787571875
2.778084375
2.754829688
2.765632031
2.794584375
2.792625
2.765528906
2.773417969
2.804071875
2.803942969
2.778213281
2.779270313
2.813636719
2.817400781
2.789917969
2.787107813
2.820159375
2.832044531
2.802370313
2.791903125
2.842202344
2.815570313
2.801751563
2.831142188
2.852179688
2.830033594
2.812115625
2.840191406
2.862646875
2.84068125
2.823304688
2.84769375
2.871154688
2.853391406
2.832457031
2.854938281
2.879739844
2.867003906
2.844264844
2.859217969
2.8879125
2.8809
2.855479688
2.865740625
2.896600781
2.891470313
2.865689063
2.874196875
2.903922656
2.905804688
2.878992188
2.882369531
2.914647656
2.919571875
2.890696875
2.887757813
2.921789063
2.90585625
2.893945313
2.9271
2.944115625
2.916529688
2.902891406
2.93535
2.954325
2.927692969
2.913178125
2.942336719
2.962910156
2.9423625
2.922510938
2.948678906
2.973377344
2.954969531
2.93555625
2.953783594
2.981988281
2.968917188
2.946539063
2.96071875
2.990367188
2.983019531
2.959816406
2.968453125
2.998282031
2.994595313
2.968427344
2.976058594
3.005526563
3.009316406
2.981395313
2.980725
3.014782031
2.99578125
2.986474219
3.020814844
3.033628125
3.007357031
2.99743125
3.028007813
3.045049219
3.01929375
3.005139844
3.036077344
3.054588281
3.031385156
3.014085938
3.043476563
3.064307813
3.04445625
3.02630625
3.049380469
3.074414063
3.057192188
3.037289063
3.055619531
3.082973438
3.071500781
3.048607031
3.0636375
3.091919531
3.084855469
3.059538281
3.069567188
3.100504688
3.097565625
3.071707031
3.076785938
3.1073625
3.109373438
3.082535156
3.115096875
3.1251
3.097359375
3.088980469
3.121361719
3.137036719
3.108084375
3.097771875
3.129147656
3.147735938
3.121722656
3.107285156
3.135928125
3.1576875
3.133040625
3.117004688
3.143971875
3.166246875
3.147271875
3.127910156
3.150829688
3.175579688
3.160678125
3.138351563
3.157739063
3.186072656
3.174161719
3.151035938
3.163153125
3.192621094
3.187696875
3.1626375
3.169882031
3.20203125
3.19873125
3.173285156
3.209353125
3.215308594
3.187516406
3.182927344
3.215205469
3.230210156
3.200278125
3.190042969
3.224048438
3.239826563
3.2121375
3.199685156
3.231989063
3.251067188
3.22471875
3.208966406
3.239929688
3.261199219
3.23895
3.220774219
3.247715625
3.271253906
3.252536719
3.233278125
3.25318125
3.280483594
3.266690625
3.243771094
3.260039063
3.288965625
3.280457813
3.254857031
3.266484375
3.297344531
3.294689063
3.266252344
3.305388281
3.307399219
3.279375
3.279271875
3.311910938
3.319696875
3.292575
3.285330469
3.318717188
3.332355469
3.305491406
3.294560156
3.326116406
3.343132031
3.31753125
3.304769531
3.332690625
3.353496094
3.329596875
3.313896094
3.341378906
3.363576563
3.342822656
3.324260156
3.348958594
3.37321875
3.355790625
3.33485625
3.3548625
3.381932813
3.3693
3.346844531
3.361075781
3.390105469
3.383969531
3.357079688
3.366799219
3.364324219
3.389048438
3.413334375
3.393611719
3.374095313
3.39425625
3.419908594
3.407507813
3.384820313
3.398974219
3.427720313
3.419599219
3.394771875
3.403872656
3.435970313
3.431819531
3.406192969
3.411813281
3.44355
3.444297656
3.418825781
3.419392969
3.452857031
3.457342969
3.429602344
3.42705
3.460565625
3.470749219
3.442982813
3.434629688
3.466933594
3.481809375
3.455925
3.442492969
3.475467188
3.492147656
3.453166406
3.480623438
3.502666406
3.481267969
3.462834375
3.487378125
3.511148438
3.492946875
3.473765625
3.492560156
3.520816406
3.506997656
3.484903125
3.498438281
3.527313281
3.519114844
3.49738125
3.506430469
3.536749219
3.5347125
3.508492969
3.513365625
3.543297656
3.545953125
3.52048125
3.519707813
3.553739063
3.559926563
3.532469531
3.527596875
3.561653906
3.573925781
3.543478125
3.533964844
3.568666406
3.582897656
3.555002344
3.576142969
3.594009375
3.571502344
3.553610156
3.58029375
3.603445313
3.585965625
3.565882031
3.5871
3.612314063
3.599114063
3.576942188
3.594241406
3.62113125
3.609967969
3.588105469
3.601305469
3.630386719
3.624998438
3.597876563
3.60525
3.636857813
3.637450781
3.610535156
3.614170313
3.647144531
3.646680469
3.622059375
3.621285938
3.655136719
3.660911719
3.634279688
3.630154688
3.661865625
3.674910938
3.647067188
3.666970313
3.687440625
3.660086719
3.647660156
3.675555469
3.694839844
3.672874219
3.656013281
3.682000781
3.703889063
3.684372656
3.666377344
3.690225
3.713608594
3.699325781
3.676380469
3.695355469
3.721291406
3.713247656
3.688626563
3.70156875
3.729696094
3.724410938
3.699171094
3.708710156
3.740008594
3.737688281
3.710566406
3.716547656
3.746557031
3.750707813
3.723353906
3.722503125
3.754652344
3.760942969
3.734646094
3.727685156
3.776102344
3.749702344
3.7360125
3.768419531
3.785899219
3.761639063
3.746685938
3.774684375
3.795335156
3.775225781
3.756689063
3.781748438
3.805492969
3.786672656
3.766589063
3.789044531
3.814413281
3.799460156
3.777700781
3.794278125
3.822225
3.814980469
3.789817969
3.801032813
3.832460156
3.826478906
3.801625781
3.808638281
3.839369531
3.839704688
3.813201563
3.81665625
3.848753906
3.852621094
3.825396094
3.822482813
3.854657813
3.839317969
3.829727344
3.862624219
3.878505469
3.851667188
3.838132031
3.870049219
3.889720313
3.864532031
3.847490625
3.87976875
3.899903906
3.876803906
3.858808594
3.886007813
3.908514844
3.890571094
3.86863125
3.893922656
3.918775781
3.904260938
3.881547656
3.899285156
3.927180469
3.917048438
3.893046094
3.907354688
3.934863281
3.930248438
3.904441406
3.913516406
3.943757813
3.94370625
3.918878906
3.920992969
3.950821875
3.930325781
3.926639063
3.958272656
3.969616406
3.940560938
3.932310938
3.964898438
3.979722656
3.955591406
3.942417188
3.971678906
3.990550781
3.966625781
3.950615625
3.982146094
4.002100781
3.978691406
3.962320313
3.987766406
4.011717188
3.992974219
3.972194531
3.995010938
4.020276563
4.005761719
3.985110938
3.999548438
4.029738281
4.020689063
3.995578125
4.00805625
4.037936719
4.033321875
4.007025
4.015352344
4.043428125
4.043840625
4.021385156
4.053534375
4.058458594
4.031929688
4.028707031
4.059592969
4.070782031
4.044536719
4.034791406
4.066734375
4.081739063
4.055957813
4.043453906
4.073798438
4.093366406
4.068178125
4.053173438
4.081403906
4.103498438
4.080759375
4.0635375
4.088158594
4.113140625
4.094191406
4.074597656
4.095222656
4.120230469
4.107597656
4.0854
4.101023438
4.130053125
4.1217
4.097388281
4.109866406
4.139901563
4.132321875
4.151090625
4.133224219
4.11345
4.135725
4.160191406
4.145341406
4.122602344
4.140829688
4.166920313
4.157948438
4.134023438
4.145728125
4.176846094
4.171689844
4.145135156
4.153875
4.184322656
4.183085156
4.156994531
4.158515625
4.192830469
4.194609375
4.167977344
4.167564844
4.200332813
4.208866406
4.182079688
4.173520313
4.21059375
4.222221094
4.193397656
4.182285938
4.21513125
4.2334875
4.207216406
4.191077344
4.223226563
4.21966875
4.201725
4.229620313
4.250451563
4.234364063
4.215234375
4.235678906
4.262259375
4.247074219
4.224696094
4.239571875
4.268214844
4.258082813
4.236349219
4.246842188
4.277135156
4.273216406
4.248827344
4.253983594
4.285410938
4.283451563
4.259810156
4.260016406
4.292964844
4.298095313
4.270715625
4.268421094
4.301885156
4.311321094
4.284250781
4.277315625
4.310160938
4.323876563
4.297476563
4.283090625
4.314002344
4.310728125
4.295517188
4.320421875
4.343934375
4.322922656
4.306035938
4.328903906
4.35331875
4.335246094
4.314801563
4.334524219
4.360640625
4.349528906
4.325655469
4.338288281
4.368890625
4.362780469
4.339061719
4.349219531
4.378739063
4.375774219
4.346538281
4.354607813
4.386267188
4.388767969
4.360717969
4.361903906
4.393795313
4.399699219
4.374201563
4.369535156
4.4017875
4.414626563
4.387504688
4.377166406
4.407459375
4.421974219
4.385571094
4.414214063
4.434607031
4.41271875
4.39539375
4.422592969
4.444249219
4.426021875
4.406247656
4.427646094
4.453221094
4.439634375
4.415632031
4.43458125
4.462502344
4.452396094
4.427104688
4.439917969
4.470365625
4.464771094
4.439453906
4.447188281
4.478641406
4.478022656
4.452292969
4.454355469
4.486917188
4.489289063
4.46386875
4.462450781
4.494754688
4.503932813
4.477197656
4.470597656
4.501586719
4.514064844
4.487845313
4.508728125
4.528167188
4.502875781
4.488541406
4.515353906
4.536004688
4.514786719
4.497771094
4.523964844
4.545466406
4.52986875
4.508367188
4.529482031
4.555289063
4.541573438
4.520535938
4.535824219
4.564157813
4.554464063
4.529714063
4.541599219
4.572510938
4.568824219
4.541805469
4.551164063
4.580322656
4.580425781
4.555057031
4.557764063
4.589603906
4.593625781
4.566091406
4.564183594
4.596822656
4.606516406
4.57689375
4.602494531
4.619458594
4.592517188
4.580967188
4.609919531
4.630544531
4.604557031
4.588521094
4.615952344
4.638639844
4.617911719
4.599400781
4.62350625
4.648075781
4.631421094
4.610125781
4.630415625
4.656351563
4.644853125
4.621495313
4.637376563
4.665864844
4.658826563
4.633973438
4.643950781
4.674269531
4.670582813
4.645807031
4.65114375
4.681746094
4.684117969
4.657872656
4.659290625
4.691078906
4.697472656
4.667953125
4.664085938
4.709383594
4.68414375
4.672903125
4.704046875
4.721139844
4.695461719
4.682261719
4.711549219
4.730910938
4.707836719
4.690614844
4.718123438
4.741146094
4.719644531
4.702396875
4.725883594
4.749447656
4.734855469
4.71260625
4.732535156
4.75963125
4.747771875
4.724027344
4.73941875
4.768783594
4.760146875
4.736273438
4.746534375
4.777110938
4.775280469
4.747153125
4.753366406
4.784613281
4.787371875
4.760894531
4.757800781
4.800597656
4.774739063
4.766179688
4.798122656
4.81305
4.786469531
4.774120313
4.8052125
4.823207813
4.797607031
4.783685156
4.812972656
4.833855469
4.8109875
4.793714063
4.81944375
4.841667188
4.822460156
4.804696875
4.826894531
4.852830469
4.838057813
4.814622656
4.834396875
4.862034375
4.851257813
4.826404688
4.840584375
4.8679125
4.863632813
4.837980469
4.849195313
4.878817969
4.875878906
4.852366406
4.853139844
4.884464063
4.875389063
4.900474219
4.889259375
4.868505469
4.882401563
4.910657813
4.904521875
4.875878906
4.885211719
4.913210156
4.912771875
4.889723438
4.889001563
4.925095313
4.925894531
4.899391406
4.901453906
4.932030469
4.941389063
4.914473438
4.905089063
4.9380375
4.952990625
4.922723438
4.913932031
4.946210156
4.961189063
4.933886719
4.9256625
4.953789844
4.971733594
4.949871094
4.93494375
4.964824219
4.981736719
4.96155
4.966654688
4.992642188
4.976296875
4.954279688
4.971424219
4.998442969
4.989445313
4.966551563
4.977740625
5.006048438
5.001536719
4.979751563
4.984289063
5.016928125
5.013834375
4.9900125
4.993467188
5.023373438
5.027988281
5.000557031
5.002619531
5.033840625
5.038558594
5.012648438
5.006899219
5.040389063
5.05168125
5.025590625
5.01703125
5.049283594
5.06529375
5.038945313
5.023863281
5.055754688
5.074626563
5.047685156
5.032242188
5.044282031
5.074935938
5.09128125
5.065835156
5.054027344
5.081535938
5.100820313
5.076611719
5.060627344
5.089502344
5.110101563
5.086614844
5.07065625
5.09540625
5.117655469
5.100588281
5.080195313
5.100794531
5.126704688
5.1145875
5.092389844
5.107291406
5.1352125
5.127246094
5.10200625
5.113246875
5.144571094
5.140703906
5.114664844
5.120903906
5.154728906
5.155940625
5.126317969
5.129102344
5.16635625
5.170017188
5.136217969
5.169475781
5.185228125
5.15439375
5.141528906
5.177416406
5.194896094
5.171873438
5.152150781
5.186053125
5.207657813
5.181464063
5.165660156
5.195153906
5.215546875
5.195179688
5.176694531
5.198376563
5.2267875
5.207528906
5.18821875
5.2074
5.233490625
5.222507813
5.199098438
5.214025781
5.240090625
5.236739063
5.208792188
5.219465625
5.251769531
5.248753125
5.222610938
5.22823125
5.259478125
5.262133594
5.233078125
5.265433594
5.275591406
5.250196875
5.240348438
5.273632031
5.286496875
5.260432031
5.248598438
5.279097656
5.297608594
5.273167969
5.25793125
5.285903906
5.309184375
5.285027344
5.270022656
5.292942188
5.317563281
5.298588281
5.278221094
5.302275
5.326303125
5.31196875
5.288791406
5.307250781
5.335610156
5.324163281
5.302558594
5.314727344
5.342957813
5.338420313
5.311839844
5.321095313
5.352135938
5.351826563
5.323957031
5.326973438
5.366702344
5.339090625
5.332671094
5.365877344
5.378329688
5.350692188
5.340173438
5.371961719
5.389157813
5.362989844
5.350228125
5.379696094
5.397639844
5.375932031
5.359303125
5.386863281
5.409344531
5.388564844
5.369744531
5.393695313
5.419373438
5.402899219
5.381964844
5.400114844
5.427185156
5.416408594
5.392354688
5.407204688
5.435821875
5.429453906
5.404600781
5.413675781
5.444355469
5.442576563
5.416279688
5.419579688
5.456936719
5.429866406
5.425509375
5.457246094
5.469646875
5.441932031
5.433965625
5.464722656
5.480088281
5.453714063
5.441725781
5.472121875
5.4916125
5.465676563
5.451677344
5.478902344
5.500275
5.479392188
5.461422656
5.488879688
5.512830469
5.494938281
5.472869531
5.495092969
5.521209375
5.506694531
5.484909375
5.501486719
5.532424219
5.523710156
5.4965625
5.50584375
5.537090625
5.532217969
5.507854688
5.5114125
5.540854688
5.523375
5.521647656
5.551863281
5.558927344
5.53245
5.527139063
5.563078125
5.570632031
5.546139844
5.535801563
5.561763281
5.583960938
5.557664063
5.541267188
5.574550781
5.590328906
5.568311719
5.557045313
5.580841406
5.603735156
5.581434375
5.563542188
5.583316406
5.612758594
5.59783125
5.575633594
5.594995313
5.621498438
5.611134375
5.583574219
5.5988625
5.630032031
5.623045313
5.595665625
5.607009375
5.637225
5.633280469
5.652590625
5.628897656
5.608891406
5.6359875
5.661253125
5.640060938
5.623225781
5.644882031
5.668317188
5.656844531
5.634389063
5.649084375
5.674942969
5.667878906
5.644340625
5.654910938
5.688503906
5.681491406
5.655503906
5.661536719
5.692603125
5.691546094
5.665816406
5.668007813
5.702013281
5.705648438
5.677778906
5.677185938
5.711423438
5.721091406
5.691314063
5.682496875
5.718848438
5.733389063
5.703534375
5.692242188
5.743598438
5.7176625
5.703663281
5.728619531
5.752492969
5.730888281
5.711191406
5.736998438
5.760485156
5.743289063
5.723617969
5.743057031
5.769817969
5.756978906
5.732796094
5.749682813
5.778583594
5.771390625
5.745583594
5.756360156
5.788122656
5.783559375
5.758654688
5.762625
5.796372656
5.796424219
5.768425781
5.771751563
5.807561719
5.812640625
5.781909375
5.777990625
5.81233125
5.823288281
5.79541875
5.784229688
5.818235156
5.812898438
5.798615625
5.828805469
5.84863125
5.827310156
5.806942969
5.837571094
5.860000781
5.838576563
5.820478125
5.841747656
5.867889844
5.851389844
5.829707813
5.847883594
5.875624219
5.864950781
5.840046094
5.855772656
5.884647656
5.878975781
5.853658594
5.860052344
5.893129688
5.888592188
5.864564063
5.868921094
5.90019375
5.901225
5.875005469
5.875082813
5.909242969
5.915353125
5.886735938
5.883049219
5.912775
5.903854688
5.8925625
5.917028906
5.938865625
5.915121094
5.896120313
5.927805469
5.949925781
5.927109375
5.909732813
5.933864063
5.959000781
5.939561719
5.917544531
5.942217188
5.966967188
5.953715625
5.929971094
5.948095313
5.975346094
5.964801563
5.943119531
5.95464375
5.985220313
5.980940625
5.956010156
5.960908594
5.992052344
5.993315625
5.966992969
5.968926563
6.000972656
6.006025781
5.978671875
5.976532031
6.006309375
6.016389844
5.981378906
6.013785938
6.030492188
6.005819531
5.990711719
6.02085
6.0418875
6.017575781
6.000972656
6.027836719
6.050111719
6.029821875
6.011310938
6.034282031
6.059289844
6.0443625
6.022551563
6.041578125
6.067978125
6.057949219
6.034153125
6.047482031
6.076692188
6.069473438
6.045058594
6.054133594
6.085509375
6.083446875
6.056866406
6.062847656
6.093269531
6.096878906
6.068777344
6.069060938
6.101545313
6.10603125
6.073314844
6.106701563
6.122634375
6.09530625
6.082725
6.112940625
6.132817969
6.107707031
6.092728125
6.120107813
6.143207813
6.120107813
6.103659375
6.127945313
6.155170313
6.134467969
6.113636719
6.136427344
6.161641406
6.149472656
6.122273438
6.142511719
6.171489844
6.164039063
6.138309375
6.151921875
6.177728906
6.1747125
6.148209375
6.157413281
6.182678906
6.187551563
6.162389063
6.160275
6.191985938
6.1978125
6.170097656
6.200107031
6.212585156
6.1895625
6.176852344
6.208769531
6.224573438
6.197709375
6.185179688
6.217483594
6.233210156
6.209542969
6.197760938
6.222975
6.244270313
6.221067188
6.203767969
6.229523438
6.254711719
6.234808594
6.217792969
6.236510156
6.262214063
6.2506125
6.227332031
6.243419531
6.265823438
6.265436719
6.236484375
6.24339375
6.278585156
6.275491406
6.25164375
6.256335938
6.289284375
6.288253125
6.261853125
6.292867969
6.300060938
6.277760156
6.268917188
6.298823438
6.312435938
6.286938281
6.279771094
6.306892969
6.321820313
6.302252344
6.283870313
6.313338281
6.336232031
6.312049219
6.292971094
6.320221875
6.344378906
6.32775
6.3063
6.325816406
6.350953125
6.338242969
6.315349219
6.331900781
6.363379688
6.35394375
6.329760938
6.339119531
6.371939063
6.3636375
6.339325781
6.346260938
6.3760125
6.377765625
6.347627344
6.351623438
6.372892969
6.36384375
6.394523438
6.410946094
6.382896094
6.370392188
6.397514063
6.417339844
6.392641406
6.377920313
6.406511719
6.427085156
6.4032375
6.3855
6.411642188
6.434896875
6.417082031
6.39436875
6.418345313
6.444977344
6.429946875
6.408161719
6.424429688
6.454155469
6.445673438
6.418577344
6.42943125
6.461864063
6.4576875
6.428271094
6.435283594
6.470371875
6.471789844
6.442682813
6.447839063
6.475657031
6.484010156
6.449411719
6.481973438
6.498241406
6.472924219
6.45789375
6.487928906
6.510100781
6.483597656
6.470913281
6.501025781
6.517603125
6.498911719
6.479782031
6.504016406
6.526265625
6.509146875
6.490300781
6.508940625
6.53668125
6.52265625
6.498808594
6.518402344
6.542971875
6.536139844
6.510925781
6.523919531
6.553052344
6.550267969
6.521882813
6.529797656
6.558878906
6.566020313
6.535340625
6.537480469
6.572259375
6.573316406
6.543951563
6.577003125
6.590796094
6.562591406
6.551969531
6.58329375
6.599561719
6.573703125
6.560116406
6.591389063
6.609049219
6.587186719
6.571821094
6.595875
6.619335938
6.599226563
6.578885156
6.606677344
6.627276563
6.612710156
6.592523438
6.60845625
6.637047656
6.626657813
6.602810156
6.616628906
6.647411719
6.638259375
6.614746875
6.625291406
6.655042969
6.652516406
6.622532813
6.631839844
6.663473438
6.66125625
6.634082813
6.669583594
6.678323438
6.652619531
6.644060156
6.676982813
6.690285938
6.664530469
6.651614063
6.683273438
6.701552344
6.675435938
6.663679688
6.691703906
6.711091406
6.6878625
6.672445313
6.698922656
6.721094531
6.70209375
6.681107813
6.70498125
6.73014375
6.715396875
6.693560156
6.710163281
6.739321875
6.729808594
6.703924219
6.717407813
6.747314063
6.743214844
6.716557031
6.724858594
6.757471875
6.754403906
6.72601875
6.762550781
6.769872656
6.741848438
6.7365375
6.770775
6.780546094
6.754661719
6.745586719
6.777529688
6.795421875
6.766753125
6.753578906
6.783975
6.804754688
6.777039844
6.76438125
6.790420313
6.815273438
6.795679688
6.778432031
6.799211719
6.821357813
6.805296094
6.786733594
6.804909375
6.832134375
6.818264063
6.795525
6.81099375
6.839378906
6.832495313
6.807719531
6.821950781
6.850825781
6.843297656
6.81800625
6.825353906
6.85925625
6.835717969
6.832057031
6.863845313
6.871682813
6.845411719
6.837135938
6.866939063
6.883928906
6.85595625
6.845566406
6.879752344
6.894164063
6.871296094
6.855878906
6.886610156
6.908395313
6.882846094
6.86420625
6.892720313
6.912365625
6.895195313
6.8751375
6.900042188
6.921982031
6.914221875
6.885217969
6.901692188
6.930902344
6.920641406
6.8957625
6.91164375
6.940441406
6.932526563
6.908395313
6.916954688
6.951398438
6.923219531
6.927757031
6.9535125
6.958849219
6.933222656
6.930335156
6.960396094
6.974807813
6.946603125
6.936161719
6.970450781
6.987363281
6.957714844
6.9432
6.978185156
6.996154688
6.971378906
6.955884375
6.9848625
7.007446875
6.98506875
6.968104688
6.991900781
7.012860938
6.998526563
6.977385938
6.998165625
7.023405469
7.01105625
6.990147656
7.0026
7.032377344
7.024204688
6.999944531
7.007292188
7.039776563
7.016083594
7.016521875
7.049057813
7.051764844
7.026009375
7.022735156
7.057024219
7.06468125
7.036244531
7.029438281
7.062489844
7.076308594
7.050217969
7.037714063
7.070172656
7.088889844
7.0624125
7.050192188
7.079041406
7.097913281
7.075483594
7.058132813
7.085641406
7.106240625
7.087703906
7.069270313
7.091467969
7.115882813
7.103714063
7.079092969
7.096366406
7.128
7.115779688
7.091467969
7.106601563
7.129572656
7.125473438
7.148702344
7.129108594
7.110210938
7.134832031
7.158241406
7.140761719
7.116630469
7.136327344
7.163913281
7.150352344
7.129959375
7.141638281
7.173349219
7.165846875
7.140839063
7.146871875
7.178041406
7.178067188
7.152028125
7.157107031
7.18719375
7.188611719
7.161644531
7.168450781
7.196964844
7.202842969
7.180078125
7.170023438
7.203667969
7.216300781
7.188225
7.180748438
7.212691406
7.228108594
7.20039375
7.187992969
7.235739844
7.214599219
7.200007031
7.224164063
7.247521875
7.228546875
7.207638281
7.230944531
7.2546375
7.240896094
7.22101875
7.236358594
7.263841406
7.25731875
7.227928125
7.245278906
7.273483594
7.267553906
7.240844531
7.248424219
7.2818625
7.281269531
7.254534375
7.258478906
7.290189844
7.290267188
7.265207813
7.265130469
7.299084375
7.306174219
7.278717188
7.271807813
7.304601563
7.316976563
7.293799219
7.278485156
7.30888125
7.30455
7.289828906
7.3194
7.340901563
7.320663281
7.302152344
7.324092188
7.348403906
7.330589063
7.309809375
7.332110156
7.356911719
7.345232813
7.322751563
7.3363125
7.365239063
7.358175
7.332213281
7.343350781
7.374030469
7.37075625
7.345464844
7.35013125
7.382847656
7.383208594
7.357607813
7.356421875
7.390040625
7.396692188
7.369003125
7.364903906
7.397336719
7.409479688
7.381584375
7.373540625
7.404349219
7.396434375
7.381842188
7.409995313
7.430491406
7.408164844
7.390092188
7.419250781
7.443253125
7.421364844
7.400791406
7.427449219
7.450678125
7.436988281
7.413063281
7.434152344
7.461480469
7.449492188
7.4270625
7.435750781
7.469034375
7.462795313
7.436395313
7.445960156
7.475221875
7.470220313
7.450600781
7.450471875
7.482904688
7.487545313
7.459469531
7.461789844
7.49079375
7.501441406
7.473082031
7.4658375
7.492907813
7.509407813
7.473339844
7.506675
7.522865625
7.498579688
7.483394531
7.514847656
7.532791406
7.508505469
7.492314844
7.513326563
7.538953125
7.524670313
7.504432031
7.527325781
7.549703906
7.53328125
7.51513125
7.531785938
7.560970313
7.549420313
7.526784375
7.538308594
7.566203906
7.563445313
7.53575625
7.547821875
7.569890625
7.569271875
7.547203125
7.548517969
7.585823438
7.5846375
7.564347656
7.560145313
7.591546875
7.596342188
7.5669
7.598121094
7.613821875
7.584379688
7.575098438
7.597321875
7.624263281
7.598172656
7.581621094
7.610341406
7.631482031
7.611346875
7.59639375
7.621994531
7.646692969
7.626016406
7.603664063
7.623180469
7.650740625
7.638958594
7.620267188
7.631301563
7.656541406
7.649992969
7.629548438
7.64259375
7.670669531
7.667807813
7.639628906
7.647079688
7.677527344
7.679435156
7.651153125
7.650766406
7.684514063
7.686215625
7.664069531
7.689721875
7.704597656
7.677011719
7.66755
7.696605469
7.716044531
7.689154688
7.677089063
7.70570625
7.726228125
7.700601563
7.685107031
7.711042969
7.736875781
7.714497656
7.696270313
7.718777344
7.746389063
7.727903906
7.706660156
7.729347656
7.756675781
7.744429688
7.717488281
7.733601563
7.763301563
7.759872656
7.730069531
7.739969531
7.773253125
7.767142969
7.741439063
7.747961719
7.781116406
7.784107031
7.75685625
7.755928125
7.797384375
7.770958594
7.76221875
7.793542969
7.809553125
7.7826375
7.774619531
7.802050781
7.818421875
7.795476563
7.780884375
7.80800625
7.82904375
7.808521875
7.790707031
7.814760938
7.83688125
7.821747656
7.800246094
7.82120625
7.849617188
7.832214844
7.811177344
7.8280125
7.856526563
7.846110938
7.825563281
7.835385938
7.864364063
7.861270313
7.836442969
7.844254688
7.87400625
7.873439063
7.8441
7.847580469
7.853329688
7.868669531
7.893728906
7.886278125
7.865240625
7.873877344
7.901257031
7.898988281
7.876635938
7.877409375
7.909739063
7.913632031
7.883390625
7.883519531
7.919639063
7.924511719
7.895791406
7.894889063
7.926522656
7.936525781
7.907264063
7.89834375
7.931292188
7.945832813
7.921546875
7.905871875
7.940315625
7.960425
7.933432031
7.916132813
7.948359375
7.9699125
7.946967188
7.929384375
7.95485625
7.971923438
7.953464063
7.958465625
7.985639063
7.971717188
7.9484625
7.965710156
7.99280625
7.988913281
7.960889063
7.971846094
7.999071094
7.997240625
7.971253125
7.98001875
8.010414844
8.011085156
7.985484375
7.98785625
8.017659375
8.022325781
7.998091406
7.993657031
8.026502344
8.036015625
8.009692969
8.000308594
8.029828125
8.047823438
8.022274219
8.009125781
8.041300781
8.062982813
8.035113281
8.020082813
8.050221094
8.070021094
8.042228906
8.053134375
8.079250781
8.064632813
8.041739063
8.057903906
8.084690625
8.076595313
8.055067969
8.066617969
8.098535156
8.089357031
8.060739844
8.072753906
8.105186719
8.10335625
8.075564063
8.083942969
8.114235938
8.116014844
8.087526563
8.0928375
8.119624219
8.1279
8.097503906
8.094332813
8.125992188
8.139217969
8.116324219
8.105264063
8.13635625
8.159353125
8.126430469
8.119959375
8.135814844
8.161389844
8.132978906
8.114467969
8.172372656
8.151103125
8.130271875
8.146823438
8.174254688
8.163065625
8.146488281
8.157986719
8.188357031
8.177477344
8.153629688
8.164096875
8.196813281
8.194157813
8.163890625
8.168350781
8.203671094
8.20771875
8.177683594
8.177657813
8.20771875
8.213622656
8.187377344
8.185701563
8.213339063
8.229864844
8.209935938
8.198617969
8.22050625
8.246235938
8.214653906
8.206094531
8.225430469
8.253428906
8.226358594
8.208363281
8.256960938
8.23783125
8.223703125
8.244663281
8.2710375
8.252294531
8.232339844
8.245282031
8.279467969
8.268639844
8.243167969
8.255800781
8.283721875
8.282226563
8.256522656
8.264695313
8.295864844
8.29269375
8.265288281
8.269000781
8.30218125
8.303702344
8.279854688
8.278410938
8.312210156
8.317340625
8.290502344
8.285990625
8.318707031
8.329664063
8.306460938
8.294678906
8.327085938
8.342116406
8.318423438
8.304888281
8.331030469
8.331958594
8.314788281
8.337475781
8.361710156
8.344565625
8.327498438
8.340775781
8.372950781
8.358332813
8.335671094
8.352996094
8.377410938
8.374446094
8.3477625
8.355264844
8.392080469
8.38798125
8.36055
8.365680469
8.400588281
8.4038625
8.371197656
8.37024375
8.406260156
8.415335156
8.384371875
8.382567188
8.412370313
8.431964063
8.400536719
8.385480469
8.422399219
8.437584375
8.412396094
8.399350781
8.427426563
8.445989063
8.4112875
8.436192188
8.457178125
8.437300781
8.420310938
8.447639063
8.465634375
8.451686719
8.430700781
8.449108594
8.471615625
8.465763281
8.442534375
8.453259375
8.484996094
8.472492188
8.455760156
8.459085938
8.492189063
8.490332813
8.457951563
8.469321094
8.500335938
8.505053906
8.473085156
8.476127344
8.507632031
8.513871094
8.487367969
8.482753125
8.516732813
8.530680469
8.502733594
8.490590625
8.524028906
8.53565625
8.504022656
8.533052344
8.550660938
8.528875781
8.509410938
8.535140625
8.559117188
8.543545313
8.520264844
8.538827344
8.563938281
8.556848438
8.532124219
8.546226563
8.575333594
8.566825781
8.547103125
8.553548438
8.584717969
8.581830469
8.555404688
8.560870313
8.593689844
8.593277344
8.567573438
8.568295313
8.599232813
8.607250781
8.581185938
8.577757031
8.609828906
8.620038281
8.591885156
8.584666406
8.613592969
8.627076563
8.602120313
8.6340375
8.607921094
8.610215625
8.638961719
8.645819531
8.617975781
8.614417969
8.647160156
8.657240625
8.628932813
8.6216625
8.654301563
8.669615625
8.64208125
8.629835156
8.662448438
8.679928125
8.65239375
8.637517969
8.668120313
8.689957031
8.665155469
8.648578125
8.677117969
8.699186719
8.677994531
8.660901563
8.682067969
8.71138125
8.696015625
8.672348438
8.690111719
8.716872656
8.708313281
8.681913281
8.696428125
8.711639063
8.689492969
8.716769531
8.741235938
8.726257031
8.707539844
8.716305469
8.744071875
8.74108125
8.709885938
8.724813281
8.756807813
8.749460156
8.725844531
8.734816406
8.760546094
8.7648
8.737652344
8.737910156
8.772972656
8.770910156
8.749202344
8.744020313
8.775086719
8.787384375
8.761319531
8.755338281
8.7841875
8.800352344
8.773101563
8.764542188
8.791251563
8.81038125
8.783775
8.770600781
8.800120313
8.816078906
8.782305469
8.805946875
8.824380469
8.813964844
8.798264063
8.809607813
8.834847656
8.82399375
8.808653906
8.816130469
8.838379688
8.838998438
8.814196875
8.822833594
8.85864375
8.857328906
8.83141875
8.830103906
8.859571875
8.861325
8.837709375
8.837477344
8.869007813
8.876484375
8.850471094
8.844902344
8.877850781
8.892314063
8.860603125
8.850471094
8.884064063
8.906777344
8.875736719
8.860938281
8.888446875
8.906210156
8.8737
8.894763281
8.921111719
8.906932031
8.87844375
8.902059375
8.934002344
8.917760156
8.892185156
8.906674219
8.938591406
8.929464844
8.903838281
8.914692188
8.94856875
8.936503125
8.919178125
8.920699219
8.952745313
8.954833594
8.92918125
8.933151563
8.960247656
8.967363281
8.941865625
8.937869531
8.965971094
8.980485938
8.951172656
8.946583594
8.975742188
8.9929125
8.967930469
8.952951563
8.984920313
8.997965625
8.976489844
8.9892
9.011346094
8.993557031
8.972107031
8.994253125
9.026376563
9.00466875
8.981336719
9.002219531
9.037488281
9.023308594
8.994510938
9.006035156
9.044758594
9.036482813
9.005132813
9.016914844
9.0490125
9.048960938
9.021839063
9.022999219
9.05705625
9.06324375
9.036482813
9.0325125
9.063785156
9.072009375
9.045532031
9.040685156
9.070024219
9.087426563
9.062238281
9.050559375
9.080310938
9.099389063
9.063733594
9.056489063
9.110165625
9.088277344
9.069457031
9.092711719
9.115192969
9.099930469
9.080671875
9.101322656
9.125711719
9.110861719
9.089566406
9.1075875
9.132234375
9.129914063
9.098125781
9.109572656
9.142134375
9.140020313
9.115167188
9.116610938
9.148785938
9.150461719
9.123442969
9.125660156
9.157525781
9.165053906
9.13873125
9.133317188
9.167271094
9.177042188
9.148863281
9.140535938
9.1702875
9.188489063
9.165466406
9.146955469
9.20060625
9.176629688
9.159665625
9.184621875
9.20431875
9.191092969
9.1702875
9.189494531
9.217389844
9.208340625
9.180703125
9.196171875
9.223989844
9.217725
9.193103906
9.201998438
9.235410938
9.228527344
9.201740625
9.213058594
9.242449219
9.239303906
9.21751875
9.218833594
9.25134375
9.257144531
9.227728125
9.229867969
9.256757813
9.267199219
9.241959375
9.235075781
9.26475
9.277666406
9.253457813
9.241314844
9.271865625
9.265626563
9.252916406
9.279032813
9.298420313
9.279625781
9.259413281
9.2874375
9.310099219
9.294321094
9.27155625
9.292722656
9.316802344
9.30538125
9.282461719
9.298703906
9.327114844
9.316957031
9.294011719
9.30125625
9.337195313
9.332580469
9.30579375
9.311207813
9.345935156
9.348590625
9.317678906
9.319844531
9.353592188
9.360501563
9.332039063
9.325052344
9.3559125
9.374629688
9.344182031
9.335828906
9.365528906
9.354210938
9.3847875
9.380636719
9.360063281
9.36395625
9.395589844
9.397523438
9.371278125
9.364807031
9.399302344
9.407088281
9.380765625
9.369009375
9.404845313
9.419282813
9.391877344
9.387210938
9.411857813
9.431116406
9.409047656
9.392728125
9.420417188
9.444290625
9.412992188
9.3979875
9.426063281
9.447642188
9.427584375
9.410414063
9.433282031
9.461409375
9.441764063
9.422273438
9.437510156
9.469942969
9.458985938
9.429466406
9.475408594
9.468705469
9.442434375
9.454371094
9.483478125
9.483142969
9.457464844
9.459914063
9.488711719
9.494048438
9.471953906
9.460713281
9.499282031
9.511760156
9.480513281
9.471902344
9.505959375
9.519571875
9.4941
9.474686719
9.516375
9.52854375
9.501292969
9.494950781
9.524934375
9.539449219
9.517664063
9.501396094
9.526171875
9.550251563
9.529420313
9.510316406
9.535659375
9.558321094
9.542903906
9.514415625
9.567292969
9.557238281
9.53514375
9.541563281
9.573996094
9.570386719
9.546435938
9.552726563
9.5811375
9.585494531
9.559816406
9.557779688
9.587402344
9.599210156
9.572758594
9.564199219
9.59805
9.611378906
9.577476563
9.572603906
9.604778906
9.618159375
9.594672656
9.58216875
9.612667969
9.631591406
9.607357031
9.591372656
9.618958594
9.639764063
9.619474219
9.602226563
9.626151563
9.648839063
9.634246875
9.608542969
9.627853125
9.647988281
9.626770313
9.636283594
9.669103125
9.66343125
9.635510156
9.641027344
9.678667969
9.679260938
9.648349219
9.651107813
9.686505469
9.688722656
9.661342969
9.656264063
9.692796094
9.704320313
9.67580625
9.666525
9.698416406
9.712260938
9.68715
9.676863281
9.706795313
9.724532813
9.698442188
9.683953125
9.711332813
9.733092188
9.713678906
9.697178906
9.722444531
9.742141406
9.726930469
9.707723438
9.724171875
9.751345313
9.717752344
9.732060938
9.761967188
9.756011719
9.72675
9.733246875
9.765215625
9.766040625
9.742373438
9.74634375
9.776920313
9.782798438
9.751989844
9.750185156
9.783546094
9.792982031
9.767303906
9.7543875
9.794580469
9.8038875
9.775657031
9.768850781
9.798911719
9.816752344
9.793446094
9.779266406
9.8109
9.827322656
9.79996875
9.784628906
9.815514844
9.838692188
9.815385938
9.801103125
9.822192188
9.842353125
9.804815625
9.825002344
9.856584375
9.843874219
9.818402344
9.830235938
9.861121875
9.858440625
9.831060938
9.838150781
9.865504688
9.868572656
9.842224219
9.84555
9.875894531
9.880638281
9.855217969
9.85215
9.883732031
9.896416406
9.868108594
9.854573438
9.891621094
9.908610938
9.883525781
9.868185938
9.899819531
9.91794375
9.893296875
9.879710156
9.908172656
9.927998438
9.906986719
9.891775781
9.915210938
9.936815625
9.916113281
9.918820313
9.946122656
9.934108594
9.910054688
9.925832813
9.954810938
9.948442969
9.923048438
9.932303906
9.962029688
9.959064844
9.934907813
9.940167188
9.969532031
9.972703125
9.946870313
9.946225781
9.982139063
9.987424219
9.957569531
9.95424375
9.988635938
9.997917188
9.971310938
9.964298438
9.999386719
10.00959609
9.985052344
9.971800781
10.00485234
10.02395625
9.996292969
9.981391406
10.01256094
10.03305703
10.0043625
10.01831016
10.03831641
10.02617344
10.00181016
10.02186797
10.04669531
10.03646016
10.01513906
10.02519375
10.05729141
10.05249609
10.02733359
10.03450078
10.06703672
10.06394297
10.03839375
10.04267344
10.07412656
10.0749
10.05339844
10.04801016
10.08142266
10.09183828
10.06848047
10.05729141
10.09199297
10.09980469
10.07520938
10.06396875
10.09271484
10.10859609
10.08392344
10.07224453
10.102125
10.12455469
10.10163516
10.08454219
10.09732969
10.09787109
10.12287891
10.13868281
10.11370078
10.10398125
10.13234063
10.14786094
10.12697813
10.11259219
10.13811563
10.1611125
10.13824453
10.118625
10.14688125
10.17121875
10.14915
10.13197969
10.15085156
10.17900469
10.16219531
10.1371875
10.16015859
10.18563047
10.17518906
10.14471563
10.16088047
10.19248828
10.18684219
10.1668875
10.17219844
10.201125
10.20058359
10.1734875
10.18106719
10.20586875
10.18813125
10.18506328
10.21625859
10.23059297
10.20488906
10.19114766
10.22427656
10.23752813
10.20762188
10.19779922
10.23353203
10.24871719
10.22211094
10.20940078
10.23776016
10.25549766
10.23574922
10.21718672
10.24552031
10.26856875
10.25139844
10.23611016
10.24807266
10.27983516
10.26379922
10.23763125
10.25939063
10.28909063
10.28040234
10.253925
10.26761484
10.29308672
10.28960625
10.26367031
10.2741375
10.29607734
10.29442734
10.27805625
10.30770469
10.31989922
10.29313828
10.28272266
10.31933203
10.3302375
10.30262578
10.29226172
10.32536484
10.34305078
10.31791406
10.29597422
10.33235156
10.35191953
10.32874219
10.31213906
10.343025
10.36254141
10.34127188
10.32178125
10.34859375
10.37308594
10.3591125
10.33511016
10.35264141
10.38208359
10.37298281
10.34462344
10.36122656
10.392525
10.38401719
10.36060781
10.36620234
10.39866094
10.39296328
10.36751719
10.40590547
10.41338203
10.3846875
10.37971172
10.4135625
10.42369453
10.39835156
10.38834844
10.41846094
10.43604375
10.40992734
10.39631484
10.42727813
10.44553125
10.42121953
10.40667891
10.43431641
10.45530234
10.43413594
10.41467109
10.43882813