0,8
1,5
2,4
3,5
4,8
5,10
6,6
7,8
8,9
9,10
10,14
11,12
12,14
13,12
14,16
15,18
16,14
17,18
18,18
19,20
20,23
21,19
22,22
23,26
24,23
25,28
26,22
27,32
28,29
29,28
30,31
31,29
32,36
33,36
34,35
35,37
36,38
37,37
38,37
39,36
40,45
41,40
42,44
43,42
44,43
45,48
46,44
47,48
48,47
49,50
50,53
51,49
52,54
53,54
54,52
55,58
56,57
57,60
58,58
59,59
60,61
61,61
62,61
63,62
64,62
65,69
66,64
67,68
68,69
69,68
70,72
71,70
72,73
73,75
74,72
75,78
76,80
77,75
78,80
79,81
80,80
81,84
82,83
83,83
84,82
85,86
86,86
87,85
88,87
89,88
90,90
91,93
92,88
93,92
94,95
95,94
96,98
97,93
98,97
99,98
100,99
101,103
102,102
103,102
104,106
105,105
106,106
107,105
108,107
109,109
110,111
111,116
112,110
113,110
114,111
115,113
116,116
117,114
118,117
119,121
120,121
121,123
122,119
123,121
124,124
125,122
126,125
127,122
128,126
129,126
130,131
131,133
132,131
133,131
134,131
135,134
136,135
137,132
138,136
139,140
140,139
141,138
142,143
143,141
144,143
145,143
146,144
147,150
148,147
149,152
150,150
151,151
152,155
153,150
154,151
155,153
156,152
157,160
158,154
159,160
160,161
161,161
162,164
163,163
164,161
165,162
166,164
167,166
168,163
169,169
170,170
171,167
172,174
173,171
174,176
175,170
176,173
177,176
178,178
179,181
180,179
181,178
182,181
183,180
184,184
185,185
186,184
187,190
188,185
189,187
190,188
191,190
192,192
193,188
194,193
195,195
196,194
197,197
198,194
199,194
200,201
201,196
202,202
203,202
204,201
205,205
206,204
207,207
208,206
209,204
210,211
211,207
212,209
213,214
214,212
215,216
216,214
217,218
218,215
219,218
220,221
221,217
222,219
223,223
224,222
225,226
226,225
227,224
228,224
229,226
230,230
231,227
232,231
233,232
234,231
235,232
236,234
237,235
238,236
239,239
240,242
241,240
242,243
243,242
244,239
245,245
246,244
247,243
248,251
249,244
250,247
251,251
252,252
253,251
254,250
255,255
256,258
257,254
258,258
259,256
260,260
261,263
262,261
263,265
264,261
265,262
266,269
267,263
268,270
269,270
270,269
271,270
272,267
273,273
274,270
275,273
276,277
277,273
278,280
279,275
280,277
281,282
282,281
283,280
284,282
285,282
286,286
287,284
288,285
289,286
290,285
291,289
292,290
293,295
294,293
295,295
296,295
297,296
298,296
299,300
300,299
301,304
302,298
303,301
304,301
305,300
306,308
307,302
308,309
309,310
310,308
311,308
312,311
313,312
314,314
315,313
316,316
317,315
318,317
319,317
320,315
321,322
322,320
323,318
324,323
325,324
326,328
327,326
328,322
329,330
330,325
331,329
332,330
333,331
334,334
335,331
336,334
337,333
338,334
339,340
340,339
341,341
342,339
343,336
344,343
345,340
346,342
347,347
348,347
349,349
350,345
351,347
352,352
353,350
354,354
355,350
356,355
357,358
358,352
359,357
360,358
361,360
362,362
363,360
364,362
365,362
366,363
367,366
368,365
369,366
370,372
371,366
372,370
373,371
374,371
375,376
376,372
377,379
378,375
379,375
380,381
381,378
382,379
383,383
384,384
385,384
386,384
387,385
388,386
389,384
390,389
391,388
392,387
393,389
394,391
395,393
396,391
397,397
398,396
399,394
400,398
401,399
402,401
403,401
404,402
405,402
406,403
407,403
408,405
409,405
410,409
411,407
412,409
413,412
414,411
415,412
416,411
417,415
418,414
419,414
420,420
421,415
422,418
423,422
424,422
425,421
426,424
427,421
428,427
429,424
430,427
431,431
432,428
433,429
434,429
435,432
436,433
437,431
438,437
439,437
440,438
441,441
442,438
443,442
444,442
445,442
446,445
447,442
448,448
449,445
450,447
451,451
452,446
453,451
454,445
455,453
456,454
457,453
458,457
459,454
460,455
461,461
462,459
463,460
464,458
465,459
466,465
467,461
468,467
469,467
470,468
471,467
472,465
473,472
474,471
475,474
476,473
477,471
478,478
479,474
480,476
481,476
482,478
483,477
484,483
485,479
486,485
487,483
488,485
489,489
490,483
491,490
492,489
493,485
494,490
495,487
496,492
497,493
498,490
499,496
500,497
501,499
502,497
503,498
504,500
505,497
506,503
507,505
508,503
509,508
510,502
511,505
512,510
513,509
514,511
515,508
516,513
517,513
518,512
519,516
520,514
521,517
522,519
523,520
524,522
525,521
526,523
527,524
528,521
529,526
530,525
531,529
532,526
533,526
534,531
535,531
536,535
537,532
538,533
539,537
540,537
541,532
542,538
543,539
544,539
545,542
546,541
547,545
548,544
549,546
550,546
551,546
552,550
553,550
554,552
555,551
556,551
557,556
558,554
559,555
560,560
561,557
562,560
563,556
564,560
565,564
566,562
567,565
568,564
569,564
570,565
571,566
572,566
573,568
574,568
575,570
576,570
577,576
578,573
579,576
580,575
581,575
582,576
583,580
584,582
585,582
586,577
587,587
588,585
589,583
590,586
591,584
592,585
593,590
594,585
595,590
596,589
597,591
598,597
599,590
600,594
601,594
602,595
603,598
604,597
605,604
606,599
607,603
608,604
609,602
610,607
611,604
612,608
613,610
614,609
615,610
616,610
617,612
618,616
619,613
620,613
621,614
622,616
623,618
624,615
625,619
626,623
627,622
628,623
629,625
630,625
631,625
632,625
633,628
634,626
635,628
636,629
637,629
638,635
639,631
640,634
641,637
642,637
643,637
644,637
645,641
646,640
647,643
648,642
649,644
650,646
651,648
652,646
653,649
654,649
655,649
656,654
657,649
658,652
659,653
660,652
661,654
662,656
663,657
664,661
665,660
666,665
667,666
668,665
669,666
670,660
671,667
672,666
673,667
674,671
675,667
676,670
677,673
678,673
679,673
680,672
681,678
682,674
683,675
684,678
685,676
686,684
687,683
688,683
689,686
690,684
691,689
692,684
693,686
694,693
695,687
696,694
697,693
698,690
699,697
700,695
701,698
702,696
703,698
704,702
705,698
706,703
707,702
708,699
709,704
710,703
711,702
712,705
713,703
714,711
715,707
716,708
717,712
718,712
719,712
720,713
721,712
722,717
723,715
724,720
725,718
726,722
727,723
728,719
729,725
730,726
731,724
732,728
733,724
734,730
735,730
736,730
737,735
738,728
739,734
740,736
741,734
742,735
743,734
744,738
745,742
746,737
747,741
748,740
749,742
750,745
751,743
752,752
753,744
754,749
755,749
756,747
757,756
758,753
759,755
760,754
761,756
762,756
763,755
764,758
765,761
766,762
767,762
768,765
769,762
770,766
771,765
772,767
773,769
774,769
775,768
776,772
777,770
778,776
779,772
780,776
781,778
782,778
783,777
784,775
785,782
786,782
787,782
788,786
789,778
790,785
791,785
792,786
793,791
794,785
795,793
796,790
797,793
798,797
799,792
800,797
801,798
802,800
803,797
804,796
805,801
806,800
807,800
808,804
809,803
810,807
811,805
812,806
813,808
814,809
815,809
816,810
817,811
818,813
819,814
820,815
821,817
822,815
823,818
824,816
825,820
826,825
827,818
828,822
829,822
830,826
831,825
832,824
833,830
834,831
835,830
836,830
837,829
838,832
839,835
840,834
841,837
842,834
843,838
844,836
845,839
846,842
847,841
848,843
849,846
850,840
851,847
852,843
853,845
854,850
855,851
856,855
857,848
858,854
859,856
860,853
861,856
862,854
863,857
864,859
865,859
866,864
867,860
868,862
869,865
870,861
871,865
872,865
873,866
874,867
875,869
876,872
877,874
878,870
879,877
880,876
881,874
882,877
883,878
884,883
885,876
886,880
887,885
888,879
889,886
890,885
891,885
892,889
893,885
894,893
895,888
896,891
897,896
898,895
899,896
900,894
901,894
902,898
903,897
904,898
905,900
906,901
907,903
908,899
909,907
910,906
911,906
912,910
913,904
914,908
915,911
916,908
917,914
918,909
919,916
920,913
921,912
922,916
923,915
924,920
925,919
926,923
927,922
928,920
929,927
930,921
931,925
932,931
933,926
934,931
935,932
936,930
937,935
938,933
939,932
940,937
941,934
942,941
943,936
944,940
945,941
946,937
947,941
948,944
949,941
950,948
951,943
952,948
953,949
954,946
955,953
956,950
957,955
958,953
959,953
960,956
961,951
962,959
963,958
964,955
965,963
966,958
967,960
968,966
969,959
970,965
971,965
972,968
973,967
974,965
975,973
976,969
977,973
978,972
979,973
980,974
981,976
982,978
983,977
984,975
985,978
986,979
987,981
988,985
989,980
990,983
991,983
992,985
993,987
994,990
995,990
996,990
997,990
998,992
999,992
1000,994
1001,996
1002,997
1003,998
1004,998
1005,1001
1006,999
1007,1002
1008,1004
1009,1004
1010,1006
1011,1005
1012,1009
1013,1008
1014,1007
1015,1008
1016,1008
1017,1010
1018,1013
1019,1013
1020,1017
1021,1011
1022,1015
1023,1017
1024,1015
1025,1019
1026,1019
1027,1022
1028,1020
1029,1023
1030,1026
1031,1023
1032,1028
1033,1026
1034,1030
1035,1033
1036,1025
1037,1034
1038,1031
1039,1031
1040,1036
1041,1033
1042,1033
1043,1039
1044,1039
1045,1039
1046,1038
1047,1039
1048,1045
1049,1039
1050,1046
1051,1045
1052,1047
1053,1047
1054,1048
1055,1049
1056,1051
1057,1050
1058,1054
1059,1050
1060,1053
1061,1055
1062,1054
1063,1059
1064,1059
1065,1058
1066,1057
1067,1058
1068,1065
1069,1060
1070,1062
1071,1064
1072,1065
1073,1066
1074,1067
1075,1071
1076,1069
1077,1071
1078,1073
1079,1070
1080,1069
1081,1075
1082,1076
1083,1081
1084,1078
1085,1081
1086,1081
1087,1077
1088,1083
1089,1085
1090,1079
1091,1089
1092,1086
1093,1089
1094,1091
1095,1087
1096,1090
1097,1091
1098,1093
1099,1096
1100,1093
1101,1095
1102,1097
1103,1100
1104,1100
1105,1095
1106,1101
1107,1100
1108,1101
1109,1108
1110,1100
1111,1103
1112,1103
1113,1108
1114,1110
1115,1108
1116,1110
1117,1112
1118,1112
1119,1116
1120,1111
1121,1116
1122,1115
1123,1119
1124,1119
1125,1118
1126,1118
1127,1122
1128,1120
1129,1122
1130,1119
1131,1127
1132,1125
1133,1124
1134,1126
1135,1129
1136,1127
1137,1134
1138,1132
1139,1133
1140,1135
1141,1132
1142,1135
1143,1136
1144,1139
1145,1140
1146,1142
1147,1144
1148,1140
1149,1142
1150,1143
1151,1142
1152,1149
1153,1142
1154,1148
1155,1147
1156,1148
1157,1152
1158,1147
1159,1152
1160,1155
1161,1151
1162,1159
1163,1155
1164,1159
1165,1157
1166,1155
1167,1161
1168,1157
1169,1162
1170,1164
1171,1163
1172,1166
1173,1164
1174,1168
1175,1166
1176,1170
1177,1171
1178,1167
1179,1171
1180,1174
1181,1174
1182,1175
1183,1177
1184,1177
1185,1181
1186,1179
1187,1180
1188,1181
1189,1181
1190,1183
1191,1184
1192,1183
1193,1189
1194,1184
1195,1189
1196,1186
1197,1190
1198,1194
1199,1188
1200,1197
1201,1191
1202,1194
1203,1197
1204,1193
1205,1200
1206,1197
1207,1198
1208,1200
1209,1203
1210,1203
1211,1201
1212,1203
1213,1208
1214,1205
1215,1207
1216,1209
1217,1211
1218,1212
1219,1212
1220,1212
1221,1216
1222,1213
1223,1218
1224,1213
1225,1221
1226,1217
1227,1216
1228,1221
1229,1219
1230,1221
1231,1226
1232,1221
1233,1225
1234,1227
1235,1227
1236,1229
1237,1227
1238,1234
1239,1231
1240,1231
1241,1234
1242,1233
1243,1236
1244,1238
1245,1234
1246,1242
1247,1238
1248,1242
1249,1241
1250,1242
1251,1243
1252,1242
1253,1246
1254,1247
1255,1245
1256,1249
1257,1250
1258,1251
1259,1250
1260,1250
1261,1256
1262,1252
1263,1254
1264,1258
1265,1258
1266,1262
1267,1258
1268,1262
1269,1265
1270,1263
1271,1265
1272,1265
1273,1264
1274,1268
1275,1267
1276,1271
1277,1268
1278,1269
1279,1276
1280,1270
1281,1272
1282,1273
1283,1275
1284,1280
1285,1278
1286,1278
1287,1279
1288,1277
1289,1284
1290,1282
1291,1286
1292,1286
1293,1286
1294,1287
1295,1286
1296,1290
1297,1292
1298,1289
1299,1290
1300,1289
1301,1293
1302,1296
1303,1294
1304,1296
1305,1299
1306,1297
1307,1301
1308,1299
1309,1301
1310,1302
1311,1304
1312,1306
1313,1304
1314,1308
1315,1308
1316,1308
1317,1309
1318,1308
1319,1312
1320,1315
1321,1314
1322,1317
1323,1313
1324,1316
1325,1318
1326,1317
1327,1319
1328,1318
1329,1320
1330,1325
1331,1321
1332,1328
1333,1325
1334,1327
1335,1328
1336,1329
1337,1328
1338,1331
1339,1331
1340,1334
1341,1331
1342,1334
1343,1336
1344,1337
1345,1339
1346,1335
1347,1340
1348,1342
1349,1341
1350,1344
1351,1339
1352,1345
1353,1345
1354,1345
1355,1349
1356,1347
1357,1350
1358,1348
1359,1351
1360,1355
1361,1352
1362,1355
1363,1353
1364,1354
1365,1359
1366,1359
1367,1356
1368,1363
1369,1360
1370,1362
1371,1367
1372,1361
1373,1365
1374,1362
1375,1366
1376,1365
1377,1368
1378,1374
1379,1369
1380,1371
1381,1372
1382,1375
1383,1375
1384,1376
1385,1376
1386,1381
1387,1378
1388,1379
1389,1381
1390,1381
1391,1382
1392,1379
1393,1387
1394,1382
1395,1388
1396,1386
1397,1385
1398,1392
1399,1387
1400,1391
1401,1395
1402,1390
1403,1398
1404,1393
1405,1396
1406,1398
1407,1400
1408,1402
1409,1400
1410,1402
1411,1402
1412,1400
1413,1404
1414,1408
1415,1402
1416,1408
1417,1409
1418,1412
1419,1414
1420,1408
1421,1412
1422,1413
1423,1413
1424,1416
1425,1412
1426,1417
1427,1419
1428,1417
1429,1424
1430,1420
1431,1424
1432,1427
1433,1422
1434,1425
1435,1423
1436,1429
1437,1427
1438,1431
1439,1433
1440,1427
1441,1434
1442,1433
1443,1435
1444,1438
1445,1433
1446,1437
1447,1437
1448,1438
1449,1441
1450,1439
1451,1442
1452,1444
1453,1444
1454,1447
1455,1443
1456,1447
1457,1446
1458,1451
1459,1453
1460,1448
1461,1451
1462,1456
1463,1451
1464,1455
1465,1455
1466,1455
1467,1458
1468,1456
1469,1461
1470,1462
1471,1462
1472,1464
1473,1462
1474,1463
1475,1464
1476,1464
1477,1467
1478,1468
1479,1469
1480,1469
1481,1473
1482,1475
1483,1470
1484,1478
1485,1472
1486,1476
1487,1478
1488,1477
1489,1479
1490,1482
1491,1481
1492,1486
1493,1483
1494,1486
1495,1485
1496,1487
1497,1487
1498,1489
1499,1488
1500,1492
1501,1492
1502,1492
1503,1492
1504,1492
1505,1495
1506,1495
1507,1496
1508,1497
1509,1499
1510,1501
1511,1499
1512,1505
1513,1504
1514,1506
1515,1508
1516,1505
1517,1508
1518,1511
1519,1507
1520,1514
1521,1513
1522,1516
1523,1516
1524,1514
1525,1515
1526,1512
1527,1518
1528,1522
1529,1519
1530,1521
1531,1522
1532,1522
1533,1525
1534,1525
1535,1524
1536,1527
1537,1530
1538,1530
1539,1526
1540,1529
1541,1529
1542,1531
1543,1535
1544,1532
1545,1535
1546,1535
1547,1537
1548,1539
1549,1540
1550,1541
1551,1539
1552,1545
1553,1543
1554,1541
1555,1546
1556,1550
1557,1543
1558,1547
1559,1550
1560,1551
1561,1551
1562,1551
1563,1555
1564,1553
1565,1555
1566,1560
1567,1558
1568,1561
1569,1562
1570,1561
1571,1562
1572,1559
1573,1563
1574,1563
1575,1566
1576,1570
1577,1568
1578,1571
1579,1566
1580,1571
1581,1575
1582,1572
1583,1575
1584,1577
1585,1573
1586,1577
1587,1577
1588,1581
1589,1577
1590,1576
1591,1584
1592,1578
1593,1582
1594,1581
1595,1582
1596,1589
1597,1584
1598,1589
1599,1590
1600,1590
1601,1594
1602,1593
1603,1591
1604,1593
1605,1591
1606,1598
1607,1599
1608,1598
1609,1603
1610,1598
1611,1603
1612,1608
1613,1600
1614,1604
1615,1605
1616,1607
1617,1610
1618,1604
1619,1610
1620,1609
1621,1609
1622,1615
1623,1609
1624,1614
1625,1612
1626,1614
1627,1620
1628,1614
1629,1618
1630,1622
1631,1623
1632,1620
1633,1618
1634,1621
1635,1621
1636,1628
1637,1628
1638,1625
1639,1631
1640,1631
1641,1633
1642,1630
1643,1630
1644,1633
1645,1635
1646,1633
1647,1636
1648,1636
1649,1640
1650,1643
1651,1639
1652,1641
1653,1641
1654,1643
1655,1649
1656,1642
1657,1645
1658,1648
1659,1648
1660,1654
1661,1651
1662,1654
1663,1652
1664,1652
1665,1658
1666,1653
1667,1655
1668,1659
1669,1659
1670,1658
1671,1660
1672,1664
1673,1664
1674,1661
1675,1666
1676,1663
1677,1669
1678,1670
1679,1668
1680,1670
1681,1669
1682,1669
1683,1673
1684,1674
1685,1678
1686,1671
1687,1678
1688,1676
1689,1675
1690,1683
1691,1677
1692,1682
1693,1687
1694,1682
1695,1686
1696,1686
1697,1685
1698,1688
1699,1685
1700,1692
1701,1692
1702,1691
1703,1697
1704,1693
1705,1695
1706,1697
1707,1696
1708,1696
1709,1699
1710,1698
1711,1698
1712,1701
1713,1703
1714,1699
1715,1702
1716,1704
1717,1706
1718,1706
1719,1706
1720,1708
1721,1712
1722,1708
1723,1712
1724,1712
1725,1713
1726,1717
1727,1713
1728,1720
1729,1714
1730,1719
1731,1719
1732,1719
1733,1722
1734,1722
1735,1722
1736,1728
1737,1722
1738,1727
1739,1728
1740,1730
1741,1732
1742,1728
1743,1732
1744,1733
1745,1730
1746,1737
1747,1736
1748,1735
1749,1739
1750,1736
1751,1742
1752,1741
1753,1744
1754,1746
1755,1743
1756,1747
1757,1745
1758,1745
1759,1746
1760,1744
1761,1751
1762,1747
1763,1749
1764,1753
1765,1753
1766,1757
1767,1754
1768,1755
1769,1760
1770,1756
1771,1760
1772,1762
1773,1763
1774,1761
1775,1761
1776,1763
1777,1766
1778,1767
1779,1768
1780,1769
1781,1772
1782,1767
1783,1772
1784,1773
1785,1775
1786,1771
1787,1778
1788,1777
1789,1776
1790,1776
1791,1777
1792,1779
1793,1781
1794,1780
1795,1784
1796,1785
1797,1787
1798,1786
1799,1787
1800,1790
1801,1791
1802,1792
1803,1792
1804,1794
1805,1795
1806,1791
1807,1799
1808,1795
1809,1800
1810,1796
1811,1799
1812,1803
1813,1801
1814,1802
1815,1804
1816,1803
1817,1806
1818,1804
1819,1805
1820,1811
1821,1805
1822,1814
1823,1808
1824,1811
1825,1811
1826,1813
1827,1815
1828,1813
1829,1819
1830,1817
1831,1815
1832,1822
1833,1821
1834,1821
1835,1824
1836,1824
1837,1825
1838,1827
1839,1826
1840,1829
1841,1830
1842,1831
1843,1832
1844,1831
1845,1837
1846,1831
1847,1837
1848,1833
1849,1833
1850,1837
1851,1840
1852,1839
1853,1840
1854,1838
1855,1845
1856,1840
1857,1847
1858,1848
1859,1847
1860,1847
1861,1845
1862,1851
1863,1852
1864,1850
1865,1855
1866,1851
1867,1856
1868,1855
1869,1853
1870,1859
1871,1859
1872,1857
1873,1862
1874,1861
1875,1862
1876,1862
1877,1865
1878,1866
1879,1864
1880,1866
1881,1870
1882,1867
1883,1874
1884,1872
1885,1871
1886,1873
1887,1873
1888,1875
1889,1877
1890,1875
1891,1882
1892,1878
1893,1883
1894,1883
1895,1878
1896,1883
1897,1881
1898,1885
1899,1883
1900,1887
1901,1889
1902,1885
1903,1891
1904,1889
1905,1889
1906,1898
1907,1892
1908,1896
1909,1894
1910,1894
1911,1901
1912,1896
1913,1902
1914,1896
1915,1903
1916,1905
1917,1903
1918,1905
1919,1907
1920,1904
1921,1911
1922,1907
1923,1910
1924,1913
1925,1911
1926,1910
1927,1916
1928,1913
1929,1916
1930,1916
1931,1920
1932,1918
1933,1918
1934,1922
1935,1919
1936,1921
1937,1923
1938,1924
1939,1929
1940,1925
1941,1930
1942,1928
1943,1930
1944,1931
1945,1929
1946,1932
1947,1936
1948,1935
1949,1936
1950,1935
1951,1938
1952,1941
1953,1938
1954,1941
1955,1939
1956,1943
1957,1942
1958,1942
1959,1946
1960,1943
1961,1951
1962,1947
1963,1949
1964,1953
1965,1950
1966,1956
1967,1954
1968,1952
1969,1959
1970,1953
1971,1960
1972,1959
1973,1961
1974,1961
1975,1961
1976,1961
1977,1967
1978,1966
1979,1966
1980,1969
1981,1964
1982,1968
1983,1970
1984,1968
1985,1972
1986,1971
1987,1977
1988,1973
1989,1975
1990,1978
1991,1975
1992,1981
1993,1977
1994,1981
1995,1983
1996,1979
1997,1985
1998,1982
1999,1987
2000,1986
2001,1984
2002,1992
2003,1987
2004,1992
2005,1994
2006,1990
2007,1994
2008,1994
2009,1996
2010,1997
2011,1995
2012,1998
2013,1998
2014,2002
2015,2003
2016,2005
2017,2008
2018,2009
2019,2005
2020,2008
2021,2007
2022,2007
2023,2012
2024,2011
2025,2011
2026,2015
2027,2015
2028,2020
2029,2012
2030,2020
2031,2020
2032,2016
2033,2023
2034,2017
2035,2022
2036,2026
2037,2024
2038,2025
2039,2024
2040,2027
2041,2029
2042,2026
2043,2030
2044,2031
2045,2029
2046,2032
2047,2034
2048,2037
2049,2033
2050,2037
2051,2035
2052,2039
2053,2040
2054,2038
2055,2041
2056,2042
2057,2044
2058,2046
2059,2042
2060,2046
2061,2049
2062,2048
2063,2049
2064,2048
2065,2053
2066,2053
2067,2051
2068,2054
2069,2059
2070,2057
2071,2060
2072,2056
2073,2061
2074,2060
2075,2058
2076,2063
2077,2064
2078,2063
2079,2069
2080,2065
2081,2067
2082,2067
2083,2072
2084,2073
2085,2069
2086,2072
2087,2073
2088,2075
2089,2076
2090,2076
2091,2076
2092,2078
2093,2080
2094,2080
2095,2077
2096,2083
2097,2082
2098,2085
2099,2088
2100,2087
2101,2089
2102,2087
2103,2088
2104,2093
2105,2088
2106,2093
2107,2094
2108,2096
2109,2096
2110,2093
2111,2094
2112,2098
2113,2098
2114,2100
2115,2102
2116,2102
2117,2107
2118,2104
2119,2107
2120,2105
2121,2103
2122,2111
2123,2110
2124,2113
2125,2113
2126,2112
2127,2122
2128,2110
2129,2115
2130,2117
2131,2117
2132,2119
2133,2117
2134,2123
2135,2120
2136,2118
2137,2124
2138,2122
2139,2126
2140,2127
2141,2126
2142,2132
2143,2128
2144,2132
2145,2131
2146,2133
2147,2136
2148,2130
2149,2133
2150,2138
2151,2136
2152,2141
2153,2137
2154,2141
2155,2143
2156,2141
2157,2147
2158,2146
2159,2146
2160,2148
2161,2145
2162,2151
2163,2148
2164,2149
2165,2151
2166,2150
2167,2154
2168,2154
2169,2155
2170,2157
2171,2156
2172,2155
2173,2157
2174,2157
2175,2161
2176,2159
2177,2164
2178,2167
2179,2162
2180,2164
2181,2165
2182,2167
2183,2168
2184,2167
2185,2171
2186,2172
2187,2173
2188,2174
2189,2170
2190,2179
2191,2175
2192,2179
2193,2182
2194,2176
2195,2180
2196,2183
2197,2184
2198,2185
2199,2181
2200,2186
2201,2185
2202,2188
2203,2188
2204,2188
2205,2193
2206,2192
2207,2191
2208,2194
2209,2193
2210,2196
2211,2199
2212,2195
2213,2197
2214,2199
2215,2198
2216,2202
2217,2203
2218,2207
2219,2202
2220,2204
2221,2206
2222,2204
2223,2209
2224,2211
2225,2211
2226,2214
2227,2209
2228,2217
2229,2211
2230,2216
2231,2217
2232,2213
2233,2218
2234,2220
2235,2222
2236,2225
2237,2222
2238,2221
2239,2225
2240,2223
2241,2228
2242,2225
2243,2228
2244,2230
2245,2228
2246,2233
2247,2233
2248,2232
2249,2232
2250,2233
2251,2234
2252,2236
2253,2235
2254,2242
2255,2236
2256,2240
2257,2240
2258,2239
2259,2247
2260,2243
2261,2248
2262,2245
2263,2247
2264,2252
2265,2249
2266,2252
2267,2250
2268,2253
2269,2254
2270,2252
2271,2258
2272,2256
2273,2256
2274,2262
2275,2256
2276,2262
2277,2259
2278,2260
2279,2266
2280,2264
2281,2264
2282,2269
2283,2266
2284,2270
2285,2270
2286,2272
2287,2271
2288,2271
2289,2275
2290,2275
2291,2276
2292,2279
2293,2278
2294,2278
2295,2277
2296,2283
2297,2282
2298,2280
2299,2281
2300,2287
2301,2281
2302,2288
2303,2289
2304,2289
2305,2292
2306,2290
2307,2292
2308,2289
2309,2291
2310,2296
2311,2294
2312,2296
2313,2295
2314,2295
2315,2303
2316,2301
2317,2304
2318,2303
2319,2306
2320,2305
2321,2301
2322,2308
2323,2309
2324,2308
2325,2309
2326,2307
2327,2313
2328,2310
2329,2311
2330,2314
2331,2315
2332,2319
2333,2315
2334,2316
2335,2323
2336,2316
2337,2324
2338,2320
2339,2324
2340,2325
2341,2323
2342,2327
2343,2326
2344,2328
2345,2331
2346,2331
2347,2328
2348,2335
2349,2333
2350,2332
2351,2334
2352,2331
2353,2337
2354,2339
2355,2339
2356,2341
2357,2342
2358,2341
2359,2343
2360,2345
2361,2347
2362,2345
2363,2350
2364,2344
2365,2351
2366,2350
2367,2347
2368,2350
2369,2349
2370,2357
2371,2355
2372,2352
2373,2357
2374,2354
2375,2359
2376,2358
2377,2358
2378,2360
2379,2363
2380,2367
2381,2362
2382,2363
2383,2367
2384,2364
2385,2371
2386,2373
2387,2371
2388,2376
2389,2371
2390,2369
2391,2375
2392,2376
2393,2377
2394,2376
2395,2375
2396,2384
2397,2379
2398,2378
2399,2382
2400,2384
2401,2384
2402,2386
2403,2388
2404,2386
2405,2389
2406,2389
2407,2387
2408,2390
2409,2397
2410,2391
2411,2395
2412,2397
2413,2395
2414,2400
2415,2395
2416,2399
2417,2402
2418,2400
2419,2405
2420,2397
2421,2403
2422,2406
2423,2409
2424,2411
2425,2406
2426,2409
2427,2411
2428,2413
2429,2411
2430,2412
2431,2412
2432,2412
2433,2415
2434,2416
2435,2420
2436,2418
2437,2422
2438,2420
2439,2424
2440,2425
2441,2421
2442,2426
2443,2424
2444,2429
2445,2427
2446,2428
2447,2430
2448,2428
2449,2430
2450,2433
2451,2432
2452,2438
2453,2436
2454,2440
2455,2434
2456,2435
2457,2440
2458,2440
2459,2443
2460,2439
2461,2441
2462,2447
2463,2442
2464,2446
2465,2447
2466,2449
2467,2451
2468,2448
2469,2451
2470,2455
2471,2452
2472,2457
2473,2456
2474,2458
2475,2458
2476,2460
2477,2460
2478,2459
2479,2460
2480,2461
2481,2464
2482,2468
2483,2462
2484,2466
2485,2469
2486,2466
2487,2472
2488,2470
2489,2468
2490,2475
2491,2471
2492,2473
2493,2476
2494,2476
2495,2481
2496,2474
2497,2482
2498,2483
2499,2482
2500,2482
2501,2480
2502,2481
2503,2488
2504,2485
2505,2491
2506,2489
2507,2489
2508,2493
2509,2487
2510,2492
2511,2491
2512,2492
2513,2495
2514,2493
2515,2500
2516,2500
2517,2499
2518,2499
2519,2497
2520,2506
2521,2500
2522,2507
2523,2509
2524,2507
2525,2507
2526,2511
2527,2509
2528,2513
2529,2508
2530,2513
2531,2515
2532,2512
2533,2516
2534,2516
2535,2516
2536,2519
2537,2520
2538,2525
2539,2521
2540,2523
2541,2523
2542,2522
2543,2528
2544,2526
2545,2528
2546,2531
2547,2530
2548,2530
2549,2533
2550,2533
2551,2537
2552,2532
2553,2539
2554,2535
2555,2537
2556,2540
2557,2540
2558,2541
2559,2540
2560,2541
2561,2543
2562,2541
2563,2545
2564,2543
2565,2544
2566,2551
2567,2548
2568,2548
2569,2550
2570,2548
2571,2555
2572,2552
2573,2554
2574,2556
2575,2555
2576,2561
2577,2558
2578,2565
2579,2561
2580,2561
2581,2563
2582,2561
2583,2569
2584,2564
2585,2569
2586,2568
2587,2570
2588,2570
2589,2571
2590,2572
2591,2571
2592,2574
2593,2578
2594,2574
2595,2577
2596,2575
2597,2576
2598,2580
2599,2581
2600,2584
2601,2584
2602,2584
2603,2589
2604,2587
2605,2588
2606,2586
2607,2589
2608,2593
2609,2590
2610,2593
2611,2596
2612,2593
2613,2595
2614,2595
2615,2598
2616,2600
2617,2594
2618,2601
2619,2597
2620,2600
2621,2601
2622,2604
2623,2608
2624,2606
2625,2603
2626,2607
2627,2610
2628,2609
2629,2611
2630,2612
2631,2611
2632,2613
2633,2617
2634,2615
2635,2613
2636,2618
2637,2616
2638,2621
2639,2622
2640,2622
2641,2625
2642,2622
2643,2625
2644,2625
2645,2623
2646,2628
2647,2626
2648,2630
2649,2630
2650,2629
2651,2635
2652,2631
2653,2635
2654,2639
2655,2635
2656,2638
2657,2635
2658,2642
2659,2644
2660,2642
2661,2645
2662,2645
2663,2647
2664,2649
2665,2647
2666,2647
2667,2645
2668,2648
2669,2649
2670,2654
2671,2650
2672,2653
2673,2651
2674,2659
2675,2654
2676,2658
2677,2658
2678,2656
2679,2659
2680,2661
2681,2660
2682,2666
2683,2663
2684,2664
2685,2666
2686,2664
2687,2669
2688,2665
2689,2674
2690,2672
2691,2673
2692,2674
2693,2671
2694,2673
2695,2679
2696,2677
2697,2678
2698,2677
2699,2679
2700,2681
2701,2679
2702,2684
2703,2679
2704,2684
2705,2688
2706,2683
2707,2688
2708,2686
2709,2689
2710,2692
2711,2689
2712,2696
2713,2692
2714,2694
2715,2696
2716,2692
2717,2698
2718,2696
2719,2695
2720,2704
2721,2699
2722,2702
2723,2707
2724,2702
2725,2706
2726,2703
2727,2709
2728,2707
2729,2707
2730,2712
2731,2709
2732,2712
2733,2711
2734,2713
2735,2716
2736,2713
2737,2718
2738,2721
2739,2718
2740,2720
2741,2722
2742,2721
2743,2725
2744,2721
2745,2729
2746,2723
2747,2726
2748,2727
2749,2726
2750,2729
2751,2732
2752,2731
2753,2733
2754,2732
2755,2740
2756,2731
2757,2739
2758,2742
2759,2737
2760,2743
2761,2741
2762,2742
2763,2744
2764,2745
2765,2746
2766,2745
2767,2744
2768,2747
2769,2748
2770,2753
2771,2754
2772,2748
2773,2756
2774,2755
2775,2753
2776,2761
2777,2755
2778,2760
2779,2760
2780,2759
2781,2764
2782,2756
2783,2763
2784,2765
2785,2765
2786,2768
2787,2766
2788,2772
2789,2764
2790,2771
2791,2770
2792,2768
2793,2776
2794,2776
2795,2776
2796,2776
2797,2776
2798,2778
2799,2778
2800,2777
2801,2784
2802,2778
2803,2782
2804,2782
2805,2786
2806,2787
2807,2785
2808,2787
2809,2793
2810,2791
2811,2791
2812,2794
2813,2793
2814,2800
2815,2791
2816,2794
2817,2799
2818,2793
2819,2804
2820,2801
2821,2799
2822,2803
2823,2799
2824,2807
2825,2801
2826,2806
2827,2809
2828,2804
2829,2808
2830,2810
2831,2813
2832,2809
2833,2808
2834,2813
2835,2811
2836,2814
2837,2814
2838,2814
2839,2821
2840,2817
2841,2823
2842,2823
2843,2821
2844,2825
2845,2828
2846,2824
2847,2828
2848,2824
2849,2831
2850,2830
2851,2832
2852,2834
2853,2829
2854,2838
2855,2834
2856,2832
2857,2840
2858,2833
2859,2840
2860,2838
2861,2839
2862,2843
2863,2840
2864,2845
2865,2842
2866,2841
2867,2851
2868,2844
2869,2848
2870,2850
2871,2846
2872,2853
2873,2853
2874,2852
2875,2852
2876,2850
2877,2855
2878,2854
2879,2856
2880,2862
2881,2859
2882,2858
2883,2860
2884,2865
2885,2867
2886,2865
2887,2869
2888,2864
2889,2870
2890,2872
2891,2871
2892,2874
2893,2869
2894,2873
2895,2875
2896,2875
2897,2877
2898,2877
2899,2877
2900,2880
2901,2879
2902,2880
2903,2885
2904,2878
2905,2886
2906,2883
2907,2882
2908,2886
2909,2883
2910,2887
2911,2886
2912,2890
2913,2896
2914,2893
2915,2895
2916,2894
2917,2892
2918,2901
2919,2896
2920,2900
2921,2900
2922,2900
2923,2904
2924,2902
2925,2906
2926,2906
2927,2906
2928,2908
2929,2905
2930,2908
2931,2910
2932,2908
2933,2916
2934,2911
2935,2912
2936,2912
2937,2914
2938,2917
2939,2912
2940,2918
2941,2922
2942,2915
2943,2920
2944,2923
2945,2921
2946,2924
2947,2922
2948,2928
2949,2926
2950,2929
2951,2929
2952,2926
2953,2931
2954,2931
2955,2935
2956,2936
2957,2935
2958,2938
2959,2939
2960,2937
2961,2938
2962,2940
2963,2940
2964,2944
2965,2938
2966,2943
2967,2942
2968,2948
2969,2950
2970,2949
2971,2949
2972,2951
2973,2953
2974,2948
2975,2950
2976,2957
2977,2955
2978,2956
2979,2957
2980,2955
2981,2962
2982,2959
2983,2962
2984,2964
2985,2960
2986,2968
2987,2963
2988,2967
2989,2969
2990,2968
2991,2971
2992,2966
2993,2967
2994,2974
2995,2972
2996,2974
2997,2975
2998,2978
2999,2977
3000,2974
3001,2977
3002,2982
3003,2981
3004,2986
3005,2980
3006,2982
3007,2988
3008,2985
3009,2987
3010,2988
3011,2986
3012,2992
3013,2990
3014,2993
3015,2989
3016,2992
3017,2995
3018,2999
3019,3000
3020,3000
3021,3000
3022,3007
3023,2998
3024,3002
3025,3002
3026,3004
3027,3006
3028,3006
3029,3010
3030,3004
3031,3007
3032,3013
3033,3010
3034,3011
3035,3010
3036,3011
3037,3017
3038,3012
3039,3017
3040,3020
3041,3017
3042,3016
3043,3020
3044,3018
3045,3023
3046,3023
3047,3025
3048,3025
3049,3028
3050,3031
3051,3028
3052,3029
3053,3032
3054,3033
3055,3035
3056,3033
3057,3036
3058,3036
3059,3035
3060,3040
3061,3039
3062,3039
3063,3044
3064,3038
3065,3044
3066,3041
3067,3048
3068,3047
3069,3047
3070,3047
3071,3047
3072,3052
3073,3052
3074,3048
3075,3054
3076,3052
3077,3057
3078,3054
3079,3055
3080,3058
3081,3059
3082,3060
3083,3060
3084,3058
3085,3065
3086,3061
3087,3068
3088,3068
3089,3060
3090,3067
3091,3069
3092,3068
3093,3071
3094,3071
3095,3070
3096,3074
3097,3075
3098,3077
3099,3074
3100,3076
3101,3082
3102,3080
3103,3084
3104,3084
3105,3081
3106,3083
3107,3080
3108,3088
3109,3086
3110,3089
3111,3092
3112,3089
3113,3093
3114,3091
3115,3089
3116,3094
3117,3092
3118,3099
3119,3098
3120,3098
3121,3098
3122,3095
3123,3101
3124,3100
3125,3102
3126,3104
3127,3105
3128,3109
3129,3107
3130,3108
3131,3107
3132,3111
3133,3113
3134,3111
3135,3112
3136,3117
3137,3114
3138,3112
3139,3117
3140,3118
3141,3120
3142,3117
3143,3121
3144,3126
3145,3118
3146,3122
3147,3121
3148,3125
3149,3126
3150,3122
3151,3128
3152,3127
3153,3131
3154,3132
3155,3130
3156,3131
3157,3136
3158,3133
3159,3140
3160,3135
3161,3140
3162,3139
3163,3141
3164,3141
3165,3142
3166,3141
3167,3144
3168,3146
3169,3148
3170,3148
3171,3150
3172,3151
3173,3152
3174,3154
3175,3149
3176,3151
3177,3155
3178,3152
3179,3156
3180,3153
3181,3160
3182,3155
3183,3160
3184,3157
3185,3163
3186,3163
3187,3164
3188,3165
3189,3161
3190,3168
3191,3167
3192,3165
3193,3174
3194,3170
3195,3173
3196,3172
3197,3172
3198,3178
3199,3171
3200,3180
3201,3178
3202,3178
3203,3183
3204,3176
3205,3180
3206,3181
3207,3182
3208,3184
3209,3186
3210,3186
3211,3191
3212,3189
3213,3189
3214,3189
3215,3196
3216,3190
3217,3191
3218,3198
3219,3191
3220,3197
3221,3200
3222,3194
3223,3200
3224,3202
3225,3200
3226,3203
3227,3201
3228,3206
3229,3203
3230,3205
3231,3207
3232,3205
3233,3209
3234,3207
3235,3212
3236,3211
3237,3213
3238,3212
3239,3212
3240,3213
3241,3217
3242,3217
3243,3218
3244,3217
3245,3218
3246,3225
3247,3220
3248,3224
3249,3224
3250,3224
3251,3227
3252,3227
3253,3232
3254,3230
3255,3229
3256,3232
3257,3231
3258,3234
3259,3234
3260,3237
3261,3240
3262,3239
3263,3242
3264,3242
3265,3240
3266,3246
3267,3243
3268,3243
3269,3240
3270,3248
3271,3246
3272,3248
3273,3247
3274,3250
3275,3251
3276,3251
3277,3255
3278,3253
3279,3257
3280,3256
3281,3257
3282,3260
3283,3255
3284,3260
3285,3260
3286,3260
3287,3266
3288,3260
3289,3269
3290,3266
3291,3270
3292,3273
3293,3265
3294,3268
3295,3268
3296,3274
3297,3272
3298,3272
3299,3276
3300,3274
3301,3279
3302,3282
3303,3275
3304,3284
3305,3283
3306,3281
3307,3282
3308,3282
3309,3284
3310,3284
3311,3289
3312,3292
3313,3288
3314,3291
3315,3293
3316,3293
3317,3292
3318,3291
3319,3295
3320,3295
3321,3298
3322,3301
3323,3296
3324,3297
3325,3304
3326,3298
3327,3308
3328,3304
3329,3302
3330,3309
3331,3304
3332,3309
3333,3310
3334,3309
3335,3311
3336,3311
3337,3315
3338,3311
3339,3315
3340,3316
3341,3315
3342,3319
3343,3316
3344,3317
3345,3324
3346,3323
3347,3322
3348,3325
3349,3322
3350,3327
3351,3327
3352,3327
3353,3327
3354,3329
3355,3333
3356,3329
3357,3330
3358,3336
3359,3331
3360,3339
3361,3333
3362,3340
3363,3339
3364,3339
3365,3339
3366,3338
3367,3345
3368,3348
3369,3338
3370,3344
3371,3348
3372,3342
3373,3351
3374,3346
3375,3348
3376,3354
3377,3350
3378,3352
3379,3351
3380,3358
3381,3360
3382,3357
3383,3358
3384,3360
3385,3360
3386,3362
3387,3362
3388,3365
3389,3363
3390,3363
3391,3368
3392,3364
3393,3367
3394,3366
3395,3368
3396,3369
3397,3369
3398,3376
3399,3372
3400,3376
3401,3375
3402,3372
3403,3380
3404,3381
3405,3381
3406,3382
3407,3382
3408,3385
3409,3385
3410,3387
3411,3386
3412,3387
3413,3389
3414,3393
3415,3388
3416,3391
3417,3389
3418,3391
3419,3394
3420,3397
3421,3397
3422,3395
3423,3399
3424,3402
3425,3396
3426,3400
3427,3400
3428,3404
3429,3406
3430,3404
3431,3407
3432,3409
3433,3406
3434,3408
3435,3410
3436,3413
3437,3410
3438,3414
3439,3418
3440,3412
3441,3418
3442,3415
3443,3418
3444,3420
3445,3421
3446,3419
3447,3420
3448,3418
3449,3425
3450,3423
3451,3430
3452,3425
3453,3428
3454,3433
3455,3430
3456,3429
3457,3433
3458,3430
3459,3437
3460,3434
3461,3435
3462,3441
3463,3435
3464,3436
3465,3441
3466,3438
3467,3440
3468,3442
3469,3442
3470,3447
3471,3445
3472,3451
3473,3445
3474,3446
3475,3448
3476,3446
3477,3450
3478,3449
3479,3452
3480,3452
3481,3453
3482,3461
3483,3459
3484,3457
3485,3460
3486,3456
3487,3464
3488,3460
3489,3465
3490,3468
3491,3465
3492,3469
3493,3467
3494,3469
3495,3469
3496,3466
3497,3474
3498,3467
3499,3473
3500,3476
3501,3472
3502,3477
3503,3475
3504,3480
3505,3478
3506,3478
3507,3482
3508,3484
3509,3483
3510,3488
3511,3484
3512,3486
3513,3490
3514,3490
3515,3493
3516,3488
3517,3489
3518,3492
3519,3492
3520,3497
3521,3492
3522,3496
3523,3497
3524,3496
3525,3502
3526,3499
3527,3502
3528,3503
3529,3501
3530,3503
3531,3505
3532,3507
3533,3506
3534,3503
3535,3507
3536,3510
3537,3508
3538,3516
3539,3513
3540,3512
3541,3517
3542,3515
3543,3516
3544,3518
3545,3522
3546,3520
3547,3521
3548,3523
3549,3522
3550,3527
3551,3526
3552,3522
3553,3525
3554,3527
3555,3530
3556,3531
3557,3529
3558,3534
3559,3531
3560,3532
3561,3535
3562,3531
3563,3535
3564,3538
3565,3535
3566,3541
3567,3540
3568,3540
3569,3541
3570,3542
3571,3545
3572,3542
3573,3546
3574,3544
3575,3544
3576,3553
3577,3549
3578,3551
3579,3551
3580,3551
3581,3555
3582,3551
3583,3555
3584,3559
3585,3557
3586,3559
3587,3561
3588,3559
3589,3560
3590,3563
3591,3567
3592,3563
3593,3565
3594,3565
3595,3569
3596,3571
3597,3568
3598,3572
3599,3574
3600,3575
3601,3573
3602,3573
3603,3575
3604,3574
3605,3579
3606,3579
3607,3584
3608,3580
3609,3581
3610,3580
3611,3585
3612,3587
3613,3583
3614,3585
3615,3584
3616,3586
3617,3593
3618,3587
3619,3595
3620,3590
3621,3596
3622,3595
3623,3591
3624,3598
3625,3598
3626,3601
3627,3598
3628,3599
3629,3601
3630,3603
3631,3601
3632,3604
3633,3602
3634,3607
3635,3609
3636,3607
3637,3609
3638,3611
3639,3616
3640,3612
3641,3613
3642,3616
3643,3615
3644,3617
3645,3617
3646,3619
3647,3619
3648,3622
3649,3623
3650,3623
3651,3623
3652,3626
3653,3625
3654,3623
3655,3630
3656,3627
3657,3634
3658,3626
3659,3631
3660,3635
3661,3629
3662,3637
3663,3632
3664,3637
3665,3639
3666,3637
3667,3641
3668,3643
3669,3641
3670,3645
3671,3639
3672,3647
3673,3646
3674,3648
3675,3652
3676,3649
3677,3651
3678,3647
3679,3650
3680,3655
3681,3651
3682,3656
3683,3654
3684,3655
3685,3660
3686,3658
3687,3662
3688,3663
3689,3661
3690,3665
3691,3663
3692,3661
3693,3667
3694,3664
3695,3667
3696,3669
3697,3667
3698,3673
3699,3669
3700,3674
3701,3674
3702,3669
3703,3677
3704,3673
3705,3679
3706,3679
3707,3674
3708,3683
3709,3678
3710,3685
3711,3681
3712,3683
3713,3684
3714,3682
3715,3685
3716,3685
3717,3687
3718,3689
3719,3687
3720,3690
3721,3695
3722,3691
3723,3699
3724,3692
3725,3695
3726,3696
3727,3699
3728,3701
3729,3697
3730,3701
3731,3701
3732,3700
3733,3703
3734,3703
3735,3708
3736,3707
3737,3705
3738,3709
3739,3707
3740,3708
3741,3713
3742,3710
3743,3711
3744,3715
3745,3711
3746,3720
3747,3715
3748,3720
3749,3719
3750,3717
3751,3725
3752,3726
3753,3721
3754,3727
3755,3722
3756,3729
3757,3727
3758,3730
3759,3734
3760,3729
3761,3733
3762,3732
3763,3735
3764,3739
3765,3732
3766,3738
3767,3739
3768,3737
3769,3746
3770,3737
3771,3741
3772,3742
3773,3745
3774,3744
3775,3748
3776,3749
3777,3748
3778,3748
3779,3755
3780,3749
3781,3756
3782,3753
3783,3752
3784,3755
3785,3756
3786,3757
3787,3759
3788,3756
3789,3760
3790,3759
3791,3761
3792,3762
3793,3762
3794,3769
3795,3762
3796,3764
3797,3773
3798,3770
3799,3774
3800,3769
3801,3767
3802,3777
3803,3770
3804,3774
3805,3776
3806,3776
3807,3783
3808,3781
3809,3779
3810,3785
3811,3780
3812,3782
3813,3783
3814,3784
3815,3785
3816,3784
3817,3788
3818,3787
3819,3787
3820,3791
3821,3793
3822,3796
3823,3791
3824,3793
3825,3795
3826,3797
3827,3802
3828,3801
3829,3803
3830,3803
3831,3805
3832,3804
3833,3803
3834,3805
3835,3807
3836,3808
3837,3806
3838,3809
3839,3809
3840,3814
3841,3809
3842,3813
3843,3818
3844,3812
3845,3817
3846,3819
3847,3821
3848,3819
3849,3817
3850,3821
3851,3823
3852,3821
3853,3824
3854,3822
3855,3827
3856,3828
3857,3831
3858,3829
3859,3830
3860,3833
3861,3830
3862,3834
3863,3837
3864,3837
3865,3835
3866,3836
3867,3839
3868,3838
3869,3840
3870,3840
3871,3843
3872,3842
3873,3841
3874,3844
3875,3847
3876,3843
3877,3847
3878,3851
3879,3849
3880,3849
3881,3852
3882,3853
3883,3863
3884,3856
3885,3859
3886,3860
3887,3857
3888,3861
3889,3859
3890,3862
3891,3864
3892,3859
3893,3867
3894,3863
3895,3867
3896,3866
3897,3865
3898,3871
3899,3870
3900,3869
3901,3873
3902,3869
3903,3879
3904,3874
3905,3873
3906,3877
3907,3878
3908,3877
3909,3880
3910,3879
3911,3882
3912,3878
3913,3886
3914,3883
3915,3886
3916,3886
3917,3885
3918,3887
3919,3889
3920,3891
3921,3893
3922,3893
3923,3897
3924,3896
3925,3893
3926,3895
3927,3895
3928,3897
3929,3900
3930,3897
3931,3904
3932,3904
3933,3904
3934,3909
3935,3905
3936,3909
3937,3907
3938,3908
3939,3912
3940,3906
3941,3914
3942,3913
3943,3915
3944,3915
3945,3911
3946,3918
3947,3916
3948,3915
3949,3917
3950,3919
3951,3921
3952,3925
3953,3923
3954,3927
3955,3923
3956,3925
3957,3927
3958,3924
3959,3928
3960,3929
3961,3933
3962,3932
3963,3935
3964,3937
3965,3932
3966,3938
3967,3936
3968,3935
3969,3941
3970,3937
3971,3943
3972,3942
3973,3943
3974,3941
3975,3945
3976,3943
3977,3945
3978,3948
3979,3950
3980,3951
3981,3947
3982,3951
3983,3956
3984,3956
3985,3956
3986,3957
3987,3956
3988,3958
3989,3960
3990,3963
3991,3955
3992,3964
3993,3960
3994,3966
3995,3968
3996,3963
3997,3965
3998,3966
3999,3967
4000,3969
4001,3969
4002,3973
4003,3973
4004,3972
4005,3974
4006,3976
4007,3976
4008,3980
4009,3975
4010,3982
4011,3977
4012,3976
4013,3982
4014,3981
4015,3987
4016,3985
4017,3988
4018,3986
4019,3985
4020,3994
4021,3992
4022,3992
4023,3995
4024,3992
4025,3999
4026,3992
4027,3994
4028,4000
4029,3996
4030,4001
4031,3998
4032,3998
4033,4005
4034,4003
4035,4005
4036,4006
4037,4001
4038,4010
4039,4004
4040,4012
4041,4009
4042,4010
4043,4016
4044,4011
4045,4012
4046,4017
4047,4016
4048,4020
4049,4015
4050,4019
4051,4019
4052,4019
4053,4026
4054,4020
4055,4023
4056,4027
4057,4023
4058,4029
4059,4032
4060,4028
4061,4028
4062,4028
4063,4035
4064,4029
4065,4033
4066,4036
4067,4034
4068,4036
4069,4037
4070,4039
4071,4041
4072,4039
4073,4041
4074,4046
4075,4047
4076,4049
4077,4044
4078,4051
4079,4049
4080,4051
4081,4050
4082,4050
4083,4054
4084,4056
4085,4052
4086,4053
4087,4054
4088,4058
4089,4056
4090,4060
4091,4058
4092,4054
4093,4057
4094,4057
4095,4055
