0,5
1,8
2,5
3,7
4,8
5,8
6,7
7,10
8,7
9,13
10,9
11,9
12,13
13,14
14,15
15,14
16,18
17,18
18,15
19,19
20,22
21,20
22,26
23,23
24,26
25,24
26,25
27,28
28,24
29,32
30,32
31,30
32,34
33,30
34,33
35,33
36,35
37,41
38,39
39,38
40,42
41,39
42,44
43,41
44,44
45,47
46,47
47,50
48,45
49,48
50,48
51,50
52,58
53,51
54,55
55,54
56,56
57,58
58,55
59,62
60,58
61,62
62,61
63,61
64,61
65,63
66,63
67,71
68,65
69,71
70,71
71,69
72,73
73,70
74,73
75,75
76,73
77,78
78,78
79,81
80,78
81,83
82,84
83,78
84,87
85,85
86,87
87,86
88,83
89,88
90,88
91,90
92,92
93,93
94,97
95,91
96,94
97,96
98,94
99,100
100,100
101,101
102,101
103,103
104,106
105,105
106,106
107,106
108,104
109,108
110,106
111,108
112,114
113,110
114,112
115,112
116,117
117,119
118,114
119,123
120,116
121,119
122,121
123,119
124,122
125,122
126,123
127,130
128,126
129,128
130,128
131,132
132,131
133,133
134,132
135,133
136,133
137,138
138,134
139,142
140,137
141,142
142,143
143,144
144,143
145,142
146,146
147,146
148,147
149,152
150,147
151,151
152,152
153,150
154,153
155,153
156,154
157,160
158,154
159,158
160,157
161,159
162,161
163,159
164,163
165,162
166,166
167,165
168,167
169,170
170,168
171,168
172,171
173,169
174,176
175,172
176,174
177,179
178,176
179,179
180,180
181,180
182,182
183,180
184,187
185,185
186,184
187,186
188,183
189,189
190,189
191,190
192,193
193,188
194,195
195,192
196,193
197,196
198,198
199,200
200,196
201,196
202,200
203,201
204,201
205,201
206,206
207,208
208,203
209,209
210,209
211,210
212,210
213,209
214,215
215,213
216,213
217,216
218,218
219,221
220,218
221,220
222,223
223,219
224,226
225,223
226,223
227,226
228,227
229,228
230,229
231,228
232,233
233,230
234,235
235,231
236,236
237,235
238,236
239,241
240,241
241,241
242,243
243,237
244,242
245,243
246,246
247,245
248,247
249,251
250,251
251,250
252,252
253,249
254,252
255,253
256,255
257,257
258,251
259,261
260,259
261,261
262,264
263,261
264,261
265,262
266,267
267,271
268,267
269,269
270,268
271,267
272,274
273,268
274,275
275,274
276,275
277,277
278,277
279,280
280,277
281,280
282,283
283,279
284,285
285,285
286,283
287,290
288,288
289,287
290,289
291,290
292,290
293,293
294,293
295,292
296,292
297,300
298,296
299,300
300,299
301,300
302,302
303,300
304,302
305,302
306,305
307,307
308,303
309,305
310,311
311,306
312,312
313,309
314,311
315,313
316,311
317,317
318,314
319,315
320,317
321,319
322,321
323,320
324,320
325,323
326,325
327,324
328,328
329,324
330,328
331,326
332,330
333,329
334,332
335,333
336,333
337,337
338,336
339,337
340,340
341,338
342,338
343,341
344,339
345,344
346,342
347,344
348,348
349,343
350,351
351,350
352,350
353,355
354,351
355,352
356,354
357,355
358,358
359,355
360,358
361,356
362,358
363,363
364,357
365,364
366,362
367,365
368,370
369,364
370,370
371,368
372,371
373,370
374,368
375,375
376,375
377,372
378,376
379,374
380,376
381,378
382,382
383,384
384,378
385,382
386,383
387,381
388,385
389,388
390,389
391,390
392,386
393,391
394,392
395,394
396,392
397,392
398,395
399,394
400,397
401,398
402,397
403,403
404,399
405,404
406,402
407,403
408,409
409,406
410,408
411,411
412,409
413,414
414,409
415,411
416,414
417,414
418,416
419,415
420,417
421,417
422,419
423,423
424,420
425,426
426,426
427,424
428,425
429,425
430,425
431,430
432,429
433,430
434,431
435,426
436,430
437,431
438,437
439,436
440,433
441,442
442,440
443,439
444,440
445,441
446,445
447,444
448,444
449,446
450,446
451,447
452,447
453,447
454,454
455,449
456,455
457,452
458,456
459,457
460,452
461,461
462,455
463,459
464,461
465,458
466,465
467,465
468,465
469,466
470,465
471,466
472,468
473,469
474,469
475,467
476,472
477,471
478,476
479,478
480,474
481,479
482,476
483,477
484,480
485,482
486,481
487,481
488,485
489,486
490,483
491,489
492,489
493,488
494,490
495,487
496,495
497,491
498,494
499,497
500,496
501,500
502,499
503,500
504,501
505,501
506,502
507,501
508,502
509,508
510,504
511,507
512,509
513,511
514,511
515,507
516,511
517,513
518,515
519,518
520,516
521,517
522,519
523,521
524,521
525,518
526,523
527,524
528,521
529,525
530,521
531,529
532,525
533,529
534,532
535,529
536,532
537,532
538,534
539,536
540,535
541,535
542,537
543,541
544,538
545,539
546,543
547,542
548,544
549,547
550,543
551,547
552,545
553,546
554,553
555,549
556,557
557,548
558,553
559,554
560,557
561,559
562,558
563,560
564,560
565,560
566,560
567,564
568,563
569,567
570,564
571,570
572,567
573,567
574,568
575,569
576,572
577,573
578,573
579,574
580,570
581,579
582,574
583,578
584,583
585,577
586,584
587,580
588,581
589,584
590,581
591,584
592,584
593,585
594,590
595,591
596,590
597,590
598,592
599,599
600,590
601,597
602,598
603,595
604,601
605,600
606,600
607,601
608,600
609,607
610,602
611,604
612,610
613,605
614,610
615,607
616,610
617,609
618,611
619,616
620,614
621,617
622,615
623,615
624,623
625,616
626,621
627,619
628,620
629,624
630,624
631,624
632,626
633,628
634,632
635,631
636,631
637,631
638,630
639,634
640,632
641,636
642,639
643,637
644,640
645,640
646,641
647,645
648,639
649,645
650,645
651,647
652,647
653,643
654,652
655,650
656,649
657,655
658,650
659,654
660,652
661,653
662,659
663,657
664,658
665,659
666,662
667,660
668,659
669,664
670,662
671,668
672,666
673,667
674,669
675,671
676,673
677,676
678,670
679,676
680,673
681,675
682,680
683,675
684,678
685,677
686,678
687,684
688,684
689,685
690,683
691,684
692,691
693,686
694,689
695,687
696,690
697,691
698,692
699,696
700,692
701,692
702,700
703,695
704,700
705,696
706,699
707,702
708,699
709,705
710,706
711,702
712,705
713,703
714,711
715,713
716,710
717,710
718,712
719,712
720,715
721,714
722,719
723,717
724,716
725,721
726,717
727,719
728,718
729,721
730,728
731,724
732,728
733,726
734,731
735,729
736,727
737,734
738,732
739,735
740,734
741,730
742,739
743,735
744,736
745,740
746,740
747,743
748,741
749,744
750,746
751,740
752,746
753,746
754,746
755,750
756,747
757,753
758,750
759,756
760,755
761,753
762,758
763,755
764,757
765,761
766,757
767,761
768,761
769,760
770,769
771,763
772,767
773,769
774,767
775,769
776,770
777,775
778,775
779,774
780,778
781,772
782,776
783,776
784,776
785,783
786,778
787,784
788,780
789,780
790,786
791,785
792,786
793,785
794,786
795,789
796,791
797,794
798,791
799,793
800,798
801,793
802,796
803,795
804,795
805,801
806,798
807,804
808,803
809,802
810,808
811,804
812,808
813,809
814,806
815,814
816,807
817,811
818,810
819,812
820,816
821,813
822,820
823,818
824,818
825,821
826,817
827,825
828,824
829,822
830,828
831,825
832,828
833,825
834,826
835,832
836,829
837,831
838,832
839,829
840,835
841,835
842,839
843,839
844,835
845,843
846,839
847,840
848,844
849,840
850,845
851,846
852,846
853,848
854,847
855,853
856,847
857,853
858,853
859,853
860,855
861,857
862,854
863,859
864,855
865,858
866,859
867,860
868,861
869,862
870,866
871,862
872,868
873,867
874,868
875,871
876,870
877,875
878,872
879,870
880,878
881,875
882,876
883,875
884,876
885,881
886,881
887,884
888,880
889,883
890,884
891,885
892,886
893,889
894,887
895,889
896,891
897,891
898,894
899,894
900,896
901,891
902,899
903,899
904,898
905,900
906,900
907,902
908,900
909,902
910,906
911,904
912,908
913,907
914,908
915,913
916,907
917,912
918,911
919,915
920,915
921,916
922,919
923,916
924,917
925,918
926,922
927,924
928,923
929,920
930,924
931,922
932,928
933,930
934,925
935,928
936,931
937,934
938,935
939,933
940,933
941,937
942,939
943,940
944,940
945,939
946,939
947,943
948,942
949,940
950,948
951,946
952,945
953,950
954,944
955,952
956,948
957,950
958,955
959,949
960,956
961,953
962,956
963,956
964,953
965,961
966,960
967,963
968,966
969,961
970,968
971,966
972,968
973,970
974,966
975,968
976,968
977,969
978,971
979,970
980,973
981,972
982,976
983,977
984,975
985,980
986,981
987,979
988,985
989,983
990,986
991,983
992,987
993,988
994,989
995,990
996,993
997,991
998,990
999,996
1000,992
1001,996
1002,995
1003,996
1004,996
1005,997
1006,1001
1007,999
1008,1005
1009,1005
1010,1001
1011,1005
1012,1004
1013,1009
1014,1010
1015,1007
1016,1011
1017,1009
1018,1012
1019,1011
1020,1015
1021,1019
1022,1013
1023,1020
1024,1019
1025,1016
1026,1023
1027,1022
1028,1022
1029,1024
1030,1022
1031,1025
1032,1025
1033,1024
1034,1030
1035,1026
1036,1032
1037,1031
1038,1031
1039,1035
1040,1033
1041,1034
1042,1035
1043,1035
1044,1037
1045,1036
1046,1042
1047,1041
1048,1040
1049,1042
1050,1045
1051,1044
1052,1049
1053,1044
1054,1049
1055,1046
1056,1051
1057,1054
1058,1049
1059,1054
1060,1055
1061,1057
1062,1059
1063,1057
1064,1058
1065,1057
1066,1062
1067,1061
1068,1063
1069,1065
1070,1065
1071,1067
1072,1068
1073,1067
1074,1073
1075,1068
1076,1069
1077,1074
1078,1071
1079,1071
1080,1075
1081,1073
1082,1075
1083,1073
1084,1080
1085,1079
1086,1079
1087,1081
1088,1081
1089,1079
1090,1085
1091,1082
1092,1088
1093,1086
1094,1090
1095,1092
1096,1087
1097,1093
1098,1090
1099,1092
1100,1096
1101,1096
1102,1096
1103,1097
1104,1097
1105,1103
1106,1099
1107,1103
1108,1100
1109,1101
1110,1107
1111,1100
1112,1109
1113,1106
1114,1107
1115,1109
1116,1107
1117,1111
1118,1112
1119,1110
1120,1121
1121,1112
1122,1115
1123,1117
1124,1114
1125,1119
1126,1116
1127,1120
1128,1123
1129,1118
1130,1125
1131,1121
1132,1127
1133,1124
1134,1124
1135,1132
1136,1131
1137,1126
1138,1131
1139,1132
1140,1133
1141,1137
1142,1132
1143,1141
1144,1135
1145,1136
1146,1141
1147,1140
1148,1141
1149,1144
1150,1144
1151,1145
1152,1144
1153,1149
1154,1148
1155,1147
1156,1150
1157,1150
1158,1154
1159,1153
1160,1154
1161,1151
1162,1155
1163,1157
1164,1156
1165,1156
1166,1161
1167,1157
1168,1161
1169,1162
1170,1163
1171,1168
1172,1163
1173,1167
1174,1164
1175,1171
1176,1172
1177,1167
1178,1174
1179,1172
1180,1173
1181,1175
1182,1174
1183,1172
1184,1181
1185,1176
1186,1181
1187,1179
1188,1180
1189,1184
1190,1182
1191,1187
1192,1184
1193,1188
1194,1187
1195,1189
1196,1190
1197,1191
1198,1191
1199,1195
1200,1193
1201,1197
1202,1196
1203,1196
1204,1200
1205,1195
1206,1198
1207,1199
1208,1201
1209,1202
1210,1200
1211,1205
1212,1205
1213,1204
1214,1207
1215,1204
1216,1212
1217,1207
1218,1209
1219,1213
1220,1211
1221,1216
1222,1214
1223,1213
1224,1218
1225,1213
1226,1219
1227,1223
1228,1217
1229,1224
1230,1225
1231,1223
1232,1228
1233,1223
1234,1226
1235,1229
1236,1225
1237,1231
1238,1227
1239,1231
1240,1234
1241,1233
1242,1234
1243,1237
1244,1235
1245,1238
1246,1235
1247,1242
1248,1237
1249,1240
1250,1245
1251,1239
1252,1246
1253,1242
1254,1244
1255,1251
1256,1246
1257,1251
1258,1249
1259,1251
1260,1255
1261,1254
1262,1257
1263,1254
1264,1260
1265,1262
1266,1256
1267,1260
1268,1263
1269,1265
1270,1262
1271,1262
1272,1264
1273,1269
1274,1264
1275,1267
1276,1270
1277,1272
1278,1275
1279,1273
1280,1273
1281,1277
1282,1273
1283,1279
1284,1278
1285,1278
1286,1280
1287,1282
1288,1285
1289,1283
1290,1286
1291,1281
1292,1286
1293,1288
1294,1285
1295,1288
1296,1289
1297,1288
1298,1294
1299,1288
1300,1293
1301,1293
1302,1293
1303,1300
1304,1295
1305,1297
1306,1300
1307,1299
1308,1302
1309,1300
1310,1305
1311,1303
1312,1305
1313,1305
1314,1308
1315,1311
1316,1309
1317,1311
1318,1315
1319,1309
1320,1310
1321,1318
1322,1315
1323,1316
1324,1316
1325,1316
1326,1320
1327,1319
1328,1320
1329,1322
1330,1323
1331,1325
1332,1319
1333,1324
1334,1327
1335,1324
1336,1333
1337,1326
1338,1331
1339,1333
1340,1332
1341,1333
1342,1334
1343,1336
1344,1335
1345,1334
1346,1342
1347,1339
1348,1339
1349,1341
1350,1341
1351,1345
1352,1341
1353,1346
1354,1349
1355,1347
1356,1348
1357,1347
1358,1349
1359,1350
1360,1350
1361,1355
1362,1352
1363,1353
1364,1359
1365,1353
1366,1361
1367,1358
1368,1356
1369,1361
1370,1360
1371,1365
1372,1364
1373,1361
1374,1367
1375,1366
1376,1368
1377,1369
1378,1369
1379,1373
1380,1372
1381,1374
1382,1376
1383,1372
1384,1379
1385,1375
1386,1380
1387,1381
1388,1377
1389,1382
1390,1380
1391,1385
1392,1384
1393,1380
1394,1386
1395,1388
1396,1388
1397,1390
1398,1389
1399,1393
1400,1392
1401,1390
1402,1398
1403,1396
1404,1398
1405,1395
1406,1399
1407,1397
1408,1399
1409,1399
1410,1403
1411,1400
1412,1405
1413,1404
1414,1406
1415,1406
1416,1402
1417,1408
1418,1410
1419,1408
1420,1415
1421,1414
1422,1417
1423,1416
1424,1412
1425,1421
1426,1415
1427,1417
1428,1418
1429,1420
1430,1425
1431,1419
1432,1425
1433,1426
1434,1425
1435,1427
1436,1424
1437,1429
1438,1431
1439,1430
1440,1431
1441,1432
1442,1432
1443,1434
1444,1434
1445,1440
1446,1436
1447,1441
1448,1437
1449,1440
1450,1445
1451,1441
1452,1445
1453,1441
1454,1445
1455,1447
1456,1444
1457,1451
1458,1447
1459,1447
1460,1453
1461,1454
1462,1449
1463,1458
1464,1454
1465,1457
1466,1456
1467,1454
1468,1460
1469,1459
1470,1460
1471,1462
1472,1462
1473,1466
1474,1466
1475,1463
1476,1470
1477,1465
1478,1468
1479,1471
1480,1470
1481,1474
1482,1469
1483,1473
1484,1476
1485,1475
1486,1476
1487,1479
1488,1478
1489,1481
1490,1482
1491,1485
1492,1480
1493,1483
1494,1479
1495,1485
1496,1487
1497,1483
1498,1491
1499,1487
1500,1491
1501,1492
1502,1489
1503,1493
1504,1494
1505,1492
1506,1495
1507,1496
1508,1496
1509,1499
1510,1502
1511,1502
1512,1501
1513,1503
1514,1507
1515,1504
1516,1508
1517,1510
1518,1506
1519,1510
1520,1506
1521,1514
1522,1513
1523,1510
1524,1515
1525,1513
1526,1519
1527,1517
1528,1517
1529,1523
1530,1521
1531,1523
1532,1521
1533,1521
1534,1528
1535,1523
1536,1525
1537,1526
1538,1527
1539,1531
1540,1532
1541,1532
1542,1535
1543,1533
1544,1534
1545,1535
1546,1538
1547,1539
1548,1537
1549,1544
1550,1540
1551,1541
1552,1544
1553,1543
1554,1544
1555,1545
1556,1542
1557,1551
1558,1548
1559,1551
1560,1554
1561,1548
1562,1554
1563,1552
1564,1552
1565,1558
1566,1553
1567,1561
1568,1554
1569,1562
1570,1562
1571,1562
1572,1562
1573,1559
1574,1563
1575,1565
1576,1564
1577,1567
1578,1569
1579,1568
1580,1575
1581,1571
1582,1577
1583,1574
1584,1573
1585,1575
1586,1575
1587,1576
1588,1577
1589,1577
1590,1583
1591,1580
1592,1583
1593,1582
1594,1583
1595,1588
1596,1585
1597,1586
1598,1588
1599,1586
1600,1589
1601,1592
1602,1591
1603,1596
1604,1591
1605,1595
1606,1596
1607,1598
1608,1599
1609,1600
1610,1601
1611,1602
1612,1601
1613,1605
1614,1602
1615,1607
1616,1607
1617,1606
1618,1611
1619,1608
1620,1612
1621,1609
1622,1609
1623,1617
1624,1609
1625,1615
1626,1615
1627,1617
1628,1620
1629,1617
1630,1619
1631,1623
1632,1621
1633,1623
1634,1621
1635,1627
1636,1628
1637,1623
1638,1631
1639,1629
1640,1632
1641,1632
1642,1628
1643,1633
1644,1633
1645,1635
1646,1638
1647,1637
1648,1639
1649,1641
1650,1635
1651,1641
1652,1640
1653,1640
1654,1646
1655,1645
1656,1645
1657,1647
1658,1650
1659,1651
1660,1646
1661,1653
1662,1652
1663,1653
1664,1655
1665,1653
1666,1654
1667,1657
1668,1659
1669,1659
1670,1659
1671,1663
1672,1659
1673,1663
1674,1663
1675,1664
1676,1667
1677,1669
1678,1668
1679,1669
1680,1669
1681,1672
1682,1672
1683,1674
1684,1674
1685,1671
1686,1677
1687,1675
1688,1676
1689,1679
1690,1678
1691,1682
1692,1684
1693,1678
1694,1686
1695,1682
1696,1683
1697,1687
1698,1687
1699,1689
1700,1688
1701,1688
1702,1694
1703,1689
1704,1693
1705,1691
1706,1693
1707,1700
1708,1695
1709,1698
1710,1700
1711,1699
1712,1702
1713,1702
1714,1706
1715,1705
1716,1703
1717,1709
1718,1703
1719,1710
1720,1709
1721,1712
1722,1716
1723,1708
1724,1716
1725,1712
1726,1712
1727,1716
1728,1714
1729,1721
1730,1718
1731,1718
1732,1721
1733,1718
1734,1723
1735,1722
1736,1725
1737,1726
1738,1724
1739,1727
1740,1730
1741,1728
1742,1732
1743,1731
1744,1732
1745,1733
1746,1736
1747,1735
1748,1736
1749,1736
1750,1741
1751,1737
1752,1742
1753,1743
1754,1739
1755,1747
1756,1744
1757,1744
1758,1745
1759,1746
1760,1750
1761,1748
1762,1749
1763,1750
1764,1751
1765,1755
1766,1754
1767,1760
1768,1755
1769,1754
1770,1759
1771,1759
1772,1762
1773,1763
1774,1760
1775,1765
1776,1762
1777,1766
1778,1766
1779,1765
1780,1768
1781,1770
1782,1775
1783,1771
1784,1769
1785,1771
1786,1776
1787,1776
1788,1779
1789,1775
1790,1778
1791,1782
1792,1779
1793,1781
1794,1781
1795,1782
1796,1785
1797,1783
1798,1788
1799,1785
1800,1789
1801,1790
1802,1787
1803,1792
1804,1790
1805,1791
1806,1797
1807,1794
1808,1796
1809,1799
1810,1799
1811,1802
1812,1798
1813,1804
1814,1804
1815,1805
1816,1805
1817,1804
1818,1809
1819,1808
1820,1808
1821,1812
1822,1808
1823,1813
1824,1809
1825,1812
1826,1817
1827,1816
1828,1819
1829,1816
1830,1819
1831,1823
1832,1819
1833,1818
1834,1820
1835,1821
1836,1822
1837,1826
1838,1825
1839,1829
1840,1821
1841,1830
1842,1832
1843,1827
1844,1830
1845,1832
1846,1831
1847,1833
1848,1836
1849,1839
1850,1834
1851,1837
1852,1841
1853,1836
1854,1841
1855,1842
1856,1844
1857,1844
1858,1846
1859,1848
1860,1843
1861,1848
1862,1849
1863,1848
1864,1851
1865,1849
1866,1854
1867,1857
1868,1854
1869,1859
1870,1854
1871,1857
1872,1859
1873,1858
1874,1862
1875,1864
1876,1864
1877,1867
1878,1861
1879,1867
1880,1866
1881,1865
1882,1870
1883,1872
1884,1871
1885,1874
1886,1871
1887,1876
1888,1876
1889,1875
1890,1876
1891,1875
1892,1878
1893,1878
1894,1879
1895,1883
1896,1880
1897,1888
1898,1882
1899,1888
1900,1887
1901,1884
1902,1888
1903,1888
1904,1888
1905,1895
1906,1890
1907,1898
1908,1896
1909,1895
1910,1898
1911,1898
1912,1901
1913,1898
1914,1901
1915,1901
1916,1897
1917,1906
1918,1902
1919,1906
1920,1907
1921,1904
1922,1910
1923,1911
1924,1912
1925,1912
1926,1915
1927,1916
1928,1915
1929,1917
1930,1915
1931,1920
1932,1915
1933,1925
1934,1918
1935,1924
1936,1922
1937,1922
1938,1926
1939,1924
1940,1924
1941,1924
1942,1926
1943,1932
1944,1930
1945,1932
1946,1931
1947,1934
1948,1935
1949,1936
1950,1934
1951,1938
1952,1935
1953,1940
1954,1938
1955,1940
1956,1945
1957,1944
1958,1947
1959,1941
1960,1949
1961,1948
1962,1944
1963,1950
1964,1946
1965,1952
1966,1954
1967,1951
1968,1955
1969,1954
1970,1959
1971,1957
1972,1958
1973,1961
1974,1964
1975,1960
1976,1965
1977,1965
1978,1962
1979,1964
1980,1963
1981,1970
1982,1967
1983,1968
1984,1969
1985,1968
1986,1975
1987,1971
1988,1976
1989,1976
1990,1976
1991,1980
1992,1979
1993,1980
1994,1983
1995,1979
1996,1983
1997,1984
1998,1982
1999,1987
2000,1986
2001,1990
2002,1988
2003,1991
2004,1992
2005,1991
2006,1994
2007,1993
2008,1996
2009,1999
2010,1996
2011,2001
2012,1995
2013,1997
2014,2002
2015,2002
2016,2003
2017,2004
2018,2003
2019,2009
2020,2004
2021,2006
2022,2009
2023,2006
2024,2010
2025,2013
2026,2010
2027,2016
2028,2014
2029,2015
2030,2015
2031,2018
2032,2022
2033,2017
2034,2024
2035,2025
2036,2018
2037,2025
2038,2026
2039,2027
2040,2025
2041,2026
2042,2033
2043,2031
2044,2032
2045,2031
2046,2031
2047,2036
2048,2034
2049,2035
2050,2038
2051,2038
2052,2038
2053,2040
2054,2043
2055,2042
2056,2042
2057,2044
2058,2044
2059,2049
2060,2047
2061,2046
2062,2050
2063,2050
2064,2053
2065,2052
2066,2049
2067,2052
2068,2054
2069,2055
2070,2056
2071,2055
2072,2058
2073,2063
2074,2058
2075,2062
2076,2061
2077,2065
2078,2068
2079,2067
2080,2070
2081,2064
2082,2069
2083,2071
2084,2068
2085,2074
2086,2071
2087,2073
2088,2073
2089,2070
2090,2077
2091,2076
2092,2077
2093,2079
2094,2078
2095,2083
2096,2078
2097,2084
2098,2086
2099,2085
2100,2087
2101,2087
2102,2087
2103,2089
2104,2090
2105,2091
2106,2090
2107,2092
2108,2094
2109,2092
2110,2096
2111,2097
2112,2095
2113,2099
2114,2098
2115,2101
2116,2103
2117,2103
2118,2106
2119,2103
2120,2107
2121,2106
2122,2103
2123,2111
2124,2111
2125,2109
2126,2111
2127,2108
2128,2114
2129,2113
2130,2115
2131,2118
2132,2116
2133,2118
2134,2120
2135,2122
2136,2125
2137,2122
2138,2126
2139,2124
2140,2125
2141,2127
2142,2127
2143,2130
2144,2130
2145,2128
2146,2132
2147,2129
2148,2134
2149,2132
2150,2137
2151,2136
2152,2136
2153,2138
2154,2142
2155,2139
2156,2145
2157,2141
2158,2144
2159,2143
2160,2146
2161,2150
2162,2144
2163,2151
2164,2146
2165,2151
2166,2151
2167,2148
2168,2153
2169,2154
2170,2159
2171,2155
2172,2154
2173,2161
2174,2157
2175,2161
2176,2162
2177,2164
2178,2164
2179,2166
2180,2164
2181,2169
2182,2164
2183,2170
2184,2167
2185,2170
2186,2174
2187,2171
2188,2175
2189,2176
2190,2176
2191,2176
2192,2178
2193,2181
2194,2176
2195,2180
2196,2178
2197,2183
2198,2183
2199,2184
2200,2186
2201,2190
2202,2186
2203,2190
2204,2191
2205,2190
2206,2193
2207,2194
2208,2195
2209,2195
2210,2192
2211,2198
2212,2194
2213,2197
2214,2202
2215,2201
2216,2202
2217,2200
2218,2204
2219,2204
2220,2203
2221,2209
2222,2205
2223,2210
2224,2212
2225,2206
2226,2211
2227,2211
2228,2213
2229,2215
2230,2215
2231,2218
2232,2214
2233,2218
2234,2219
2235,2219
2236,2223
2237,2221
2238,2222
2239,2229
2240,2225
2241,2227
2242,2226
2243,2226
2244,2230
2245,2229
2246,2232
2247,2230
2248,2230
2249,2235
2250,2233
2251,2237
2252,2241
2253,2238
2254,2241
2255,2241
2256,2241
2257,2244
2258,2243
2259,2247
2260,2248
2261,2246
2262,2247
2263,2250
2264,2247
2265,2251
2266,2253
2267,2254
2268,2252
2269,2254
2270,2254
2271,2257
2272,2261
2273,2258
2274,2258
2275,2259
2276,2261
2277,2264
2278,2262
2279,2266
2280,2266
2281,2267
2282,2271
2283,2265
2284,2267
2285,2270
2286,2271
2287,2273
2288,2274
2289,2273
2290,2276
2291,2272
2292,2278
2293,2275
2294,2281
2295,2279
2296,2277
2297,2282
2298,2283
2299,2281
2300,2287
2301,2284
2302,2288
2303,2291
2304,2287
2305,2291
2306,2292
2307,2292
2308,2294
2309,2291
2310,2292
2311,2294
2312,2298
2313,2297
2314,2292
2315,2301
2316,2301
2317,2300
2318,2302
2319,2303
2320,2305
2321,2308
2322,2304
2323,2307
2324,2307
2325,2314
2326,2310
2327,2314
2328,2312
2329,2314
2330,2319
2331,2314
2332,2317
2333,2318
2334,2319
2335,2323
2336,2320
2337,2319
2338,2327
2339,2320
2340,2328
2341,2325
2342,2326
2343,2331
2344,2329
2345,2326
2346,2333
2347,2331
2348,2334
2349,2333
2350,2332
2351,2335
2352,2338
2353,2336
2354,2338
2355,2337
2356,2345
2357,2339
2358,2341
2359,2346
2360,2341
2361,2349
2362,2344
2363,2350
2364,2347
2365,2351
2366,2353
2367,2351
2368,2351
2369,2350
2370,2355
2371,2356
2372,2352
2373,2360
2374,2360
2375,2357
2376,2364
2377,2358
2378,2365
2379,2365
2380,2362
2381,2370
2382,2366
2383,2366
2384,2367
2385,2369
2386,2370
2387,2372
2388,2370
2389,2373
2390,2373
2391,2374
2392,2379
2393,2375
2394,2381
2395,2376
2396,2381
2397,2381
2398,2378
2399,2384
2400,2384
2401,2387
2402,2389
2403,2382
2404,2387
2405,2388
2406,2387
2407,2392
2408,2391
2409,2391
2410,2390
2411,2394
2412,2399
2413,2394
2414,2401
2415,2398
2416,2401
2417,2401
2418,2400
2419,2402
2420,2404
2421,2406
2422,2408
2423,2406
2424,2410
2425,2406
2426,2409
2427,2412
2428,2410
2429,2413
2430,2414
2431,2414
2432,2417
2433,2416
2434,2419
2435,2421
2436,2422
2437,2424
2438,2421
2439,2423
2440,2427
2441,2423
2442,2427
2443,2428
2444,2427
2445,2432
2446,2429
2447,2435
2448,2428
2449,2433
2450,2435
2451,2433
2452,2439
2453,2433
2454,2435
2455,2443
2456,2436
2457,2441
2458,2441
2459,2443
2460,2446
2461,2442
2462,2443
2463,2445
2464,2449
2465,2447
2466,2446
2467,2452
2468,2452
2469,2452
2470,2453
2471,2453
2472,2455
2473,2456
2474,2453
2475,2459
2476,2460
2477,2460
2478,2462
2479,2462
2480,2467
2481,2465
2482,2468
2483,2468
2484,2464
2485,2468
2486,2471
2487,2466
2488,2476
2489,2468
2490,2471
2491,2472
2492,2472
2493,2477
2494,2472
2495,2480
2496,2482
2497,2480
2498,2480
2499,2482
2500,2484
2501,2483
2502,2481
2503,2485
2504,2485
2505,2492
2506,2492
2507,2490
2508,2493
2509,2491
2510,2491
2511,2494
2512,2493
2513,2497
2514,2492
2515,2498
2516,2497
2517,2497
2518,2499
2519,2502
2520,2500
2521,2503
2522,2501
2523,2510
2524,2503
2525,2508
2526,2507
2527,2506
2528,2513
2529,2507
2530,2508
2531,2516
2532,2514
2533,2517
2534,2517
2535,2517
2536,2521
2537,2517
2538,2522
2539,2522
2540,2520
2541,2524
2542,2525
2543,2526
2544,2525
2545,2525
2546,2526
2547,2527
2548,2528
2549,2533
2550,2528
2551,2533
2552,2536
2553,2534
2554,2540
2555,2538
2556,2539
2557,2540
2558,2542
2559,2545
2560,2543
2561,2544
2562,2545
2563,2544
2564,2547
2565,2548
2566,2548
2567,2548
2568,2546
2569,2550
2570,2548
2571,2553
2572,2555
2573,2553
2574,2558
2575,2554
2576,2561
2577,2559
2578,2560
2579,2562
2580,2563
2581,2563
2582,2569
2583,2561
2584,2566
2585,2569
2586,2565
2587,2569
2588,2569
2589,2569
2590,2573
2591,2570
2592,2575
2593,2576
2594,2577
2595,2574
2596,2576
2597,2579
2598,2579
2599,2583
2600,2582
2601,2579
2602,2587
2603,2583
2604,2588
2605,2587
2606,2584
2607,2592
2608,2587
2609,2588
2610,2590
2611,2587
2612,2593
2613,2594
2614,2593
2615,2593
2616,2600
2617,2598
2618,2598
2619,2600
2620,2601
2621,2603
2622,2605
2623,2609
2624,2606
2625,2606
2626,2604
2627,2609
2628,2611
2629,2606
2630,2609
2631,2613
2632,2611
2633,2614
2634,2612
2635,2614
2636,2614
2637,2620
2638,2623
2639,2621
2640,2627
2641,2622
2642,2622
2643,2627
2644,2625
2645,2626
2646,2623
2647,2632
2648,2629
2649,2625
2650,2630
2651,2631
2652,2632
2653,2638
2654,2634
2655,2638
2656,2636
2657,2638
2658,2638
2659,2633
2660,2641
2661,2639
2662,2640
2663,2648
2664,2642
2665,2646
2666,2644
2667,2645
2668,2653
2669,2644
2670,2649
2671,2652
2672,2651
2673,2656
2674,2654
2675,2652
2676,2656
2677,2658
2678,2658
2679,2660
2680,2661
2681,2665
2682,2661
2683,2662
2684,2666
2685,2667
2686,2669
2687,2673
2688,2668
2689,2667
2690,2669
2691,2673
2692,2669
2693,2676
2694,2675
2695,2675
2696,2678
2697,2678
2698,2678
2699,2681
2700,2676
2701,2681
2702,2682
2703,2681
2704,2686
2705,2685
2706,2690
2707,2685
2708,2687
2709,2688
2710,2688
2711,2693
2712,2693
2713,2695
2714,2697
2715,2694
2716,2696
2717,2699
2718,2696
2719,2701
2720,2700
2721,2701
2722,2702
2723,2704
2724,2707
2725,2702
2726,2708
2727,2707
2728,2705
2729,2711
2730,2707
2731,2709
2732,2711
2733,2712
2734,2711
2735,2717
2736,2718
2737,2717
2738,2712
2739,2720
2740,2718
2741,2719
2742,2721
2743,2719
2744,2727
2745,2721
2746,2724
2747,2727
2748,2725
2749,2734
2750,2730
2751,2732
2752,2732
2753,2731
2754,2734
2755,2737
2756,2734
2757,2736
2758,2733
2759,2737
2760,2738
2761,2741
2762,2746
2763,2741
2764,2740
2765,2748
2766,2745
2767,2745
2768,2747
2769,2745
2770,2749
2771,2749
2772,2751
2773,2755
2774,2752
2775,2757
2776,2757
2777,2755
2778,2756
2779,2759
2780,2764
2781,2756
2782,2763
2783,2762
2784,2764
2785,2767
2786,2767
2787,2765
2788,2767
2789,2767
2790,2773
2791,2768
2792,2774
2793,2775
2794,2770
2795,2776
2796,2776
2797,2781
2798,2779
2799,2780
2800,2781
2801,2782
2802,2783
2803,2786
2804,2782
2805,2785
2806,2785
2807,2788
2808,2785
2809,2791
2810,2792
2811,2789
2812,2793
2813,2792
2814,2792
2815,2796
2816,2794
2817,2795
2818,2801
2819,2795
2820,2799
2821,2804
2822,2797
2823,2806
2824,2800
2825,2806
2826,2805
2827,2807
2828,2810
2829,2810
2830,2808
2831,2812
2832,2812
2833,2817
2834,2811
2835,2816
2836,2816
2837,2815
2838,2822
2839,2815
2840,2823
2841,2823
2842,2822
2843,2823
2844,2823
2845,2823
2846,2824
2847,2824
2848,2823
2849,2827
2850,2830
2851,2830
2852,2826
2853,2832
2854,2830
2855,2837
2856,2838
2857,2837
2858,2838
2859,2841
2860,2839
2861,2842
2862,2841
2863,2842
2864,2844
2865,2842
2866,2848
2867,2844
2868,2845
2869,2851
2870,2847
2871,2849
2872,2848
2873,2852
2874,2854
2875,2851
2876,2858
2877,2854
2878,2852
2879,2858
2880,2860
2881,2858
2882,2863
2883,2860
2884,2862
2885,2860
2886,2863
2887,2864
2888,2866
2889,2872
2890,2864
2891,2872
2892,2869
2893,2872
2894,2872
2895,2870
2896,2875
2897,2876
2898,2876
2899,2878
2900,2875
2901,2880
2902,2884
2903,2879
2904,2885
2905,2883
2906,2881
2907,2888
2908,2887
2909,2891
2910,2889
2911,2886
2912,2890
2913,2889
2914,2892
2915,2895
2916,2895
2917,2895
2918,2892
2919,2901
2920,2900
2921,2896
2922,2904
2923,2897
2924,2904
2925,2902
2926,2905
2927,2904
2928,2903
2929,2906
2930,2907
2931,2908
2932,2914
2933,2910
2934,2912
2935,2914
2936,2914
2937,2919
2938,2914
2939,2915
2940,2922
2941,2917
2942,2925
2943,2923
2944,2923
2945,2923
2946,2923
2947,2925
2948,2928
2949,2923
2950,2928
2951,2931
2952,2927
2953,2931
2954,2933
2955,2934
2956,2932
2957,2933
2958,2936
2959,2934
2960,2938
2961,2937
2962,2940
2963,2946
2964,2939
2965,2944
2966,2944
2967,2947
2968,2946
2969,2944
2970,2946
2971,2951
2972,2948
2973,2956
2974,2950
2975,2956
2976,2954
2977,2955
2978,2956
2979,2957
2980,2956
2981,2956
2982,2961
2983,2961
2984,2963
2985,2967
2986,2962
2987,2963
2988,2971
2989,2967
2990,2969
2991,2971
2992,2966
2993,2970
2994,2969
2995,2975
2996,2978
2997,2971
2998,2976
2999,2979
3000,2974
3001,2983
3002,2981
3003,2979
3004,2981
3005,2983
3006,2984
3007,2982
3008,2985
3009,2984
3010,2987
3011,2992
3012,2989
3013,2992
3014,2991
3015,2997
3016,2993
3017,2991
3018,2998
3019,2998
3020,2997
3021,2999
3022,3001
3023,2998
3024,3003
3025,3000
3026,3008
3027,3002
3028,3005
3029,3005
3030,3005
3031,3011
3032,3005
3033,3012
3034,3012
3035,3010
3036,3018
3037,3012
3038,3015
3039,3020
3040,3016
3041,3022
3042,3021
3043,3020
3044,3026
3045,3024
3046,3021
3047,3024
3048,3025
3049,3025
3050,3030
3051,3028
3052,3034
3053,3029
3054,3031
3055,3030
3056,3035
3057,3038
3058,3031
3059,3038
3060,3039
3061,3037
3062,3040
3063,3037
3064,3043
3065,3043
3066,3043
3067,3044
3068,3045
3069,3051
3070,3045
3071,3046
3072,3053
3073,3052
3074,3051
3075,3051
3076,3052
3077,3058
3078,3055
3079,3061
3080,3060
3081,3060
3082,3059
3083,3061
3084,3061
3085,3062
3086,3062
3087,3065
3088,3064
3089,3066
3090,3073
3091,3065
3092,3066
3093,3069
3094,3068
3095,3078
3096,3070
3097,3073
3098,3072
3099,3072
3100,3079
3101,3079
3102,3080
3103,3078
3104,3077
3105,3082
3106,3081
3107,3085
3108,3085
3109,3087
3110,3088
3111,3085
3112,3090
3113,3093
3114,3090
3115,3096
3116,3092
3117,3095
3118,3093
3119,3098
3120,3102
3121,3100
3122,3097
3123,3097
3124,3102
3125,3102
3126,3103
3127,3106
3128,3104
3129,3105
3130,3112
3131,3106
3132,3108
3133,3107
3134,3110
3135,3111
3136,3115
3137,3113
3138,3116
3139,3117
3140,3117
3141,3118
3142,3118
3143,3120
3144,3121
3145,3120
3146,3123
3147,3122
3148,3129
3149,3127
3150,3130
3151,3128
3152,3128
3153,3137
3154,3128
3155,3130
3156,3134
3157,3137
3158,3138
3159,3135
3160,3135
3161,3138
3162,3139
3163,3142
3164,3142
3165,3137
3166,3144
3167,3146
3168,3149
3169,3146
3170,3146
3171,3149
3172,3146
3173,3148
3174,3154
3175,3152
3176,3152
3177,3155
3178,3159
3179,3155
3180,3156
3181,3161
3182,3159
3183,3162
3184,3160
3185,3162
3186,3159
3187,3167
3188,3165
3189,3167
3190,3164
3191,3168
3192,3170
3193,3168
3194,3172
3195,3170
3196,3170
3197,3172
3198,3177
3199,3179
3200,3177
3201,3176
3202,3180
3203,3175
3204,3180
3205,3185
3206,3184
3207,3184
3208,3184
3209,3186
3210,3189
3211,3184
3212,3190
3213,3189
3214,3194
3215,3196
3216,3188
3217,3193
3218,3195
3219,3196
3220,3195
3221,3194
3222,3199
3223,3195
3224,3202
3225,3201
3226,3200
3227,3206
3228,3203
3229,3203
3230,3206
3231,3206
3232,3210
3233,3208
3234,3211
3235,3213
3236,3213
3237,3213
3238,3215
3239,3212
3240,3220
3241,3212
3242,3217
3243,3221
3244,3217
3245,3220
3246,3222
3247,3220
3248,3225
3249,3222
3250,3228
3251,3229
3252,3227
3253,3233
3254,3230
3255,3234
3256,3230
3257,3235
3258,3238
3259,3235
3260,3239
3261,3235
3262,3233
3263,3238
3264,3240
3265,3245
3266,3241
3267,3243
3268,3244
3269,3243
3270,3249
3271,3246
3272,3249
3273,3252
3274,3252
3275,3253
3276,3254
3277,3252
3278,3255
3279,3253
3280,3257
3281,3261
3282,3254
3283,3257
3284,3260
3285,3258
3286,3264
3287,3259
3288,3266
3289,3268
3290,3264
3291,3267
3292,3265
3293,3272
3294,3267
3295,3270
3296,3271
3297,3269
3298,3278
3299,3275
3300,3276
3301,3277
3302,3275
3303,3277
3304,3279
3305,3282
3306,3280
3307,3284
3308,3285
3309,3288
3310,3283
3311,3288
3312,3287
3313,3286
3314,3291
3315,3287
3316,3295
3317,3291
3318,3294
3319,3294
3320,3295
3321,3300
3322,3300
3323,3296
3324,3299
3325,3297
3326,3305
3327,3306
3328,3305
3329,3305
3330,3304
3331,3306
3332,3310
3333,3306
3334,3312
3335,3308
3336,3312
3337,3315
3338,3310
3339,3316
3340,3315
3341,3316
3342,3318
3343,3319
3344,3319
3345,3321
3346,3325
3347,3327
3348,3323
3349,3325
3350,3323
3351,3324
3352,3331
3353,3324
3354,3331
3355,3332
3356,3328
3357,3331
3358,3331
3359,3334
3360,3333
3361,3339
3362,3339
3363,3335
3364,3341
3365,3343
3366,3339
3367,3345
3368,3341
3369,3340
3370,3348
3371,3348
3372,3351
3373,3349
3374,3349
3375,3354
3376,3348
3377,3354
3378,3354
3379,3355
3380,3356
3381,3357
3382,3356
3383,3357
3384,3360
3385,3364
3386,3362
3387,3365
3388,3362
3389,3360
3390,3364
3391,3367
3392,3370
3393,3370
3394,3366
3395,3371
3396,3370
3397,3376
3398,3375
3399,3373
3400,3380
3401,3377
3402,3380
3403,3377
3404,3379
3405,3381
3406,3381
3407,3384
3408,3385
3409,3380
3410,3390
3411,3387
3412,3389
3413,3387
3414,3388
3415,3392
3416,3393
3417,3388
3418,3392
3419,3390
3420,3397
3421,3398
3422,3395
3423,3399
3424,3398
3425,3398
3426,3400
3427,3399
3428,3402
3429,3400
3430,3404
3431,3409
3432,3406
3433,3411
3434,3408
3435,3410
3436,3414
3437,3407
3438,3412
3439,3410
3440,3414
3441,3415
3442,3414
3443,3420
3444,3416
3445,3419
3446,3420
3447,3421
3448,3422
3449,3420
3450,3428
3451,3426
3452,3423
3453,3428
3454,3429
3455,3428
3456,3436
3457,3428
3458,3432
3459,3431
3460,3431
3461,3434
3462,3438
3463,3435
3464,3440
3465,3437
3466,3443
3467,3442
3468,3444
3469,3443
3470,3443
3471,3446
3472,3449
3473,3447
3474,3451
3475,3445
3476,3453
3477,3452
3478,3452
3479,3452
3480,3451
3481,3454
3482,3458
3483,3454
3484,3459
3485,3458
3486,3461
3487,3462
3488,3462
3489,3468
3490,3466
3491,3465
3492,3464
3493,3468
3494,3472
3495,3469
3496,3473
3497,3474
3498,3469
3499,3477
3500,3474
3501,3474
3502,3475
3503,3472
3504,3481
3505,3480
3506,3482
3507,3483
3508,3479
3509,3482
3510,3482
3511,3480
3512,3483
3513,3483
3514,3490
3515,3494
3516,3487
3517,3493
3518,3493
3519,3492
3520,3492
3521,3492
3522,3495
3523,3494
3524,3501
3525,3497
3526,3496
3527,3503
3528,3501
3529,3498
3530,3507
3531,3501
3532,3504
3533,3503
3534,3510
3535,3511
3536,3506
3537,3510
3538,3513
3539,3515
3540,3512
3541,3515
3542,3518
3543,3519
3544,3519
3545,3521
3546,3519
3547,3524
3548,3521
3549,3520
3550,3527
3551,3525
3552,3528
3553,3525
3554,3527
3555,3529
3556,3526
3557,3531
3558,3534
3559,3532
3560,3537
3561,3536
3562,3532
3563,3536
3564,3533
3565,3541
3566,3536
3567,3540
3568,3540
3569,3541
3570,3547
3571,3547
3572,3546
3573,3546
3574,3548
3575,3549
3576,3548
3577,3546
3578,3555
3579,3552
3580,3554
3581,3555
3582,3550
3583,3555
3584,3557
3585,3555
3586,3560
3587,3561
3588,3565
3589,3561
3590,3563
3591,3563
3592,3565
3593,3565
3594,3568
3595,3569
3596,3565
3597,3566
3598,3570
3599,3571
3600,3573
3601,3575
3602,3572
3603,3575
3604,3575
3605,3576
3606,3580
3607,3576
3608,3583
3609,3578
3610,3582
3611,3582
3612,3580
3613,3584
3614,3586
3615,3585
3616,3590
3617,3585
3618,3591
3619,3592
3620,3588
3621,3593
3622,3591
3623,3594
3624,3599
3625,3598
3626,3599
3627,3599
3628,3602
3629,3602
3630,3601
3631,3604
3632,3606
3633,3603
3634,3606
3635,3604
3636,3608
3637,3610
3638,3612
3639,3614
3640,3611
3641,3613
3642,3616
3643,3613
3644,3619
3645,3616
3646,3617
3647,3622
3648,3615
3649,3619
3650,3620
3651,3622
3652,3625
3653,3623
3654,3624
3655,3628
3656,3626
3657,3633
3658,3630
3659,3632
3660,3635
3661,3636
3662,3637
3663,3634
3664,3634
3665,3634
3666,3635
3667,3639
3668,3639
3669,3640
3670,3643
3671,3641
3672,3644
3673,3643
3674,3646
3675,3649
3676,3649
3677,3652
3678,3646
3679,3653
3680,3652
3681,3653
3682,3653
3683,3655
3684,3658
3685,3658
3686,3653
3687,3663
3688,3656
3689,3661
3690,3660
3691,3661
3692,3664
3693,3663
3694,3665
3695,3668
3696,3663
3697,3668
3698,3671
3699,3669
3700,3674
3701,3668
3702,3671
3703,3672
3704,3671
3705,3677
3706,3677
3707,3681
3708,3678
3709,3677
3710,3680
3711,3679
3712,3684
3713,3687
3714,3686
3715,3686
3716,3686
3717,3689
3718,3692
3719,3689
3720,3693
3721,3692
3722,3692
3723,3692
3724,3693
3725,3700
3726,3697
3727,3700
3728,3697
3729,3699
3730,3704
3731,3703
3732,3704
3733,3704
3734,3701
3735,3705
3736,3706
3737,3708
3738,3709
3739,3707
3740,3713
3741,3715
3742,3715
3743,3713
3744,3715
3745,3718
3746,3718
3747,3717
3748,3721
3749,3721
3750,3723
3751,3725
3752,3723
3753,3728
3754,3726
3755,3725
3756,3727
3757,3733
3758,3728
3759,3730
3760,3732
3761,3735
3762,3728
3763,3737
3764,3737
3765,3737
3766,3739
3767,3734
3768,3737
3769,3736
3770,3741
3771,3746
3772,3740
3773,3745
3774,3742
3775,3747
3776,3746
3777,3745
3778,3747
3779,3754
3780,3752
3781,3755
3782,3749
3783,3756
3784,3752
3785,3755
3786,3758
3787,3756
3788,3760
3789,3763
3790,3759
3791,3763
3792,3762
3793,3765
3794,3769
3795,3768
3796,3766
3797,3767
3798,3767
3799,3772
3800,3768
3801,3774
3802,3771
3803,3772
3804,3775
3805,3777
3806,3774
3807,3775
3808,3776
3809,3780
3810,3777
3811,3785
3812,3784
3813,3785
3814,3789
3815,3783
3816,3790
3817,3787
3818,3786
3819,3791
3820,3786
3821,3794
3822,3795
3823,3791
3824,3794
3825,3794
3826,3798
3827,3797
3828,3797
3829,3806
3830,3796
3831,3805
3832,3801
3833,3804
3834,3806
3835,3809
3836,3804
3837,3810
3838,3807
3839,3806
3840,3811
3841,3813
3842,3813
3843,3816
3844,3816
3845,3819
3846,3815
3847,3817
3848,3814
3849,3823
3850,3820
3851,3819
3852,3823
3853,3824
3854,3826
3855,3829
3856,3823
3857,3831
3858,3829
3859,3830
3860,3831
3861,3830
3862,3831
3863,3831
3864,3834
3865,3839
3866,3833
3867,3840
3868,3837
3869,3840
3870,3845
3871,3838
3872,3845
3873,3842
3874,3847
3875,3845
3876,3847
3877,3850
3878,3849
3879,3851
3880,3849
3881,3851
3882,3849
3883,3852
3884,3853
3885,3857
3886,3858
3887,3857
3888,3860
3889,3855
3890,3860
3891,3860
3892,3860
3893,3863
3894,3863
3895,3867
3896,3867
3897,3868
3898,3869
3899,3870
3900,3872
3901,3873
3902,3873
3903,3877
3904,3871
3905,3876
3906,3875
3907,3875
3908,3878
3909,3876
3910,3878
3911,3883
3912,3883
3913,3888
3914,3882
3915,3886
3916,3887
3917,3887
3918,3889
3919,3885
3920,3888
3921,3889
3922,3889
3923,3894
3924,3893
3925,3895
3926,3894
3927,3896
3928,3899
3929,3899
3930,3897
3931,3900
3932,3899
3933,3900
3934,3905
3935,3902
3936,3905
3937,3907
3938,3906
3939,3912
3940,3911
3941,3910
3942,3913
3943,3911
3944,3915
3945,3916
3946,3918
3947,3915
3948,3918
3949,3917
3950,3918
3951,3920
3952,3918
3953,3925
3954,3925
3955,3925
3956,3927
3957,3923
3958,3929
3959,3932
3960,3927
3961,3930
3962,3930
3963,3934
3964,3936
3965,3931
3966,3936
3967,3933
3968,3940
3969,3942
3970,3937
3971,3943
3972,3941
3973,3941
3974,3944
3975,3945
3976,3948
3977,3950
3978,3947
3979,3947
3980,3952
3981,3951
3982,3953
3983,3952
3984,3957
3985,3956
3986,3953
3987,3955
3988,3957
3989,3961
3990,3959
3991,3959
3992,3965
3993,3958
3994,3966
3995,3965
3996,3965
3997,3968
3998,3967
3999,3968
4000,3967
4001,3971
4002,3971
4003,3972
4004,3976
4005,3973
4006,3970
4007,3975
4008,3974
4009,3980
4010,3979
4011,3977
4012,3986
4013,3978
4014,3986
4015,3984
4016,3983
4017,3985
4018,3983
4019,3988
4020,3989
4021,3986
4022,3989
4023,3995
4024,3991
4025,3996
4026,3994
4027,3999
4028,4002
4029,3994
4030,3999
4031,3999
4032,3999
4033,4005
4034,4001
4035,4005
4036,4004
4037,4006
4038,4008
4039,4009
4040,4007
4041,4012
4042,4013
4043,4015
4044,4011
4045,4015
4046,4013
4047,4017
4048,4021
4049,4015
4050,4021
4051,4022
4052,4019
4053,4023
4054,4020
4055,4024
4056,4023
4057,4026
4058,4028
4059,4027
4060,4029
4061,4030
4062,4032
4063,4033
4064,4033
4065,4038
4066,4039
4067,4034
4068,4037
4069,4036
4070,4039
4071,4039
4072,4037
4073,4041
4074,4043
4075,4047
4076,4047
4077,4042
4078,4045
4079,4045
4080,4050
4081,4056
4082,4047
4083,4057
4084,4049
4085,4055
4086,4053
4087,4054
4088,4056
4089,4060
4090,4056
4091,4056
4092,4057
4093,4059
4094,4055
4095,4052
0,4
1,4
2,3
3,9
4,5
5,8
6,8
7,11
8,6
9,11
10,10
11,15
12,13
13,11
14,19
15,14
16,16
17,18
18,16
19,19
20,18
21,21
22,27
23,20
24,28
25,24
26,28
27,28
28,27
29,31
30,34
31,33
32,36
33,34
34,33
35,37
36,36
37,39
38,40
39,42
40,41
41,40
42,42
43,45
44,46
45,47
46,46
47,46
48,51
49,51
50,52
51,51
52,53
53,54
54,54
55,56
56,56
57,56
58,58
59,57
60,64
61,60
62,64
63,61
64,61
65,65
66,63
67,68
68,70
69,67
70,74
71,70
72,76
73,74
74,75
75,77
76,76
77,80
78,80
79,77
80,84
81,79
82,83
83,81
84,81
85,88
86,85
87,86
88,89
89,89
90,93
91,90
92,95
93,94
94,93
95,93
96,95
97,98
98,99
99,98
100,100
101,103
102,97
103,107
104,105
105,104
106,106
107,104
108,110
109,110
110,109
111,115
112,109
113,115
114,114
115,117
116,115
117,114
118,117
119,121
120,121
121,124
122,117
123,122
124,124
125,123
126,125
127,127
128,129
129,127
130,130
131,131
132,127
133,132
134,133
135,135
136,134
137,136
138,140
139,137
140,140
141,143
142,138
143,144
144,143
145,144
146,147
147,144
148,146
149,148
150,148
151,155
152,152
153,154
154,157
155,153
156,158
157,157
158,154
159,159
160,159
161,163
162,162
163,158
164,165
165,164
166,167
167,168
168,163
169,172
170,170
171,170
172,170
173,170
174,176
175,169
176,175
177,174
178,177
179,182
180,174
181,183
182,180
183,178
184,183
185,182
186,187
187,185
188,183
189,191
190,189
191,190
192,192
193,187
194,196
195,193
196,196
197,194
198,193
199,201
200,198
201,200
202,204
203,198
204,204
205,201
206,202
207,206
208,208
209,212
210,207
211,212
212,209
213,209
214,213
215,215
216,212
217,219
218,216
219,221
220,222
221,220
222,223
223,221
224,223
225,225
226,223
227,228
228,224
229,227
230,232
231,229
232,231
233,231
234,235
235,236
236,230
237,235
238,234
239,239
240,243
241,239
242,240
243,243
244,240
245,248
246,242
247,248
248,247
249,248
250,248
251,248
252,252
253,249
254,252
255,257
256,249
257,254
258,255
259,253
260,261
261,260
262,262
263,262
264,260
265,269
266,261
267,267
268,267
269,269
270,272
271,266
272,272
273,277
274,272
275,275
276,271
277,274
278,277
279,276
280,281
281,281
282,278
283,282
284,283
285,285
286,283
287,285
288,289
289,287
290,288
291,289
292,290
293,292
294,295
295,294
296,297
297,296
298,300
299,296
300,301
301,301
302,302
303,301
304,300
305,302
306,303
307,306
308,307
309,309
310,307
311,309
312,311
313,315
314,310
315,313
316,317
317,312
318,316
319,315
320,319
321,317
322,320
323,325
324,322
325,325
326,326
327,321
328,326
329,331
330,328
331,330
332,328
333,331
334,335
335,333
336,333
337,334
338,333
339,337
340,336
341,342
342,340
343,339
344,342
345,341
346,342
347,347
348,344
349,349
350,350
351,351
352,348
353,352
354,353
355,354
356,353
357,353
358,355
359,361
360,357
361,362
362,360
363,356
364,363
365,363
366,366
367,364
368,364
369,371
370,364
371,369
372,368
373,367
374,371
375,373
376,373
377,376
378,375
379,376
380,380
381,381
382,377
383,382
384,384
385,380
386,383
387,387
388,383
389,387
390,390
391,385
392,390
393,388
394,391
395,391
396,389
397,398
398,397
399,396
400,397
401,394
402,401
403,402
404,399
405,404
406,400
407,407
408,407
409,408
410,411
411,406
412,413
413,411
414,413
415,410
416,413
417,418
418,412
419,419
420,417
421,416
422,421
423,418
424,423
425,425
426,420
427,428
428,423
429,428
430,426
431,424
432,428
433,432
434,431
435,433
436,433
437,435
438,434
439,437
440,441
441,436
442,437
443,439
444,438
445,444
446,445
447,442
448,447
449,444
450,446
451,448
452,449
453,449
454,451
455,447
456,452
457,455
458,458
459,456
460,454
461,456
462,455
463,463
464,461
465,460
466,461
467,460
468,464
469,465
470,469
471,465
472,467
473,473
474,466
475,472
476,473
477,474
478,479
479,471
480,476
481,476
482,478
483,482
484,481
485,482
486,483
487,484
488,485
489,485
490,485
491,490
492,484
493,492
494,486
495,493
496,496
497,490
498,497
499,492
500,493
501,498
502,499
503,502
504,503
505,498
506,505
507,504
508,506
509,507
510,505
511,508
512,510
513,511
514,511
515,507
516,512
517,514
518,515
519,520
520,517
521,520
522,518
523,519
524,524
525,516
526,525
527,524
528,523
529,528
530,524
531,531
532,526
533,529
534,532
535,527
536,535
537,534
538,533
539,537
540,538
541,540
542,537
543,537
544,543
545,540
546,544
547,546
548,544
549,547
550,543
551,547
552,548
553,546
554,552
555,550
556,552
557,556
558,554
559,559
560,558
561,557
562,559
563,555
564,560
565,560
566,562
567,562
568,565
569,564
570,567
571,567
572,570
573,568
574,574
575,573
576,572
577,576
578,570
579,573
580,574
581,573
582,580
583,576
584,580
585,583
586,582
587,588
588,584
589,585
590,588
591,583
592,589
593,584
594,590
595,591
596,592
597,593
598,590
599,594
600,594
601,594
602,602
603,595
604,601
605,601
606,602
607,607
608,601
609,607
610,604
611,606
612,608
613,607
614,608
615,613
616,613
617,614
618,615
619,612
620,618
621,614
622,618
623,619
624,619
625,625
626,619
627,623
628,627
629,625
630,627
631,627
632,627
633,631
634,628
635,633
636,630
637,632
638,636
639,632
640,635
641,637
642,635
643,639
644,637
645,643
646,640
647,645
648,642
649,641
650,646
651,648
652,645
653,652
654,648
655,650
656,651
657,652
658,653
659,650
660,652
661,658
662,656
663,658
664,658
665,659
666,658
667,662
668,665
669,665
670,665
671,665
672,663
673,669
674,669
675,670
676,672
677,668
678,676
679,676
680,676
681,677
682,673
683,677
684,681
685,676
686,685
687,679
688,685
689,684
690,682
691,688
692,685
693,687
694,692
695,686
696,691
697,692
698,695
699,696
700,690
701,697
702,694
703,702
704,698
705,699
706,700
707,702
708,704
709,703
710,706
711,709
712,704
713,708
714,712
715,706
716,712
717,713
718,713
719,716
720,715
721,720
722,718
723,717
724,722
725,715
726,724
727,723
728,720
729,723
730,724
731,725
732,730
733,729
734,731
735,730
736,732
737,736
738,731
739,737
740,735
741,738
742,738
743,734
744,738
745,741
746,740
747,745
748,744
749,745
750,747
751,744
752,745
753,745
754,747
755,751
756,748
757,755
758,748
759,754
760,756
761,757
762,761
763,753
764,758
765,760
766,760
767,764
768,761
769,763
770,762
771,767
772,769
773,764
774,768
775,769
776,767
777,772
778,769
779,771
780,775
781,776
782,780
783,779
784,776
785,782
786,776
787,781
788,781
789,779
790,785
791,783
792,787
793,791
794,788
795,793
796,791
797,791
798,792
799,788
800,796
801,792
802,794
803,794
804,796
805,804
806,799
807,804
808,805
809,800
810,804
811,803
812,808
813,807
814,805
815,813
816,806
817,813
818,815
819,813
820,816
821,815
822,817
823,821
824,818
825,821
826,819
827,821
828,825
829,820
830,827
831,826
832,824
833,826
834,828
835,829
836,831
837,834
838,832
839,831
840,838
841,837
842,832
843,836
844,839
845,837
846,842
847,838
848,841
849,842
850,842
851,845
852,847
853,849
854,845
855,848
856,851
857,851
858,851
859,849
860,853
861,857
862,853
863,861
864,855
865,859
866,863
867,857
868,862
869,865
870,863
871,865
872,861
873,866
874,867
875,868
876,873
877,867
878,872
879,876
880,874
881,877
882,876
883,876
884,878
885,877
886,882
887,880
888,885
889,880
890,882
891,885
892,883
893,884
894,890
895,889
896,892
897,889
898,889
899,899
900,891
901,896
902,894
903,895
904,901
905,901
906,900
907,899
908,903
909,907
910,903
911,903
912,908
913,905
914,907
915,908
916,913
917,910
918,913
919,913
920,910
921,915
922,916
923,911
924,922
925,917
926,920
927,924
928,918
929,926
930,921
931,923
932,928
933,927
934,931
935,930
936,928
937,930
938,931
939,934
940,936
941,933
942,936
943,937
944,940
945,937
946,943
947,941
948,942
949,944
950,944
951,943
952,947
953,943
954,947
955,950
956,949
957,955
958,953
959,954
960,958
961,952
962,959
963,954
964,958
965,960
966,957
967,963
968,962
969,961
970,966
971,965
972,966
973,965
974,967
975,973
976,968
977,971
978,970
979,975
980,977
981,975
982,978
983,979
984,978
985,979
986,975
987,981
988,982
989,981
990,983
991,984
992,985
993,989
994,986
995,991
996,991
997,994
998,994
999,992
1000,993
1001,994
1002,997
1003,995
1004,994
1005,1000
1006,999
1007,1003
1008,1004
1009,1004
1010,1002
1011,1008
1012,1006
1013,1007
1014,1009
1015,1011
1016,1011
1017,1009
1018,1015
1019,1010
1020,1017
1021,1018
1022,1012
1023,1016
1024,1014
1025,1017
1026,1020
1027,1022
1028,1024
1029,1023
1030,1025
1031,1027
1032,1027
1033,1026
1034,1028
1035,1030
1036,1029
1037,1030
1038,1032
1039,1029
1040,1035
1041,1036
1042,1034
1043,1037
1044,1036
1045,1037
1046,1044
1047,1042
1048,1042
1049,1040
1050,1042
1051,1048
1052,1045
1053,1051
1054,1045
1055,1051
1056,1048
1057,1051
1058,1050
1059,1054
1060,1049
1061,1057
1062,1054
1063,1057
1064,1058
1065,1055
1066,1062
1067,1063
1068,1059
1069,1066
1070,1061
1071,1064
1072,1064
1073,1063
1074,1069
1075,1069
1076,1068
1077,1072
1078,1068
1079,1074
1080,1073
1081,1077
1082,1075
1083,1077
1084,1081
1085,1075
1086,1082
1087,1083
1088,1078
1089,1087
1090,1084
1091,1084
1092,1084
1093,1088
1094,1091
1095,1085
1096,1089
1097,1088
1098,1092
1099,1096
1100,1094
1101,1096
1102,1097
1103,1098
1104,1099
1105,1100
1106,1100
1107,1101
1108,1099
1109,1101
1110,1102
1111,1101
1112,1107
1113,1105
1114,1111
1115,1110
1116,1110
1117,1115
1118,1107
1119,1114
1120,1116
1121,1111
1122,1119
1123,1110
1124,1120
1125,1121
1126,1117
1127,1119
1128,1121
1129,1123
1130,1124
1131,1121
1132,1126
1133,1124
1134,1126
1135,1128
1136,1128
1137,1130
1138,1131
1139,1133
1140,1137
1141,1134
1142,1135
1143,1137
1144,1138
1145,1138
1146,1139
1147,1142
1148,1142
1149,1143
1150,1141
1151,1143
1152,1145
1153,1147
1154,1142
1155,1147
1156,1151
1157,1148
1158,1153
1159,1152
1160,1155
1161,1155
1162,1154
1163,1157
1164,1156
1165,1156
1166,1160
1167,1157
1168,1165
1169,1163
1170,1164
1171,1163
1172,1167
1173,1169
1174,1166
1175,1168
1176,1167
1177,1168
1178,1172
1179,1169
1180,1174
1181,1172
1182,1172
1183,1175
1184,1175
1185,1177
1186,1181
1187,1180
1188,1184
1189,1180
1190,1185
1191,1186
1192,1182
1193,1188
1194,1183
1195,1191
1196,1190
1197,1189
1198,1188
1199,1193
1200,1193
1201,1198
1202,1190
1203,1193
1204,1198
1205,1198
1206,1199
1207,1198
1208,1203
1209,1203
1210,1203
1211,1205
1212,1205
1213,1208
1214,1204
1215,1208
1216,1212
1217,1205
1218,1213
1219,1210
1220,1213
1221,1214
1222,1215
1223,1215
1224,1215
1225,1217
1226,1218
1227,1217
1228,1222
1229,1223
1230,1221
1231,1222
1232,1219
1233,1227
1234,1229
1235,1226
1236,1232
1237,1227
1238,1233
1239,1233
1240,1234
1241,1237
1242,1235
1243,1232
1244,1239
1245,1237
1246,1237
1247,1242
1248,1235
1249,1240
1250,1244
1251,1241
1252,1250
1253,1245
1254,1245
1255,1247
1256,1246
1257,1253
1258,1246
1259,1254
1260,1252
1261,1253
1262,1258
1263,1256
1264,1257
1265,1255
1266,1256
1267,1259
1268,1258
1269,1264
1270,1260
1271,1265
1272,1264
1273,1268
1274,1268
1275,1269
1276,1267
1277,1273
1278,1271
1279,1271
1280,1271
1281,1270
1282,1274
1283,1271
1284,1278
1285,1278
1286,1279
1287,1283
1288,1280
1289,1279
1290,1285
1291,1282
1292,1287
1293,1284
1294,1284
1295,1290
1296,1288
1297,1290
1298,1292
1299,1292
1300,1296
1301,1294
1302,1294
1303,1294
1304,1297
1305,1302
1306,1295
1307,1302
1308,1303
1309,1301
1310,1304
1311,1302
1312,1303
1313,1304
1314,1304
1315,1306
1316,1309
1317,1308
1318,1311
1319,1311
1320,1315
1321,1311
1322,1312
1323,1317
1324,1315
1325,1321
1326,1316
1327,1320
1328,1320
1329,1320
1330,1320
1331,1324
1332,1327
1333,1322
1334,1326
1335,1329
1336,1328
1337,1330
1338,1333
1339,1329
1340,1330
1341,1338
1342,1330
1343,1337
1344,1338
1345,1337
1346,1340
1347,1338
1348,1338
1349,1343
1350,1343
1351,1347
1352,1339
1353,1346
1354,1346
1355,1346
1356,1353
1357,1346
1358,1352
1359,1352
1360,1349
1361,1352
1362,1354
1363,1356
1364,1357
1365,1354
1366,1362
1367,1356
1368,1360
1369,1358
1370,1360
1371,1365
1372,1359
1373,1367
1374,1366
1375,1368
1376,1368
1377,1367
1378,1372
1379,1371
1380,1369
1381,1373
1382,1374
1383,1374
1384,1380
1385,1378
1386,1378
1387,1380
1388,1380
1389,1384
1390,1382
1391,1386
1392,1381
1393,1385
1394,1387
1395,1384
1396,1386
1397,1388
1398,1391
1399,1390
1400,1388
1401,1393
1402,1395
1403,1393
1404,1397
1405,1397
1406,1400
1407,1397
1408,1399
1409,1399
1410,1398
1411,1403
1412,1403
1413,1405
1414,1407
1415,1405
1416,1410
1417,1408
1418,1409
1419,1410
1420,1413
1421,1410
1422,1415
1423,1413
1424,1418
1425,1414
1426,1416
1427,1421
1428,1415
1429,1419
1430,1423
1431,1422
1432,1424
1433,1423
1434,1427
1435,1431
1436,1428
1437,1430
1438,1430
1439,1427
1440,1433
1441,1429
1442,1434
1443,1433
1444,1434
1445,1440
1446,1436
1447,1440
1448,1439
1449,1441
1450,1441
1451,1443
1452,1446
1453,1445
1454,1444
1455,1446
1456,1443
1457,1452
1458,1450
1459,1447
1460,1453
1461,1452
1462,1453
1463,1454
1464,1455
1465,1456
1466,1455
1467,1457
1468,1455
1469,1458
1470,1465
1471,1457
1472,1467
1473,1460
1474,1463
1475,1466
1476,1469
1477,1465
1478,1469
1479,1466
1480,1469
1481,1473
1482,1468
1483,1473
1484,1475
1485,1475
1486,1478
1487,1476
1488,1482
1489,1480
1490,1479
1491,1478
1492,1479
1493,1485
1494,1484
1495,1488
1496,1484
1497,1487
1498,1491
1499,1490
1500,1489
1501,1492
1502,1486
1503,1492
1504,1491
1505,1495
1506,1499
1507,1498
1508,1501
1509,1501
1510,1502
1511,1501
1512,1501
1513,1504
1514,1501
1515,1504
1516,1510
1517,1504
1518,1511
1519,1511
1520,1509
1521,1516
1522,1513
1523,1512
1524,1514
1525,1516
1526,1520
1527,1516
1528,1517
1529,1518
1530,1518
1531,1525
1532,1524
1533,1522
1534,1528
1535,1521
1536,1526
1537,1524
1538,1529
1539,1533
1540,1531
1541,1531
1542,1533
1543,1533
1544,1533
1545,1531
1546,1540
1547,1536
1548,1540
1549,1543
1550,1538
1551,1544
1552,1543
1553,1542
1554,1546
1555,1545
1556,1547
1557,1549
1558,1547
1559,1553
1560,1552
1561,1555
1562,1553
1563,1550
1564,1554
1565,1552
1566,1556
1567,1554
1568,1559
1569,1559
1570,1562
1571,1558
1572,1562
1573,1559
1574,1567
1575,1567
1576,1563
1577,1566
1578,1567
1579,1562
1580,1572
1581,1570
1582,1577
1583,1571
1584,1573
1585,1573
1586,1575
1587,1577
1588,1578
1589,1581
1590,1582
1591,1577
1592,1581
1593,1580
1594,1582
1595,1584
1596,1584
1597,1588
1598,1583
1599,1588
1600,1588
1601,1589
1602,1593
1603,1590
1604,1593
1605,1594
1606,1591
1607,1595
1608,1598
1609,1598
1610,1601
1611,1596
1612,1606
1613,1603
1614,1607
1615,1603
1616,1607
1617,1606
1618,1606
1619,1610
1620,1609
1621,1609
1622,1611
1623,1613
1624,1612
1625,1614
1626,1613
1627,1615
1628,1618
1629,1620
1630,1623
1631,1618
1632,1623
1633,1626
1634,1620
1635,1624
1636,1628
1637,1628
1638,1631
1639,1627
1640,1633
1641,1630
1642,1634
1643,1633
1644,1633
1645,1636
1646,1633
1647,1633
1648,1642
1649,1638
1650,1641
1651,1637
1652,1642
1653,1644
1654,1640
1655,1646
1656,1642
1657,1646
1658,1650
1659,1644
1660,1648
1661,1647
1662,1651
1663,1653
1664,1654
1665,1653
1666,1657
1667,1657
1668,1657
1669,1658
1670,1657
1671,1661
1672,1659
1673,1661
1674,1665
1675,1664
1676,1668
1677,1665
1678,1670
1679,1668
1680,1670
1681,1669
1682,1667
1683,1674
1684,1672
1685,1672
1686,1677
1687,1674
1688,1678
1689,1677
1690,1679
1691,1679
1692,1678
1693,1684
1694,1683
1695,1685
1696,1685
1697,1687
1698,1686
1699,1690
1700,1685
1701,1690
1702,1691
1703,1693
1704,1696
1705,1691
1706,1695
1707,1692
1708,1694
1709,1701
1710,1700
1711,1703
1712,1704
1713,1698
1714,1703
1715,1704
1716,1705
1717,1705
1718,1703
1719,1711
1720,1710
1721,1713
1722,1714
1723,1711
1724,1715
1725,1712
1726,1712
1727,1717
1728,1713
1729,1717
1730,1720
1731,1719
1732,1723
1733,1718
1734,1722
1735,1721
1736,1724
1737,1728
1738,1722
1739,1730
1740,1729
1741,1729
1742,1730
1743,1726
1744,1734
1745,1735
1746,1734
1747,1735
1748,1735
1749,1735
1750,1736
1751,1737
1752,1740
1753,1737
1754,1741
1755,1748
1756,1741
1757,1749
1758,1744
1759,1744
1760,1749
1761,1750
1762,1751
1763,1747
1764,1753
1765,1757
1766,1752
1767,1757
1768,1756
1769,1755
1770,1762
1771,1759
1772,1762
1773,1763
1774,1757
1775,1769
1776,1763
1777,1765
1778,1770
1779,1767
1780,1768
1781,1771
1782,1772
1783,1771
1784,1772
1785,1773
1786,1772
1787,1776
1788,1780
1789,1779
1790,1782
1791,1780
1792,1783
1793,1784
1794,1784
1795,1787
1796,1782
1797,1785
1798,1787
1799,1786
1800,1793
1801,1785
1802,1789
1803,1794
1804,1788
1805,1794
1806,1798
1807,1792
1808,1800
1809,1795
1810,1796
1811,1804
1812,1798
1813,1800
1814,1803
1815,1802
1816,1808
1817,1804
1818,1811
1819,1806
1820,1809
1821,1814
1822,1810
1823,1813
1824,1811
1825,1810
1826,1818
1827,1814
1828,1815
1829,1819
1830,1820
1831,1822
1832,1821
1833,1823
1834,1824
1835,1823
1836,1824
1837,1824
1838,1828
1839,1828
1840,1828
1841,1829
1842,1825
1843,1831
1844,1830
1845,1833
1846,1834
1847,1835
1848,1833
1849,1836
1850,1838
1851,1840
1852,1841
1853,1836
1854,1846
1855,1839
1856,1842
1857,1845
1858,1845
1859,1847
1860,1847
1861,1851
1862,1852
1863,1851
1864,1852
1865,1847
1866,1856
1867,1858
1868,1855
1869,1857
1870,1857
1871,1860
1872,1860
1873,1860
1874,1866
1875,1860
1876,1863
1877,1865
1878,1866
1879,1866
1880,1866
1881,1868
1882,1872
1883,1868
1884,1873
1885,1872
1886,1875
1887,1877
1888,1876
1889,1876
1890,1876
1891,1876
1892,1882
1893,1884
1894,1883
1895,1882
1896,1880
1897,1885
1898,1886
1899,1887
1900,1888
1901,1887
1902,1894
1903,1886
1904,1893
1905,1892
1906,1892
1907,1894
1908,1899
1909,1896
1910,1902
1911,1895
1912,1899
1913,1897
1914,1899
1915,1903
1916,1902
1917,1906
1918,1905
1919,1905
1920,1908
1921,1908
1922,1909
1923,1910
1924,1912
1925,1914
1926,1911
1927,1917
1928,1916
1929,1918
1930,1917
1931,1914
1932,1920
1933,1917
1934,1919
1935,1925
1936,1923
1937,1926
1938,1924
1939,1925
1940,1927
1941,1930
1942,1931
1943,1934
1944,1926
1945,1932
1946,1933
1947,1935
1948,1935
1949,1933
1950,1935
1951,1939
1952,1939
1953,1940
1954,1941
1955,1941
1956,1944
1957,1941
1958,1946
1959,1942
1960,1946
1961,1945
1962,1948
1963,1953
1964,1947
1965,1952
1966,1953
1967,1950
1968,1956
1969,1951
1970,1960
1971,1960
1972,1958
1973,1963
1974,1960
1975,1960
1976,1961
1977,1962
1978,1966
1979,1967
1980,1970
1981,1970
1982,1963
1983,1972
1984,1967
1985,1971
1986,1971
1987,1971
1988,1972
1989,1974
1990,1975
1991,1981
1992,1976
1993,1979
1994,1985
1995,1977
1996,1987
1997,1987
1998,1987
1999,1987
2000,1987
2001,1989
2002,1990
2003,1990
2004,1991
2005,1990
2006,1999
2007,1994
2008,1997
2009,1998
2010,1996
2011,1997
2012,2001
2013,2003
2014,2006
2015,2001
2016,2006
2017,1999
2018,2008
2019,2011
2020,2003
2021,2012
2022,2007
2023,2015
2024,2015
2025,2011
2026,2012
2027,2011
2028,2013
2029,2020
2030,2019
2031,2021
2032,2018
2033,2020
2034,2021
2035,2022
2036,2024
2037,2026
2038,2022
2039,2028
2040,2026
2041,2024
2042,2030
2043,2028
2044,2031
2045,2032
2046,2034
2047,2035
2048,2034
2049,2037
2050,2039
2051,2035
2052,2041
2053,2036
2054,2044
2055,2042
2056,2039
2057,2044
2058,2044
2059,2048
2060,2045
2061,2047
2062,2050
2063,2049
2064,2054
2065,2055
2066,2049
2067,2055
2068,2051
2069,2058
2070,2059
2071,2058
2072,2059
2073,2061
2074,2062
2075,2061
2076,2063
2077,2064
2078,2063
2079,2066
2080,2068
2081,2065
2082,2072
2083,2072
2084,2071
2085,2073
2086,2074
2087,2073
2088,2077
2089,2076
2090,2079
2091,2080
2092,2075
2093,2086
2094,2079
2095,2086
2096,2082
2097,2083
2098,2085
2099,2083
2100,2086
2101,2089
2102,2087
2103,2090
2104,2086
2105,2092
2106,2094
2107,2093
2108,2097
2109,2094
2110,2098
2111,2097
2112,2101
2113,2100
2114,2102
2115,2104
2116,2102
2117,2100
2118,2107
2119,2105
2120,2107
2121,2109
2122,2108
2123,2109
2124,2107
2125,2111
2126,2114
2127,2114
2128,2113
2129,2116
2130,2111
2131,2118
2132,2115
2133,2118
2134,2119
2135,2118
2136,2125
2137,2120
2138,2124
2139,2126
2140,2125
2141,2131
2142,2129
2143,2129
2144,2128
2145,2128
2146,2131
2147,2128
2148,2135
2149,2136
2150,2137
2151,2138
2152,2138
2153,2141
2154,2141
2155,2142
2156,2146
2157,2141
2158,2142
2159,2144
2160,2143
2161,2151
2162,2148
2163,2147
2164,2152
2165,2151
2166,2155
2167,2153
2168,2152
2169,2155
2170,2154
2171,2156
2172,2154
2173,2156
2174,2163
2175,2162
2176,2163
2177,2162
2178,2163
2179,2165
2180,2167
2181,2170
2182,2171
2183,2166
2184,2173
2185,2168
2186,2170
2187,2177
2188,2172
2189,2173
2190,2178
2191,2178
2192,2177
2193,2174
2194,2179
2195,2181
2196,2185
2197,2184
2198,2184
2199,2184
2200,2183
2201,2189
2202,2190
2203,2185
2204,2190
2205,2190
2206,2189
2207,2197
2208,2190
2209,2197
2210,2195
2211,2196
2212,2200
2213,2195
2214,2198
2215,2198
2216,2201
2217,2207
2218,2200
2219,2207
2220,2205
2221,2204
2222,2210
2223,2207
2224,2206
2225,2214
2226,2212
2227,2216
2228,2215
2229,2215
2230,2215
2231,2213
2232,2216
2233,2219
2234,2220
2235,2221
2236,2219
2237,2222
2238,2224
2239,2220
2240,2229
2241,2227
2242,2227
2243,2228
2244,2229
2245,2234
2246,2232
2247,2235
2248,2233
2249,2233
2250,2237
2251,2235
2252,2240
2253,2235
2254,2236
2255,2241
2256,2241
2257,2238
2258,2244
2259,2243
2260,2247
2261,2248
2262,2245
2263,2246
2264,2246
2265,2250
2266,2247
2267,2254
2268,2249
2269,2258
2270,2255
2271,2253
2272,2254
2273,2258
2274,2257
2275,2260
2276,2259
2277,2263
2278,2263
2279,2266
2280,2265
2281,2267
2282,2269
2283,2264
2284,2268
2285,2265
2286,2275
2287,2271
2288,2268
2289,2275
2290,2272
2291,2279
2292,2278
2293,2278
2294,2280
2295,2280
2296,2279
2297,2282
2298,2278
2299,2283
2300,2283
2301,2284
2302,2291
2303,2286
2304,2291
2305,2287
2306,2288
2307,2291
2308,2288
2309,2293
2310,2290
2311,2293
2312,2299
2313,2292
2314,2296
2315,2300
2316,2297
2317,2302
2318,2299
2319,2301
2320,2303
2321,2305
2322,2307
2323,2304
2324,2305
2325,2313
2326,2308
2327,2311
2328,2314
2329,2313
2330,2319
2331,2312
2332,2318
2333,2313
2334,2316
2335,2319
2336,2317
2337,2322
2338,2322
2339,2321
2340,2325
2341,2323
2342,2327
2343,2327
2344,2328
2345,2332
2346,2327
2347,2330
2348,2332
2349,2334
2350,2332
2351,2333
2352,2339
2353,2335
2354,2337
2355,2342
2356,2336
2357,2341
2358,2344
2359,2339
2360,2344
2361,2341
2362,2347
2363,2347
2364,2348
2365,2348
2366,2351
2367,2348
2368,2351
2369,2349
2370,2355
2371,2357
2372,2353
2373,2357
2374,2359
2375,2361
2376,2357
2377,2363
2378,2363
2379,2361
2380,2361
2381,2365
2382,2362
2383,2367
2384,2368
2385,2369
2386,2371
2387,2371
2388,2374
2389,2369
2390,2375
2391,2377
2392,2371
2393,2377
2394,2373
2395,2380
2396,2383
2397,2377
2398,2383
2399,2382
2400,2386
2401,2385
2402,2385
2403,2388
2404,2385
2405,2391
2406,2388
2407,2391
2408,2392
2409,2392
2410,2388
2411,2395
2412,2394
2413,2400
2414,2395
2415,2399
2416,2396
2417,2397
2418,2399
2419,2405
2420,2402
2421,2403
2422,2405
2423,2407
2424,2410
2425,2408
2426,2411
2427,2408
2428,2409
2429,2416
2430,2413
2431,2419
2432,2412
2433,2418
2434,2418
2435,2419
2436,2424
2437,2419
2438,2423
2439,2424
2440,2421
2441,2428
2442,2423
2443,2426
2444,2429
2445,2425
2446,2433
2447,2428
2448,2430
2449,2436
2450,2428
2451,2436
2452,2432
2453,2436
2454,2439
2455,2440
2456,2435
2457,2438
2458,2435
2459,2445
2460,2445
2461,2439
2462,2446
2463,2441
2464,2445
2465,2448
2466,2448
2467,2452
2468,2450
2469,2449
2470,2449
2471,2449
2472,2459
2473,2456
2474,2460
2475,2458
2476,2456
2477,2460
2478,2455
2479,2460
2480,2460
2481,2460
2482,2465
2483,2461
2484,2464
2485,2467
2486,2469
2487,2472
2488,2470
2489,2473
2490,2469
2491,2471
2492,2475
2493,2474
2494,2475
2495,2477
2496,2475
2497,2482
2498,2480
2499,2480
2500,2480
2501,2484
2502,2482
2503,2486
2504,2485
2505,2488
2506,2487
2507,2491
2508,2492
2509,2489
2510,2496
2511,2495
2512,2492
2513,2499
2514,2494
2515,2500
2516,2498
2517,2498
2518,2497
2519,2496
2520,2506
2521,2505
2522,2503
2523,2506
2524,2506
2525,2508
2526,2507
2527,2509
2528,2515
2529,2507
2530,2516
2531,2511
2532,2512
2533,2519
2534,2511
2535,2521
2536,2520
2537,2522
2538,2520
2539,2522
2540,2525
2541,2525
2542,2526
2543,2527
2544,2527
2545,2525
2546,2530
2547,2531
2548,2534
2549,2528
2550,2531
2551,2534
2552,2533
2553,2534
2554,2536
2555,2533
2556,2538
2557,2535
2558,2543
2559,2544
2560,2538
2561,2547
2562,2542
2563,2545
2564,2549
2565,2548
2566,2550
2567,2546
2568,2548
2569,2547
2570,2552
2571,2554
2572,2556
2573,2554
2574,2559
2575,2558
2576,2561
2577,2565
2578,2557
2579,2558
2580,2561
2581,2563
2582,2564
2583,2568
2584,2568
2585,2562
2586,2571
2587,2567
2588,2568
2589,2571
2590,2574
2591,2577
2592,2575
2593,2571
2594,2576
2595,2579
2596,2576
2597,2580
2598,2576
2599,2582
2600,2578
2601,2583
2602,2583
2603,2580
2604,2584
2605,2587
2606,2586
2607,2593
2608,2585
2609,2596
2610,2589
2611,2591
2612,2599
2613,2591
2614,2597
2615,2595
2616,2600
2617,2602
2618,2597
2619,2600
2620,2597
2621,2605
2622,2609
2623,2603
2624,2608
2625,2604
2626,2611
2627,2611
2628,2609
2629,2610
2630,2609
2631,2614
2632,2616
2633,2610
2634,2612
2635,2618
2636,2615
2637,2622
2638,2615
2639,2619
2640,2620
2641,2623
2642,2626
2643,2622
2644,2625
2645,2627
2646,2623
2647,2631
2648,2627
2649,2631
2650,2634
2651,2627
2652,2633
2653,2637
2654,2633
2655,2639
2656,2638
2657,2640
2658,2636
2659,2641
2660,2643
2661,2638
2662,2644
2663,2643
2664,2642
2665,2647
2666,2644
2667,2647
2668,2649
2669,2645
2670,2653
2671,2648
2672,2653
2673,2657
2674,2650
2675,2654
2676,2656
2677,2658
2678,2657
2679,2658
2680,2661
2681,2663
2682,2659
2683,2662
2684,2662
2685,2663
2686,2667
2687,2669
2688,2669
2689,2669
2690,2672
2691,2674
2692,2674
2693,2677
2694,2672
2695,2679
2696,2679
2697,2675
2698,2675
2699,2682
2700,2678
2701,2685
2702,2679
2703,2683
2704,2684
2705,2685
2706,2689
2707,2684
2708,2690
2709,2686
2710,2694
2711,2694
2712,2694
2713,2697
2714,2691
2715,2699
2716,2698
2717,2697
2718,2702
2719,2702
2720,2702
2721,2701
2722,2698
2723,2707
2724,2707
2725,2703
2726,2710
2727,2709
2728,2707
2729,2704
2730,2712
2731,2714
2732,2709
2733,2709
2734,2720
2735,2711
2736,2719
2737,2719
2738,2717
2739,2721
2740,2721
2741,2725
2742,2724
2743,2721
2744,2728
2745,2724
2746,2724
2747,2725
2748,2729
2749,2734
2750,2731
2751,2730
2752,2735
2753,2729
2754,2738
2755,2735
2756,2739
2757,2735
2758,2737
2759,2741
2760,2742
2761,2741
2762,2745
2763,2744
2764,2743
2765,2742
2766,2744
2767,2751
2768,2744
2769,2752
2770,2745
2771,2750
2772,2753
2773,2749
2774,2754
2775,2757
2776,2757
2777,2755
2778,2754
2779,2763
2780,2764
2781,2759
2782,2765
2783,2763
2784,2763
2785,2766
2786,2762
2787,2768
2788,2766
2789,2773
2790,2771
2791,2772
2792,2777
2793,2775
2794,2775
2795,2779
2796,2772
2797,2779
2798,2779
2799,2777
2800,2781
2801,2779
2802,2785
2803,2781
2804,2782
2805,2785
2806,2783
2807,2785
2808,2785
2809,2788
2810,2792
2811,2789
2812,2792
2813,2791
2814,2792
2815,2799
2816,2795
2817,2802
2818,2801
2819,2796
2820,2800
2821,2800
2822,2801
2823,2799
2824,2803
2825,2805
2826,2809
2827,2803
2828,2808
2829,2805
2830,2807
2831,2809
2832,2809
2833,2813
2834,2813
2835,2818
2836,2818
2837,2816
2838,2818
2839,2818
2840,2821
2841,2817
2842,2817
2843,2824
2844,2819
2845,2825
2846,2823
2847,2822
2848,2829
2849,2825
2850,2828
2851,2833
2852,2828
2853,2832
2854,2828
2855,2834
2856,2832
2857,2832
2858,2840
2859,2837
2860,2841
2861,2841
2862,2843
2863,2847
2864,2845
2865,2847
2866,2849
2867,2843
2868,2846
2869,2848
2870,2848
2871,2849
2872,2848
2873,2850
2874,2851
2875,2852
2876,2855
2877,2858
2878,2855
2879,2863
2880,2858
2881,2865
2882,2858
2883,2859
2884,2861
2885,2862
2886,2869
2887,2867
2888,2869
2889,2871
2890,2868
2891,2867
2892,2870
2893,2873
2894,2877
2895,2874
2896,2876
2897,2873
2898,2879
2899,2876
2900,2874
2901,2883
2902,2882
2903,2879
2904,2888
2905,2881
2906,2885
2907,2884
2908,2887
2909,2892
2910,2884
2911,2892
2912,2888
2913,2893
2914,2897
2915,2893
2916,2900
2917,2893
2918,2897
2919,2899
2920,2901
2921,2896
2922,2902
2923,2900
2924,2905
2925,2901
2926,2905
2927,2909
2928,2908
2929,2907
2930,2906
2931,2906
2932,2913
2933,2911
2934,2916
2935,2910
2936,2910
2937,2917
2938,2918
2939,2916
2940,2921
2941,2919
2942,2926
2943,2921
2944,2925
2945,2924
2946,2923
2947,2927
2948,2921
2949,2928
2950,2927
2951,2932
2952,2932
2953,2930
2954,2932
2955,2935
2956,2935
2957,2938
2958,2933
2959,2935
2960,2937
2961,2936
2962,2945
2963,2943
2964,2946
2965,2941
2966,2943
2967,2948
2968,2944
2969,2947
2970,2946
2971,2949
2972,2948
2973,2953
2974,2950
2975,2953
2976,2956
2977,2957
2978,2959
2979,2955
2980,2961
2981,2959
2982,2963
2983,2965
2984,2961
2985,2965
2986,2962
2987,2968
2988,2965
2989,2963
2990,2971
2991,2966
2992,2971
2993,2972
2994,2971
2995,2974
2996,2972
2997,2978
2998,2976
2999,2975
3000,2977
3001,2981
3002,2980
3003,2981
3004,2979
3005,2983
3006,2981
3007,2989
3008,2988
3009,2988
3010,2988
3011,2992
3012,2987
3013,2993
3014,2993
3015,2993
3016,2994
3017,2991
3018,2996
3019,2995
3020,2994
3021,2999
3022,3001
3023,3004
3024,3006
3025,2999
3026,3004
3027,3007
3028,3004
3029,3008
3030,3007
3031,3009
3032,3012
3033,3012
3034,3010
3035,3013
3036,3015
3037,3011
3038,3015
3039,3019
3040,3014
3041,3021
3042,3021
3043,3020
3044,3020
3045,3022
3046,3027
3047,3022
3048,3025
3049,3029
3050,3026
3051,3033
3052,3025
3053,3034
3054,3033
3055,3032
3056,3034
3057,3034
3058,3035
3059,3041
3060,3039
3061,3039
3062,3041
3063,3041
3064,3044
3065,3039
3066,3048
3067,3048
3068,3043
3069,3049
3070,3045
3071,3049
3072,3048
3073,3046
3074,3058
3075,3054
3076,3054
3077,3055
3078,3051
3079,3061
3080,3054
3081,3058
3082,3059
3083,3056
3084,3061
3085,3061
3086,3067
3087,3068
3088,3064
3089,3071
3090,3068
3091,3067
3092,3070
3093,3067
3094,3076
3095,3074
3096,3071
3097,3074
3098,3071
3099,3076
3100,3080
3101,3076
3102,3082
3103,3077
3104,3080
3105,3083
3106,3083
3107,3084
3108,3085
3109,3086
3110,3088
3111,3088
3112,3087
3113,3093
3114,3091
3115,3094
3116,3095
3117,3098
3118,3093
3119,3096
3120,3098
3121,3096
3122,3101
3123,3102
3124,3101
3125,3105
3126,3101
3127,3104
3128,3109
3129,3104
3130,3105
3131,3104
3132,3107
3133,3112
3134,3111
3135,3117
3136,3110
3137,3118
3138,3115
3139,3112
3140,3116
3141,3119
3142,3121
3143,3123
3144,3121
3145,3121
3146,3120
3147,3124
3148,3129
3149,3122
3150,3127
3151,3132
3152,3126
3153,3133
3154,3131
3155,3134
3156,3135
3157,3132
3158,3136
3159,3136
3160,3134
3161,3141
3162,3136
3163,3141
3164,3142
3165,3143
3166,3140
3167,3141
3168,3149
3169,3146
3170,3145
3171,3154
3172,3144
3173,3148
3174,3147
3175,3150
3176,3155
3177,3148
3178,3155
3179,3158
3180,3159
3181,3163
3182,3158
3183,3163
3184,3161
3185,3162
3186,3162
3187,3161
3188,3169
3189,3162
3190,3165
3191,3175
3192,3168
3193,3167
3194,3169
3195,3171
3196,3176
3197,3170
3198,3176
3199,3180
3200,3174
3201,3181
3202,3175
3203,3178
3204,3180
3205,3178
3206,3185
3207,3186
3208,3186
3209,3186
3210,3182
3211,3186
3212,3188
3213,3186
3214,3193
3215,3188
3216,3191
3217,3193
3218,3191
3219,3194
3220,3192
3221,3195
3222,3201
3223,3196
3224,3199
3225,3199
3226,3202
3227,3200
3228,3201
3229,3207
3230,3202
3231,3208
3232,3209
3233,3206
3234,3210
3235,3207
3236,3211
3237,3210
3238,3213
3239,3213
3240,3217
3241,3215
3242,3222
3243,3217
3244,3219
3245,3225
3246,3218
3247,3223
3248,3224
3249,3221
3250,3224
3251,3227
3252,3227
3253,3223
3254,3231
3255,3229
3256,3230
3257,3237
3258,3235
3259,3237
3260,3236
3261,3237
3262,3242
3263,3240
3264,3243
3265,3245
3266,3242
3267,3240
3268,3243
3269,3245
3270,3247
3271,3247
3272,3249
3273,3248
3274,3247
3275,3249
3276,3253
3277,3257
3278,3252
3279,3259
3280,3258
3281,3256
3282,3261
3283,3258
3284,3259
3285,3261
3286,3263
3287,3263
3288,3264
3289,3266
3290,3267
3291,3268
3292,3269
3293,3273
3294,3267
3295,3273
3296,3276
3297,3271
3298,3275
3299,3273
3300,3279
3301,3273
3302,3276
3303,3282
3304,3279
3305,3281
3306,3285
3307,3279
3308,3288
3309,3281
3310,3289
3311,3289
3312,3287
3313,3289
3314,3290
3315,3291
3316,3294
3317,3290
3318,3296
3319,3294
3320,3293
3321,3297
3322,3295
3323,3299
3324,3300
3325,3301
3326,3300
3327,3300
3328,3309
3329,3300
3330,3303
3331,3305
3332,3305
3333,3308
3334,3306
3335,3309
3336,3313
3337,3313
3338,3317
3339,3317
3340,3311
3341,3315
3342,3319
3343,3321
3344,3319
3345,3320
3346,3321
3347,3323
3348,3324
3349,3322
3350,3321
3351,3327
3352,3324
3353,3328
3354,3329
3355,3327
3356,3336
3357,3333
3358,3331
3359,3335
3360,3333
3361,3339
3362,3334
3363,3338
3364,3339
3365,3340
3366,3341
3367,3339
3368,3341
3369,3346
3370,3342
3371,3347
3372,3344
3373,3347
3374,3350
3375,3348
3376,3355
3377,3353
3378,3353
3379,3353
3380,3352
3381,3356
3382,3360
3383,3357
3384,3363
3385,3360
3386,3360
3387,3364
3388,3361
3389,3362
3390,3367
3391,3363
3392,3372
3393,3364
3394,3368
3395,3367
3396,3368
3397,3375
3398,3368
3399,3377
3400,3372
3401,3373
3402,3383
3403,3375
3404,3379
3405,3378
3406,3381
3407,3387
3408,3385
3409,3385
3410,3386
3411,3383
3412,3389
3413,3389
3414,3387
3415,3388
3416,3390
3417,3395
3418,3393
3419,3398
3420,3392
3421,3397
3422,3401
3423,3399
3424,3401
3425,3403
3426,3401
3427,3402
3428,3403
3429,3403
3430,3406
3431,3404
3432,3412
3433,3407
3434,3410
3435,3407
3436,3408
3437,3412
3438,3412
3439,3413
3440,3413
3441,3419
3442,3413
3443,3420
3444,3412
3445,3423
3446,3419
3447,3427
3448,3424
3449,3419
3450,3423
3451,3428
3452,3430
3453,3431
3454,3425
3455,3427
3456,3425
3457,3430
3458,3431
3459,3432
3460,3436
3461,3436
3462,3438
3463,3441
3464,3438
3465,3442
3466,3437
3467,3440
3468,3443
3469,3441
3470,3443
3471,3444
3472,3448
3473,3452
3474,3448
3475,3453
3476,3449
3477,3451
3478,3450
3479,3450
3480,3453
3481,3457
3482,3453
3483,3458
3484,3460
3485,3459
3486,3463
3487,3460
3488,3461
3489,3463
3490,3460
3491,3464
3492,3468
3493,3466
3494,3469
3495,3466
3496,3473
3497,3471
3498,3475
3499,3471
3500,3473
3501,3477
3502,3474
3503,3478
3504,3478
3505,3479
3506,3479
3507,3481
3508,3479
3509,3483
3510,3481
3511,3484
3512,3488
3513,3488
3514,3491
3515,3486
3516,3492
3517,3491
3518,3494
3519,3496
3520,3495
3521,3496
3522,3497
3523,3498
3524,3501
3525,3497
3526,3501
3527,3498
3528,3501
3529,3505
3530,3501
3531,3503
3532,3507
3533,3504
3534,3506
3535,3506
3536,3505
3537,3511
3538,3512
3539,3514
3540,3513
3541,3516
3542,3520
3543,3516
3544,3519
3545,3520
3546,3521
3547,3522
3548,3520
3549,3522
3550,3520
3551,3523
3552,3525
3553,3526
3554,3527
3555,3526
3556,3527
3557,3529
3558,3528
3559,3535
3560,3531
3561,3536
3562,3538
3563,3536
3564,3542
3565,3534
3566,3538
3567,3537
3568,3536
3569,3541
3570,3547
3571,3539
3572,3547
3573,3546
3574,3545
3575,3549
3576,3548
3577,3552
3578,3547
3579,3550
3580,3557
3581,3553
3582,3555
3583,3558
3584,3553
3585,3562
3586,3554
3587,3560
3588,3562
3589,3558
3590,3566
3591,3565
3592,3562
3593,3563
3594,3562
3595,3568
3596,3569
3597,3571
3598,3573
3599,3567
3600,3572
3601,3568
3602,3574
3603,3577
3604,3573
3605,3581
3606,3574
3607,3581
3608,3577
3609,3581
3610,3584
3611,3583
3612,3585
3613,3583
3614,3587
3615,3589
3616,3584
3617,3586
3618,3593
3619,3592
3620,3594
3621,3597
3622,3591
3623,3598
3624,3594
3625,3598
3626,3602
3627,3600
3628,3605
3629,3602
3630,3599
3631,3606
3632,3600
3633,3607
3634,3604
3635,3609
3636,3612
3637,3610
3638,3613
3639,3614
3640,3612
3641,3614
3642,3609
3643,3616
3644,3615
3645,3620
3646,3622
3647,3617
3648,3618
3649,3620
3650,3620
3651,3623
3652,3623
3653,3623
3654,3627
3655,3630
3656,3631
3657,3625
3658,3630
3659,3633
3660,3633
3661,3634
3662,3633
3663,3638
3664,3640
3665,3634
3666,3641
3667,3636
3668,3638
3669,3640
3670,3642
3671,3644
3672,3646
3673,3641
3674,3650
3675,3645
3676,3650
3677,3648
3678,3648
3679,3655
3680,3653
3681,3652
3682,3653
3683,3652
3684,3658
3685,3652
3686,3658
3687,3657
3688,3658
3689,3666
3690,3661
3691,3666
3692,3662
3693,3662
3694,3664
3695,3662
3696,3670
3697,3668
3698,3672
3699,3669
3700,3668
3701,3671
3702,3673
3703,3672
3704,3680
3705,3676
3706,3675
3707,3675
3708,3675
3709,3681
3710,3679
3711,3678
3712,3682
3713,3680
3714,3683
3715,3686
3716,3687
3717,3687
3718,3687
3719,3692
3720,3694
3721,3693
3722,3693
3723,3689
3724,3693
3725,3699
3726,3697
3727,3698
3728,3701
3729,3702
3730,3702
3731,3697
3732,3705
3733,3708
3734,3707
3735,3706
3736,3708
3737,3711
3738,3705
3739,3708
3740,3714
3741,3711
3742,3714
3743,3710
3744,3713
3745,3720
3746,3719
3747,3716
3748,3716
3749,3719
3750,3725
3751,3721
3752,3728
3753,3720
3754,3721
3755,3727
3756,3723
3757,3728
3758,3729
3759,3729
3760,3730
3761,3730
3762,3734
3763,3732
3764,3736
3765,3738
3766,3736
3767,3740
3768,3737
3769,3737
3770,3744
3771,3742
3772,3743
3773,3747
3774,3740
3775,3747
3776,3749
3777,3745
3778,3749
3779,3746
3780,3749
3781,3751
3782,3751
3783,3759
3784,3752
3785,3758
3786,3757
3787,3759
3788,3758
3789,3759
3790,3763
3791,3764
3792,3759
3793,3763
3794,3767
3795,3767
3796,3764
3797,3770
3798,3770
3799,3766
3800,3774
3801,3769
3802,3769
3803,3775
3804,3775
3805,3775
3806,3781
3807,3778
3808,3779
3809,3776
3810,3778
3811,3782
3812,3782
3813,3787
3814,3788
3815,3784
3816,3791
3817,3787
3818,3788
3819,3788
3820,3787
3821,3791
3822,3792
3823,3793
3824,3794
3825,3794
3826,3799
3827,3796
3828,3797
3829,3800
3830,3801
3831,3801
3832,3801
3833,3803
3834,3802
3835,3801
3836,3809
3837,3805
3838,3809
3839,3809
3840,3812
3841,3810
3842,3811
3843,3811
3844,3814
3845,3814
3846,3816
3847,3819
3848,3822
3849,3817
3850,3819
3851,3824
3852,3822
3853,3824
3854,3824
3855,3827
3856,3824
3857,3826
3858,3825
3859,3828
3860,3828
3861,3828
3862,3831
3863,3834
3864,3836
3865,3838
3866,3834
3867,3841
3868,3837
3869,3838
3870,3838
3871,3839
3872,3842
3873,3844
3874,3846
3875,3845
3876,3842
3877,3849
3878,3846
3879,3851
3880,3852
3881,3850
3882,3858
3883,3851
3884,3854
3885,3852
3886,3854
3887,3863
3888,3856
3889,3860
3890,3862
3891,3859
3892,3866
3893,3863
3894,3864
3895,3863
3896,3863
3897,3865
3898,3867
3899,3864
3900,3874
3901,3872
3902,3870
3903,3872
3904,3874
3905,3876
3906,3872
3907,3873
3908,3875
3909,3876
3910,3887
3911,3881
3912,3880
3913,3880
3914,3885
3915,3889
3916,3886
3917,3888
3918,3887
3919,3886
3920,3891
3921,3888
3922,3895
3923,3895
3924,3892
3925,3898
3926,3895
3927,3898
3928,3901
3929,3897
3930,3899
3931,3903
3932,3904
3933,3905
3934,3900
3935,3904
3936,3906
3937,3909
3938,3910
3939,3909
3940,3908
3941,3907
3942,3912
3943,3912
3944,3914
3945,3917
3946,3918
3947,3915
3948,3921
3949,3919
3950,3921
3951,3920
3952,3923
3953,3924
3954,3920
3955,3925
3956,3924
3957,3927
3958,3931
3959,3930
3960,3927
3961,3933
3962,3927
3963,3933
3964,3935
3965,3934
3966,3940
3967,3933
3968,3938
3969,3937
3970,3941
3971,3940
3972,3943
3973,3941
3974,3943
3975,3942
3976,3948
3977,3942
3978,3945
3979,3950
3980,3950
3981,3951
3982,3953
3983,3955
3984,3955
3985,3953
3986,3955
3987,3950
3988,3958
3989,3957
3990,3959
3991,3960
3992,3963
3993,3960
3994,3963
3995,3959
3996,3964
3997,3965
3998,3965
3999,3968
4000,3967
4001,3973
4002,3974
4003,3972
4004,3972
4005,3970
4006,3972
4007,3974
4008,3975
4009,3980
4010,3978
4011,3976
4012,3978
4013,3982
4014,3982
4015,3983
4016,3983
4017,3989
4018,3987
4019,3988
4020,3987
4021,3988
4022,3994
4023,3994
4024,3996
4025,3996
4026,3995
4027,3999
4028,3997
4029,3998
4030,4000
4031,3999
4032,4004
4033,4002
4034,4003
4035,4006
4036,4005
4037,4009
4038,4003
4039,4007
4040,4007
4041,4007
4042,4015
4043,4012
4044,4013
4045,4014
4046,4012
4047,4021
4048,4017
4049,4014
4050,4019
4051,4022
4052,4023
4053,4020
4054,4022
4055,4029
4056,4023
4057,4026
4058,4024
4059,4030
4060,4035
4061,4032
4062,4032
4063,4033
4064,4036
4065,4038
4066,4035
4067,4034
4068,4036
4069,4040
4070,4045
4071,4036
4072,4039
4073,4041
4074,4039
4075,4047
4076,4046
4077,4049
4078,4051
4079,4042
4080,4053
4081,4050
4082,4048
4083,4058
4084,4052
4085,4057
4086,4061
4087,4055
4088,4060
4089,4060
4090,4055
4091,4054
4092,4055
4093,4063
4094,4052
4095,4058
