0,5
1,4
2,5
3,4
4,7
5,7
6,10
7,8
8,11
9,12
10,7
11,13
12,15
13,13
14,16
15,17
16,20
17,18
18,20
19,20
20,19
21,22
22,20
23,24
24,27
25,23
26,29
27,26
28,26
29,31
30,29
31,35
32,34
33,33
34,35
35,33
36,40
37,37
38,40
39,43
40,39
41,43
42,41
43,43
44,47
45,44
46,47
47,48
48,46
49,53
50,49
51,54
52,51
53,54
54,58
55,54
56,59
57,57
58,59
59,60
60,61
61,64
62,62
63,62
64,64
65,66
66,67
67,66
68,65
69,70
70,69
71,70
72,74
73,74
74,76
75,75
76,77
77,77
78,79
79,77
80,80
81,80
82,84
83,83
84,80
85,86
86,85
87,88
88,86
89,89
90,94
91,88
92,91
93,92
94,95
95,95
96,96
97,99
98,96
99,99
100,103
101,98
102,102
103,101
104,101
105,106
106,107
107,109
108,106
109,109
110,112
111,108
112,113
113,110
114,112
115,116
116,113
117,115
118,119
119,116
120,120
121,117
122,119
123,124
124,121
125,128
126,123
127,129
128,126
129,129
130,133
131,130
132,130
133,131
134,132
135,135
136,135
137,135
138,140
139,135
140,139
141,142
142,138
143,145
144,141
145,146
146,147
147,144
148,149
149,147
150,147
151,150
152,151
153,152
154,153
155,155
156,154
157,156
158,157
159,156
160,158
161,160
162,159
163,163
164,161
165,165
166,164
167,165
168,169
169,169
170,169
171,173
172,171
173,173
174,171
175,174
176,179
177,176
178,179
179,177
180,180
181,184
182,177
183,185
184,183
185,185
186,186
187,181
188,187
189,186
190,188
191,189
192,190
193,194
194,191
195,195
196,197
197,195
198,194
199,202
200,195
201,202
202,199
203,201
204,206
205,206
206,205
207,206
208,205
209,208
210,207
211,212
212,209
213,210
214,216
215,212
216,216
217,217
218,217
219,218
220,219
221,219
222,222
223,219
224,221
225,221
226,223
227,223
228,224
229,227
230,227
231,227
232,232
233,233
234,234
235,231
236,236
237,235
238,236
239,239
240,238
241,240
242,238
243,239
244,241
245,240
246,246
247,243
248,243
249,246
250,249
251,251
252,251
253,249
254,254
255,254
256,255
257,259
258,254
259,259
260,261
261,258
262,260
263,259
264,263
265,263
266,265
267,265
268,268
269,269
270,270
271,266
272,274
273,270
274,270
275,273
276,271
277,278
278,275
279,276
280,281
281,277
282,281
283,281
284,283
285,286
286,285
287,287
288,288
289,288
290,288
291,290
292,290
293,289
294,294
295,293
296,292
297,298
298,297
299,296
300,303
301,299
302,301
303,299
304,301
305,303
306,302
307,307
308,308
309,304
310,310
311,311
312,308
313,314
314,310
315,317
316,313
317,314
318,316
319,317
320,321
321,318
322,318
323,323
324,319
325,327
326,325
327,322
328,327
329,324
330,331
331,330
332,331
333,334
334,331
335,332
336,336
337,336
338,335
339,333
340,339
341,337
342,339
343,343
344,339
345,345
346,345
347,342
348,349
349,349
350,348
351,350
352,346
353,353
354,349
355,355
356,352
357,351
358,355
359,357
360,359
361,357
362,357
363,365
364,362
365,365
366,365
367,365
368,365
369,366
370,365
371,370
372,368
373,372
374,375
375,371
376,377
377,372
378,375
379,380
380,378
381,381
382,381
383,382
384,381
385,382
386,388
387,383
388,388
389,389
390,387
391,388
392,390
393,392
394,394
395,392
396,394
397,395
398,397
399,398
400,395
401,398
402,400
403,400
404,402
405,402
406,405
407,406
408,403
409,407
410,408
411,408
412,409
413,410
414,414
415,410
416,415
417,413
418,416
419,420
420,415
421,419
422,417
423,421
424,420
425,422
426,420
427,425
428,423
429,429
430,427
431,428
432,430
433,432
434,433
435,430
436,435
437,438
438,436
439,438
440,436
441,439
442,442
443,437
444,443
445,440
446,441
447,443
448,447
449,447
450,447
451,444
452,451
453,450
454,450
455,449
456,449
457,455
458,451
459,456
460,453
461,458
462,459
463,455
464,459
465,460
466,459
467,466
468,466
469,468
470,465
471,463
472,467
473,470
474,469
475,472
476,469
477,477
478,471
479,473
480,481
481,475
482,477
483,479
484,481
485,481
486,482
487,484
488,486
489,484
490,489
491,488
492,486
493,491
494,490
495,490
496,494
497,492
498,495
499,492
500,497
501,495
502,497
503,500
504,498
505,501
506,503
507,501
508,506
509,505
510,508
511,505
512,508
513,511
514,508
515,513
516,511
517,515
518,516
519,512
520,515
521,515
522,519
523,518
524,517
525,521
526,521
527,521
528,526
529,524
530,526
531,528
532,525
533,529
534,527
535,533
536,531
537,529
538,536
539,533
540,534
541,536
542,537
543,538
544,540
545,539
546,544
547,541
548,545
549,544
550,545
551,548
552,549
553,547
554,548
555,548
556,555
557,553
558,554
559,554
560,557
561,557
562,557
563,558
564,558
565,560
566,564
567,560
568,564
569,566
570,565
571,568
572,564
573,572
574,570
575,567
576,573
577,570
578,575
579,575
580,573
581,575
582,578
583,582
584,577
585,580
586,583
587,583
588,582
589,586
590,584
591,586
592,584
593,590
594,589
595,590
596,593
597,595
598,593
599,593
600,593
601,595
602,600
603,594
604,599
605,600
606,600
607,602
608,601
609,603
610,605
611,604
612,608
613,609
614,612
615,608
616,612
617,615
618,609
619,617
620,617
621,618
622,616
623,615
624,618
625,619
626,619
627,622
628,619
629,624
630,625
631,626
632,629
633,625
634,631
635,629
636,632
637,635
638,629
639,634
640,635
641,633
642,639
643,634
644,638
645,641
646,641
647,644
648,638
649,644
650,643
651,645
652,650
653,646
654,645
655,651
656,648
657,654
658,651
659,651
660,654
661,654
662,658
663,656
664,657
665,663
666,661
667,660
668,663
669,664
670,668
671,665
672,669
673,669
674,669
675,671
676,667
677,670
678,672
679,672
680,677
681,674
682,677
683,678
684,679
685,680
686,680
687,682
688,682
689,680
690,686
691,685
692,687
693,688
694,688
695,690
696,688
697,693
698,694
699,691
700,695
701,696
702,695
703,697
704,696
705,702
706,696
707,700
708,702
709,704
710,706
711,709
712,706
713,707
714,705
715,709
716,712
717,710
718,716
719,711
720,714
721,716
722,715
723,718
724,718
725,721
726,721
727,719
728,726
729,723
730,726
731,728
732,720
733,728
734,728
735,728
736,733
737,727
738,732
739,732
740,734
741,739
742,734
743,741
744,735
745,741
746,741
747,739
748,742
749,745
750,744
751,750
752,748
753,747
754,747
755,746
756,752
757,751
758,753
759,756
760,757
761,759
762,756
763,760
764,761
765,760
766,759
767,763
768,760
769,764
770,761
771,766
772,769
773,766
774,770
775,769
776,769
777,770
778,774
779,778
780,773
781,777
782,777
783,777
784,780
785,780
786,783
787,784
788,779
789,784
790,782
791,785
792,788
793,786
794,790
795,786
796,789
797,791
798,789
799,796
800,790
801,797
802,799
803,796
804,800
805,801
806,802
807,803
808,800
809,803
810,802
811,807
812,808
813,805
814,813
815,809
816,810
817,813
818,810
819,813
820,814
821,815
822,819
823,818
824,817
825,823
826,820
827,824
828,820
829,822
830,827
831,824
832,826
833,825
834,828
835,831
836,827
837,832
838,834
839,835
840,836
841,832
842,836
843,837
844,838
845,840
846,839
847,840
848,839
849,843
850,845
851,841
852,845
853,849
854,846
855,850
856,847
857,854
858,851
859,855
860,855
861,853
862,859
863,858
864,855
865,861
866,861
867,862
868,864
869,860
870,868
871,865
872,869
873,867
874,870
875,872
876,870
877,874
878,874
879,875
880,873
881,874
882,875
883,877
884,877
885,879
886,882
887,881
888,883
889,882
890,883
891,886
892,883
893,891
894,887
895,889
896,889
897,890
898,892
899,893
900,897
901,895
902,897
903,899
904,897
905,899
906,902
907,900
908,906
909,903
910,907
911,907
912,905
913,907
914,908
915,911
916,910
917,913
918,912
919,912
920,913
921,914
922,915
923,920
924,917
925,921
926,924
927,921
928,922
929,921
930,922
931,926
932,926
933,927
934,926
935,927
936,933
937,928
938,931
939,937
940,934
941,934
942,934
943,937
944,941
945,937
946,942
947,940
948,943
949,944
950,940
951,946
952,948
953,946
954,952
955,947
956,952
957,950
958,951
959,953
960,954
961,960
962,958
963,958
964,960
965,957
966,960
967,962
968,961
969,964
970,963
971,964
972,968
973,968
974,972
975,968
976,972
977,971
978,972
979,974
980,971
981,976
982,974
983,975
984,980
985,979
986,980
987,983
988,983
989,984
990,983
991,986
992,989
993,986
994,987
995,991
996,991
997,993
998,990
999,996
1000,995
1001,993
1002,996
1003,993
1004,997
1005,999
1006,998
1007,1002
1008,1001
1009,1003
1010,1006
1011,1003
1012,1009
1013,1005
1014,1007
1015,1007
1016,1009
1017,1012
1018,1012
1019,1015
1020,1017
1021,1013
1022,1018
1023,1018
1024,1020
1025,1021
1026,1019
1027,1023
1028,1021
1029,1023
1030,1027
1031,1024
1032,1025
1033,1026
1034,1031
1035,1029
1036,1028
1037,1036
1038,1032
1039,1033
1040,1038
1041,1031
1042,1037
1043,1038
1044,1036
1045,1039
1046,1042
1047,1040
1048,1042
1049,1043
1050,1043
1051,1047
1052,1047
1053,1051
1054,1045
1055,1048
1056,1049
1057,1053
1058,1055
1059,1052
1060,1057
1061,1056
1062,1059
1063,1058
1064,1056
1065,1062
1066,1059
1067,1060
1068,1062
1069,1060
1070,1067
1071,1063
1072,1067
1073,1068
1074,1065
1075,1068
1076,1069
1077,1070
1078,1075
1079,1073
1080,1074
1081,1076
1082,1077
1083,1081
1084,1077
1085,1081
1086,1078
1087,1078
1088,1082
1089,1083
1090,1081
1091,1088
1092,1085
1093,1090
1094,1089
1095,1088
1096,1093
1097,1090
1098,1095
1099,1096
1100,1095
1101,1098
1102,1096
1103,1098
1104,1097
1105,1097
1106,1101
1107,1099
1108,1100
1109,1107
1110,1104
1111,1107
1112,1103
1113,1109
1114,1108
1115,1106
1116,1110
1117,1110
1118,1112
1119,1112
1120,1111
1121,1115
1122,1113
1123,1116
1124,1121
1125,1115
1126,1124
1127,1117
1128,1123
1129,1125
1130,1123
1131,1126
1132,1126
1133,1125
1134,1128
1135,1128
1136,1129
1137,1132
1138,1129
1139,1132
1140,1133
1141,1133
1142,1136
1143,1136
1144,1140
1145,1140
1146,1141
1147,1141
1148,1142
1149,1144
1150,1141
1151,1144
1152,1149
1153,1144
1154,1150
1155,1146
1156,1149
1157,1154
1158,1151
1159,1152
1160,1154
1161,1153
1162,1158
1163,1154
1164,1156
1165,1162
1166,1159
1167,1165
1168,1161
1169,1163
1170,1166
1171,1166
1172,1169
1173,1163
1174,1171
1175,1171
1176,1169
1177,1172
1178,1170
1179,1171
1180,1177
1181,1173
1182,1177
1183,1174
1184,1176
1185,1179
1186,1178
1187,1181
1188,1179
1189,1181
1190,1186
1191,1182
1192,1184
1193,1186
1194,1187
1195,1189
1196,1189
1197,1190
1198,1189
1199,1192
1200,1194
1201,1193
1202,1194
1203,1194
1204,1196
1205,1201
1206,1200
1207,1201
1208,1202
1209,1202
1210,1204
1211,1202
1212,1207
1213,1208
1214,1206
1215,1207
1216,1208
1217,1208
1218,1214
1219,1207
1220,1217
1221,1211
1222,1214
1223,1215
1224,1216
1225,1222
1226,1220
1227,1217
1228,1221
1229,1220
1230,1223
1231,1226
1232,1224
1233,1227
1234,1225
1235,1229
1236,1232
1237,1230
1238,1230
1239,1231
1240,1233
1241,1235
1242,1231
1243,1239
1244,1234
1245,1240
1246,1242
1247,1237
1248,1243
1249,1240
1250,1241
1251,1248
1252,1246
1253,1247
1254,1247
1255,1248
1256,1252
1257,1249
1258,1251
1259,1252
1260,1252
1261,1255
1262,1255
1263,1258
1264,1257
1265,1257
1266,1257
1267,1257
1268,1260
1269,1261
1270,1264
1271,1267
1272,1264
1273,1263
1274,1267
1275,1267
1276,1271
1277,1268
1278,1270
1279,1275
1280,1269
1281,1275
1282,1276
1283,1277
1284,1276
1285,1278
1286,1279
1287,1278
1288,1277
1289,1284
1290,1280
1291,1283
1292,1286
1293,1283
1294,1286
1295,1285
1296,1288
1297,1288
1298,1291
1299,1293
1300,1288
1301,1291
1302,1296
1303,1294
1304,1300
1305,1298
1306,1297
1307,1301
1308,1298
1309,1306
1310,1303
1311,1304
1312,1302
1313,1306
1314,1310
1315,1305
1316,1309
1317,1309
1318,1306
1319,1311
1320,1315
1321,1310
1322,1316
1323,1312
1324,1317
1325,1318
1326,1317
1327,1322
1328,1318
1329,1322
1330,1325
1331,1322
1332,1327
1333,1323
1334,1324
1335,1328
1336,1325
1337,1328
1338,1330
1339,1330
1340,1332
1341,1331
1342,1336
1343,1334
1344,1339
1345,1336
1346,1336
1347,1338
1348,1337
1349,1341
1350,1345
1351,1338
1352,1346
1353,1345
1354,1343
1355,1352
1356,1347
1357,1350
1358,1347
1359,1350
1360,1355
1361,1352
1362,1356
1363,1354
1364,1355
1365,1357
1366,1357
1367,1357
1368,1360
1369,1359
1370,1364
1371,1361
1372,1362
1373,1369
1374,1361
1375,1367
1376,1368
1377,1369
1378,1372
1379,1369
1380,1371
1381,1374
1382,1372
1383,1378
1384,1372
1385,1380
1386,1376
1387,1376
1388,1382
1389,1381
1390,1381
1391,1382
1392,1382
1393,1387
1394,1381
1395,1388
1396,1386
1397,1392
1398,1391
1399,1390
1400,1393
1401,1393
1402,1393
1403,1393
1404,1394
1405,1398
1406,1399
1407,1398
1408,1402
1409,1401
1410,1404
1411,1403
1412,1401
1413,1404
1414,1404
1415,1403
1416,1408
1417,1405
1418,1408
1419,1408
1420,1409
1421,1416
1422,1410
1423,1417
1424,1414
1425,1416
1426,1419
1427,1416
1428,1421
1429,1419
1430,1418
1431,1421
1432,1423
1433,1426
1434,1423
1435,1422
1436,1428
1437,1425
1438,1431
1439,1429
1440,1432
1441,1433
1442,1432
1443,1436
1444,1434
1445,1432
1446,1440
1447,1439
1448,1438
1449,1440
1450,1439
1451,1441
1452,1440
1453,1444
1454,1448
1455,1445
1456,1445
1457,1445
1458,1450
1459,1453
1460,1448
1461,1452
1462,1458
1463,1453
1464,1453
1465,1456
1466,1456
1467,1458
1468,1455
1469,1459
1470,1462
1471,1459
1472,1467
1473,1464
1474,1468
1475,1465
1476,1464
1477,1470
1478,1464
1479,1472
1480,1469
1481,1472
1482,1475
1483,1473
1484,1476
1485,1474
1486,1476
1487,1481
1488,1476
1489,1478
1490,1481
1491,1478
1492,1485
1493,1483
1494,1484
1495,1485
1496,1485
1497,1488
1498,1485
1499,1490
1500,1486
1501,1491
1502,1493
1503,1492
1504,1492
1505,1496
1506,1493
1507,1496
1508,1499
1509,1496
1510,1501
1511,1500
1512,1501
1513,1502
1514,1503
1515,1505
1516,1503
1517,1507
1518,1508
1519,1508
1520,1511
1521,1510
1522,1514
1523,1514
1524,1513
1525,1519
1526,1513
1527,1519
1528,1517
1529,1512
1530,1520
1531,1519
1532,1523
1533,1525
1534,1526
1535,1524
1536,1525
1537,1527
1538,1527
1539,1528
1540,1530
1541,1528
1542,1533
1543,1536
1544,1528
1545,1533
1546,1536
1547,1538
1548,1539
1549,1535
1550,1542
1551,1540
1552,1543
1553,1547
1554,1544
1555,1545
1556,1546
1557,1548
1558,1547
1559,1544
1560,1551
1561,1555
1562,1552
1563,1555
1564,1551
1565,1558
1566,1554
1567,1554
1568,1558
1569,1560
1570,1558
1571,1562
1572,1559
1573,1565
1574,1562
1575,1565
1576,1569
1577,1565
1578,1567
1579,1569
1580,1568
1581,1574
1582,1568
1583,1574
1584,1572
1585,1574
1586,1580
1587,1576
1588,1577
1589,1580
1590,1578
1591,1585
1592,1580
1593,1585
1594,1582
1595,1582
1596,1586
1597,1585
1598,1589
1599,1593
1600,1591
1601,1592
1602,1593
1603,1592
1604,1594
1605,1591
1606,1596
1607,1595
1608,1598
1609,1602
1610,1599
1611,1602
1612,1603
1613,1600
1614,1604
1615,1601
1616,1606
1617,1606
1618,1608
1619,1610
1620,1609
1621,1613
1622,1613
1623,1613
1624,1616
1625,1612
1626,1616
1627,1617
1628,1617
1629,1622
1630,1617
1631,1619
1632,1624
1633,1622
1634,1623
1635,1624
1636,1629
1637,1629
1638,1625
1639,1630
1640,1626
1641,1631
1642,1633
1643,1630
1644,1636
1645,1635
1646,1635
1647,1640
1648,1638
1649,1639
1650,1639
1651,1637
1652,1645
1653,1640
1654,1643
1655,1646
1656,1645
1657,1650
1658,1648
1659,1649
1660,1651
1661,1647
1662,1653
1663,1651
1664,1651
1665,1655
1666,1652
1667,1656
1668,1656
1669,1659
1670,1659
1671,1659
1672,1665
1673,1660
1674,1662
1675,1666
1676,1665
1677,1668
1678,1669
1679,1670
1680,1667
1681,1667
1682,1674
1683,1674
1684,1670
1685,1676
1686,1675
1687,1680
1688,1676
1689,1677
1690,1677
1691,1676
1692,1679
1693,1682
1694,1681
1695,1686
1696,1687
1697,1686
1698,1689
1699,1682
1700,1690
1701,1688
1702,1688
1703,1693
1704,1692
1705,1696
1706,1696
1707,1695
1708,1699
1709,1694
1710,1701
1711,1700
1712,1700
1713,1702
1714,1703
1715,1706
1716,1705
1717,1707
1718,1711
1719,1707
1720,1710
1721,1710
1722,1710
1723,1715
1724,1710
1725,1713
1726,1715
1727,1714
1728,1716
1729,1714
1730,1720
1731,1720
1732,1721
1733,1723
1734,1719
1735,1724
1736,1722
1737,1722
1738,1729
1739,1725
1740,1728
1741,1728
1742,1726
1743,1730
1744,1734
1745,1734
1746,1734
1747,1734
1748,1736
1749,1736
1750,1736
1751,1742
1752,1737
1753,1743
1754,1745
1755,1742
1756,1744
1757,1743
1758,1745
1759,1746
1760,1747
1761,1753
1762,1750
1763,1753
1764,1752
1765,1754
1766,1754
1767,1756
1768,1755
1769,1760
1770,1757
1771,1762
1772,1761
1773,1760
1774,1761
1775,1759
1776,1767
1777,1764
1778,1766
1779,1770
1780,1769
1781,1769
1782,1771
1783,1771
1784,1773
1785,1769
1786,1777
1787,1776
1788,1775
1789,1780
1790,1777
1791,1777
1792,1784
1793,1781
1794,1782
1795,1782
1796,1786
1797,1787
1798,1783
1799,1788
1800,1786
1801,1789
1802,1792
1803,1791
1804,1791
1805,1792
1806,1795
1807,1795
1808,1794
1809,1798
1810,1796
1811,1798
1812,1804
1813,1802
1814,1802
1815,1803
1816,1805
1817,1805
1818,1802
1819,1806
1820,1808
1821,1810
1822,1811
1823,1808
1824,1815
1825,1814
1826,1813
1827,1817
1828,1818
1829,1816
1830,1818
1831,1817
1832,1819
1833,1821
1834,1818
1835,1825
1836,1820
1837,1826
1838,1825
1839,1826
1840,1827
1841,1830
1842,1829
1843,1828
1844,1834
1845,1833
1846,1834
1847,1836
1848,1838
1849,1833
1850,1838
1851,1839
1852,1842
1853,1842
1854,1840
1855,1843
1856,1844
1857,1844
1858,1845
1859,1844
1860,1846
1861,1844
1862,1851
1863,1849
1864,1850
1865,1852
1866,1851
1867,1855
1868,1860
1869,1856
1870,1858
1871,1858
1872,1860
1873,1860
1874,1859
1875,1862
1876,1863
1877,1863
1878,1867
1879,1867
1880,1868
1881,1873
1882,1866
1883,1872
1884,1871
1885,1874
1886,1876
1887,1872
1888,1879
1889,1878
1890,1879
1891,1879
1892,1876
1893,1882
1894,1879
1895,1882
1896,1888
1897,1884
1898,1886
1899,1886
1900,1885
1901,1890
1902,1886
1903,1891
1904,1892
1905,1893
1906,1897
1907,1893
1908,1895
1909,1897
1910,1899
1911,1900
1912,1899
1913,1903
1914,1906
1915,1899
1916,1906
1917,1901
1918,1909
1919,1907
1920,1909
1921,1909
1922,1910
1923,1911
1924,1912
1925,1910
1926,1915
1927,1918
1928,1914
1929,1919
1930,1914
1931,1917
1932,1919
1933,1916
1934,1922
1935,1920
1936,1926
1937,1922
1938,1921
1939,1928
1940,1929
1941,1927
1942,1929
1943,1930
1944,1932
1945,1934
1946,1933
1947,1936
1948,1936
1949,1940
1950,1936
1951,1940
1952,1942
1953,1940
1954,1940
1955,1942
1956,1945
1957,1944
1958,1944
1959,1950
1960,1947
1961,1946
1962,1947
1963,1951
1964,1953
1965,1954
1966,1955
1967,1957
1968,1954
1969,1958
1970,1958
1971,1956
1972,1962
1973,1956
1974,1959
1975,1967
1976,1962
1977,1963
1978,1965
1979,1964
1980,1966
1981,1965
1982,1972
1983,1969
1984,1971
1985,1975
1986,1969
1987,1977
1988,1975
1989,1976
1990,1979
1991,1978
1992,1981
1993,1980
1994,1980
1995,1982
1996,1982
1997,1985
1998,1983
1999,1986
2000,1989
2001,1985
2002,1990
2003,1987
2004,1992
2005,1994
2006,1991
2007,1997
2008,1998
2009,1994
2010,1998
2011,1993
2012,2000
2013,1999
2014,2001
2015,2002
2016,2003
2017,2004
2018,2007
2019,2003
2020,2008
2021,2005
2022,2008
2023,2011
2024,2011
2025,2011
2026,2015
2027,2013
2028,2016
2029,2013
2030,2019
2031,2016
2032,2016
2033,2021
2034,2018
2035,2022
2036,2021
2037,2022
2038,2024
2039,2026
2040,2028
2041,2029
2042,2026
2043,2030
2044,2029
2045,2033
2046,2032
2047,2030
2048,2033
2049,2037
2050,2035
2051,2035
2052,2035
2053,2040
2054,2035
2055,2044
2056,2041
2057,2042
2058,2049
2059,2043
2060,2045
2061,2047
2062,2045
2063,2050
2064,2052
2065,2049
2066,2055
2067,2051
2068,2053
2069,2058
2070,2057
2071,2061
2072,2056
2073,2061
2074,2059
2075,2061
2076,2062
2077,2063
2078,2062
2079,2064
2080,2067
2081,2067
2082,2068
2083,2069
2084,2070
2085,2071
2086,2074
2087,2073
2088,2072
2089,2075
2090,2073
2091,2075
2092,2077
2093,2077
2094,2082
2095,2077
2096,2081
2097,2081
2098,2086
2099,2084
2100,2084
2101,2087
2102,2085
2103,2091
2104,2091
2105,2087
2106,2095
2107,2091
2108,2095
2109,2097
2110,2093
2111,2097
2112,2100
2113,2095
2114,2102
2115,2100
2116,2101
2117,2102
2118,2100
2119,2104
2120,2103
2121,2107
2122,2111
2123,2107
2124,2108
2125,2113
2126,2113
2127,2113
2128,2109
2129,2116
2130,2113
2131,2112
2132,2118
2133,2117
2134,2120
2135,2118
2136,2118
2137,2125
2138,2122
2139,2127
2140,2124
2141,2128
2142,2128
2143,2128
2144,2128
2145,2131
2146,2132
2147,2136
2148,2131
2149,2137
2150,2137
2151,2134
2152,2140
2153,2136
2154,2142
2155,2140
2156,2138
2157,2145
2158,2146
2159,2143
2160,2146
2161,2144
2162,2145
2163,2153
2164,2146
2165,2153
2166,2148
2167,2152
2168,2153
2169,2154
2170,2155
2171,2153
2172,2156
2173,2161
2174,2156
2175,2160
2176,2158
2177,2165
2178,2167
2179,2166
2180,2166
2181,2167
2182,2169
2183,2168
2184,2165
2185,2169
2186,2173
2187,2175
2188,2176
2189,2171
2190,2175
2191,2173
2192,2177
2193,2181
2194,2176
2195,2183
2196,2182
2197,2183
2198,2184
2199,2183
2200,2186
2201,2183
2202,2186
2203,2193
2204,2188
2205,2189
2206,2191
2207,2192
2208,2199
2209,2191
2210,2192
2211,2198
2212,2194
2213,2198
2214,2196
2215,2201
2216,2203
2217,2200
2218,2201
2219,2202
2220,2203
2221,2208
2222,2206
2223,2210
2224,2210
2225,2208
2226,2213
2227,2211
2228,2214
2229,2214
2230,2212
2231,2219
2232,2214
2233,2219
2234,2217
2235,2221
2236,2221
2237,2221
2238,2223
2239,2225
2240,2221
2241,2228
2242,2223
2243,2230
2244,2226
2245,2228
2246,2233
2247,2229
2248,2231
2249,2234
2250,2234
2251,2236
2252,2238
2253,2238
2254,2239
2255,2240
2256,2242
2257,2241
2258,2241
2259,2246
2260,2241
2261,2247
2262,2250
2263,2244
2264,2247
2265,2245
2266,2251
2267,2255
2268,2253
2269,2254
2270,2254
2271,2256
2272,2260
2273,2254
2274,2262
2275,2261
2276,2262
2277,2262
2278,2263
2279,2266
2280,2264
2281,2265
2282,2268
2283,2266
2284,2270
2285,2269
2286,2269
2287,2273
2288,2272
2289,2275
2290,2274
2291,2276
2292,2279
2293,2274
2294,2280
2295,2277
2296,2281
2297,2281
2298,2281
2299,2284
2300,2289
2301,2286
2302,2288
2303,2287
2304,2286
2305,2294
2306,2288
2307,2292
2308,2291
2309,2292
2310,2295
2311,2295
2312,2300
2313,2294
2314,2297
2315,2302
2316,2297
2317,2302
2318,2301
2319,2304
2320,2307
2321,2305
2322,2306
2323,2311
2324,2306
2325,2313
2326,2310
2327,2310
2328,2315
2329,2312
2330,2316
2331,2312
2332,2319
2333,2316
2334,2319
2335,2320
2336,2319
2337,2321
2338,2322
2339,2324
2340,2325
2341,2322
2342,2324
2343,2324
2344,2329
2345,2331
2346,2330
2347,2328
2348,2335
2349,2333
2350,2336
2351,2335
2352,2333
2353,2336
2354,2335
2355,2340
2356,2343
2357,2337
2358,2343
2359,2343
2360,2345
2361,2345
2362,2342
2363,2351
2364,2344
2365,2350
2366,2349
2367,2352
2368,2352
2369,2355
2370,2357
2371,2358
2372,2353
2373,2356
2374,2359
2375,2358
2376,2360
2377,2360
2378,2363
2379,2363
2380,2363
2381,2367
2382,2365
2383,2366
2384,2365
2385,2368
2386,2369
2387,2371
2388,2375
2389,2372
2390,2376
2391,2377
2392,2377
2393,2374
2394,2384
2395,2376
2396,2380
2397,2382
2398,2380
2399,2384
2400,2383
2401,2385
2402,2387
2403,2388
2404,2391
2405,2388
2406,2392
2407,2392
2408,2393
2409,2397
2410,2393
2411,2393
2412,2395
2413,2397
2414,2397
2415,2398
2416,2398
2417,2400
2418,2399
2419,2405
2420,2399
2421,2403
2422,2405
2423,2404
2424,2407
2425,2405
2426,2411
2427,2409
2428,2411
2429,2412
2430,2411
2431,2415
2432,2413
2433,2415
2434,2419
2435,2419
2436,2421
2437,2423
2438,2420
2439,2423
2440,2421
2441,2424
2442,2426
2443,2422
2444,2429
2445,2428
2446,2433
2447,2431
2448,2430
2449,2433
2450,2433
2451,2431
2452,2435
2453,2435
2454,2439
2455,2440
2456,2436
2457,2443
2458,2442
2459,2441
2460,2442
2461,2440
2462,2448
2463,2444
2464,2444
2465,2451
2466,2446
2467,2453
2468,2449
2469,2449
2470,2454
2471,2452
2472,2453
2473,2452
2474,2456
2475,2460
2476,2454
2477,2459
2478,2458
2479,2464
2480,2465
2481,2463
2482,2463
2483,2467
2484,2466
2485,2470
2486,2466
2487,2470
2488,2473
2489,2469
2490,2476
2491,2473
2492,2476
2493,2475
2494,2475
2495,2481
2496,2480
2497,2477
2498,2483
2499,2477
2500,2482
2501,2486
2502,2483
2503,2489
2504,2485
2505,2486
2506,2491
2507,2491
2508,2491
2509,2491
2510,2493
2511,2493
2512,2493
2513,2495
2514,2494
2515,2497
2516,2497
2517,2501
2518,2501
2519,2504
2520,2501
2521,2501
2522,2506
2523,2509
2524,2506
2525,2511
2526,2512
2527,2508
2528,2514
2529,2511
2530,2513
2531,2513
2532,2513
2533,2519
2534,2515
2535,2516
2536,2522
2537,2516
2538,2522
2539,2521
2540,2523
2541,2526
2542,2522
2543,2526
2544,2525
2545,2524
2546,2529
2547,2526
2548,2530
2549,2534
2550,2532
2551,2534
2552,2532
2553,2536
2554,2537
2555,2538
2556,2542
2557,2536
2558,2539
2559,2543
2560,2542
2561,2548
2562,2542
2563,2546
2564,2550
2565,2547
2566,2552
2567,2551
2568,2548
2569,2552
2570,2551
2571,2553
2572,2551
2573,2555
2574,2559
2575,2558
2576,2561
2577,2562
2578,2558
2579,2564
2580,2561
2581,2563
2582,2569
2583,2565
2584,2571
2585,2565
2586,2568
2587,2573
2588,2570
2589,2571
2590,2571
2591,2576
2592,2576
2593,2573
2594,2576
2595,2575
2596,2579
2597,2578
2598,2580
2599,2582
2600,2583
2601,2586
2602,2587
2603,2581
2604,2585
2605,2586
2606,2587
2607,2591
2608,2591
2609,2592
2610,2590
2611,2593
2612,2598
2613,2594
2614,2595
2615,2598
2616,2600
2617,2603
2618,2596
2619,2600
2620,2601
2621,2600
2622,2606
2623,2606
2624,2604
2625,2606
2626,2607
2627,2611
2628,2612
2629,2608
2630,2613
2631,2610
2632,2617
2633,2612
2634,2612
2635,2620
2636,2616
2637,2621
2638,2618
2639,2615
2640,2620
2641,2624
2642,2626
2643,2623
2644,2622
2645,2629
2646,2624
2647,2631
2648,2629
2649,2634
2650,2635
2651,2634
2652,2634
2653,2635
2654,2631
2655,2639
2656,2639
2657,2639
2658,2639
2659,2641
2660,2643
2661,2638
2662,2644
2663,2646
2664,2641
2665,2651
2666,2645
2667,2648
2668,2647
2669,2645
2670,2654
2671,2653
2672,2653
2673,2655
2674,2652
2675,2658
2676,2661
2677,2654
2678,2661
2679,2661
2680,2663
2681,2663
2682,2662
2683,2666
2684,2663
2685,2664
2686,2669
2687,2666
2688,2669
2689,2668
2690,2671
2691,2673
2692,2670
2693,2678
2694,2676
2695,2674
2696,2680
2697,2679
2698,2684
2699,2679
2700,2679
2701,2686
2702,2683
2703,2683
2704,2681
2705,2688
2706,2687
2707,2687
2708,2688
2709,2689
2710,2692
2711,2696
2712,2692
2713,2693
2714,2694
2715,2693
2716,2700
2717,2700
2718,2700
2719,2703
2720,2701
2721,2704
2722,2704
2723,2703
2724,2710
2725,2707
2726,2709
2727,2711
2728,2710
2729,2709
2730,2708
2731,2713
2732,2715
2733,2710
2734,2718
2735,2711
2736,2719
2737,2715
2738,2719
2739,2723
2740,2722
2741,2724
2742,2725
2743,2721
2744,2730
2745,2721
2746,2725
2747,2726
2748,2729
2749,2732
2750,2730
2751,2731
2752,2734
2753,2732
2754,2736
2755,2732
2756,2735
2757,2739
2758,2735
2759,2740
2760,2738
2761,2743
2762,2744
2763,2740
2764,2747
2765,2747
2766,2747
2767,2746
2768,2747
2769,2751
2770,2754
2771,2748
2772,2753
2773,2753
2774,2755
2775,2756
2776,2753
2777,2755
2778,2757
2779,2759
2780,2764
2781,2760
2782,2767
2783,2763
2784,2764
2785,2769
2786,2765
2787,2769
2788,2765
2789,2768
2790,2773
2791,2767
2792,2773
2793,2775
2794,2776
2795,2778
2796,2774
2797,2777
2798,2777
2799,2778
2800,2785
2801,2782
2802,2781
2803,2779
2804,2784
2805,2790
2806,2781
2807,2790
2808,2788
2809,2791
2810,2790
2811,2792
2812,2787
2813,2795
2814,2791
2815,2792
2816,2794
2817,2796
2818,2801
2819,2799
2820,2800
2821,2800
2822,2799
2823,2803
2824,2806
2825,2807
2826,2806
2827,2808
2828,2810
2829,2808
2830,2809
2831,2811
2832,2810
2833,2811
2834,2807
2835,2816
2836,2814
2837,2816
2838,2822
2839,2818
2840,2818
2841,2818
2842,2820
2843,2824
2844,2821
2845,2825
2846,2826
2847,2823
2848,2829
2849,2825
2850,2826
2851,2827
2852,2828
2853,2833
2854,2829
2855,2833
2856,2839
2857,2833
2858,2839
2859,2841
2860,2835
2861,2844
2862,2839
2863,2843
2864,2841
2865,2842
2866,2843
2867,2846
2868,2849
2869,2847
2870,2850
2871,2853
2872,2850
2873,2853
2874,2854
2875,2854
2876,2853
2877,2853
2878,2858
2879,2860
2880,2858
2881,2861
2882,2858
2883,2865
2884,2862
2885,2861
2886,2869
2887,2868
2888,2864
2889,2867
2890,2866
2891,2871
2892,2871
2893,2868
2894,2876
2895,2871
2896,2875
2897,2878
2898,2875
2899,2881
2900,2878
2901,2881
2902,2882
2903,2883
2904,2884
2905,2886
2906,2884
2907,2885
2908,2886
2909,2889
2910,2887
2911,2888
2912,2895
2913,2891
2914,2897
2915,2895
2916,2890
2917,2898
2918,2897
2919,2902
2920,2902
2921,2899
2922,2905
2923,2898
2924,2903
2925,2901
2926,2902
2927,2907
2928,2904
2929,2906
2930,2910
2931,2909
2932,2913
2933,2909
2934,2911
2935,2912
2936,2912
2937,2918
2938,2915
2939,2921
2940,2921
2941,2920
2942,2923
2943,2920
2944,2924
2945,2925
2946,2925
2947,2927
2948,2926
2949,2925
2950,2933
2951,2931
2952,2928
2953,2931
2954,2933
2955,2938
2956,2932
2957,2939
2958,2935
2959,2936
2960,2941
2961,2941
2962,2939
2963,2945
2964,2939
2965,2945
2966,2943
2967,2944
2968,2949
2969,2947
2970,2952
2971,2946
2972,2948
2973,2951
2974,2951
2975,2954
2976,2954
2977,2956
2978,2957
2979,2957
2980,2957
2981,2959
2982,2961
2983,2964
2984,2963
2985,2961
2986,2966
2987,2966
2988,2970
2989,2965
2990,2969
2991,2965
2992,2967
2993,2975
2994,2971
2995,2973
2996,2975
2997,2969
2998,2977
2999,2976
3000,2981
3001,2982
3002,2978
3003,2983
3004,2983
3005,2982
3006,2987
3007,2986
3008,2984
3009,2989
3010,2986
3011,2988
3012,2990
3013,2993
3014,2991
3015,2994
3016,2999
3017,2992
3018,2994
3019,2997
3020,2994
3021,2999
3022,3001
3023,3000
3024,3005
3025,3005
3026,3004
3027,3004
3028,3006
3029,3009
3030,3008
3031,3013
3032,3006
3033,3014
3034,3012
3035,3009
3036,3017
3037,3014
3038,3019
3039,3015
3040,3020
3041,3018
3042,3023
3043,3019
3044,3025
3045,3020
3046,3021
3047,3027
3048,3027
3049,3028
3050,3030
3051,3027
3052,3032
3053,3028
3054,3033
3055,3030
3056,3032
3057,3037
3058,3034
3059,3039
3060,3038
3061,3042
3062,3043
3063,3042
3064,3045
3065,3043
3066,3043
3067,3046
3068,3044
3069,3047
3070,3047
3071,3047
3072,3052
3073,3048
3074,3055
3075,3051
3076,3052
3077,3058
3078,3051
3079,3057
3080,3054
3081,3060
3082,3058
3083,3059
3084,3062
3085,3059
3086,3064
3087,3065
3088,3061
3089,3064
3090,3072
3091,3068
3092,3069
3093,3070
3094,3074
3095,3074
3096,3069
3097,3073
3098,3072
3099,3075
3100,3076
3101,3073
3102,3082
3103,3082
3104,3082
3105,3086
3106,3083
3107,3086
3108,3086
3109,3089
3110,3091
3111,3084
3112,3092
3113,3089
3114,3093
3115,3092
3116,3092
3117,3094
3118,3094
3119,3098
3120,3100
3121,3095
3122,3098
3123,3102
3124,3101
3125,3107
3126,3104
3127,3108
3128,3103
3129,3107
3130,3107
3131,3107
3132,3109
3133,3107
3134,3109
3135,3113
3136,3112
3137,3110
3138,3116
3139,3113
3140,3117
3141,3120
3142,3116
3143,3121
3144,3124
3145,3124
3146,3124
3147,3127
3148,3124
3149,3125
3150,3126
3151,3126
3152,3125
3153,3133
3154,3131
3155,3130
3156,3130
3157,3132
3158,3133
3159,3135
3160,3139
3161,3139
3162,3139
3163,3143
3164,3138
3165,3141
3166,3144
3167,3141
3168,3143
3169,3141
3170,3145
3171,3149
3172,3145
3173,3149
3174,3150
3175,3153
3176,3154
3177,3152
3178,3159
3179,3155
3180,3157
3181,3158
3182,3162
3183,3160
3184,3161
3185,3164
3186,3162
3187,3163
3188,3167
3189,3166
3190,3169
3191,3164
3192,3169
3193,3165
3194,3169
3195,3172
3196,3175
3197,3178
3198,3171
3199,3173
3200,3176
3201,3178
3202,3182
3203,3179
3204,3179
3205,3183
3206,3181
3207,3186
3208,3180
3209,3182
3210,3189
3211,3188
3212,3188
3213,3187
3214,3191
3215,3194
3216,3190
3217,3194
3218,3197
3219,3196
3220,3200
3221,3197
3222,3198
3223,3194
3224,3200
3225,3199
3226,3201
3227,3208
3228,3204
3229,3204
3230,3209
3231,3206
3232,3207
3233,3212
3234,3207
3235,3213
3236,3211
3237,3212
3238,3215
3239,3212
3240,3220
3241,3215
3242,3219
3243,3219
3244,3220
3245,3225
3246,3222
3247,3226
3248,3228
3249,3223
3250,3230
3251,3225
3252,3225
3253,3234
3254,3226
3255,3232
3256,3231
3257,3234
3258,3237
3259,3235
3260,3235
3261,3236
3262,3238
3263,3242
3264,3238
3265,3243
3266,3242
3267,3241
3268,3246
3269,3245
3270,3245
3271,3247
3272,3248
3273,3246
3274,3249
3275,3250
3276,3256
3277,3251
3278,3257
3279,3254
3280,3253
3281,3259
3282,3258
3283,3257
3284,3259
3285,3259
3286,3268
3287,3259
3288,3263
3289,3267
3290,3266
3291,3272
3292,3265
3293,3267
3294,3272
3295,3268
3296,3274
3297,3269
3298,3276
3299,3277
3300,3273
3301,3278
3302,3279
3303,3278
3304,3279
3305,3277
3306,3286
3307,3281
3308,3283
3309,3286
3310,3288
3311,3292
3312,3284
3313,3284
3314,3289
3315,3292
3316,3293
3317,3293
3318,3293
3319,3295
3320,3295
3321,3296
3322,3295
3323,3297
3324,3301
3325,3299
3326,3301
3327,3302
3328,3305
3329,3304
3330,3303
3331,3308
3332,3308
3333,3306
3334,3312
3335,3311
3336,3310
3337,3312
3338,3315
3339,3318
3340,3313
3341,3321
3342,3321
3343,3319
3344,3323
3345,3322
3346,3323
3347,3324
3348,3324
3349,3325
3350,3324
3351,3328
3352,3327
3353,3328
3354,3333
3355,3327
3356,3332
3357,3336
3358,3333
3359,3335
3360,3335
3361,3339
3362,3341
3363,3340
3364,3339
3365,3340
3366,3343
3367,3346
3368,3347
3369,3341
3370,3348
3371,3342
3372,3347
3373,3350
3374,3351
3375,3351
3376,3349
3377,3350
3378,3351
3379,3352
3380,3358
3381,3352
3382,3359
3383,3360
3384,3359
3385,3362
3386,3355
3387,3364
3388,3360
3389,3365
3390,3364
3391,3366
3392,3368
3393,3367
3394,3369
3395,3374
3396,3372
3397,3374
3398,3372
3399,3373
3400,3375
3401,3375
3402,3381
3403,3380
3404,3375
3405,3379
3406,3378
3407,3382
3408,3383
3409,3385
3410,3389
3411,3384
3412,3392
3413,3387
3414,3386
3415,3387
3416,3388
3417,3389
3418,3394
3419,3391
3420,3395
3421,3397
3422,3396
3423,3397
3424,3399
3425,3402
3426,3401
3427,3403
3428,3401
3429,3405
3430,3405
3431,3405
3432,3406
3433,3407
3434,3411
3435,3408
3436,3412
3437,3412
3438,3411
3439,3414
3440,3418
3441,3417
3442,3417
3443,3418
3444,3421
3445,3419
3446,3422
3447,3421
3448,3421
3449,3425
3450,3422
3451,3425
3452,3426
3453,3431
3454,3425
3455,3427
3456,3430
3457,3429
3458,3432
3459,3432
3460,3438
3461,3437
3462,3438
3463,3440
3464,3438
3465,3436
3466,3439
3467,3444
3468,3444
3469,3449
3470,3441
3471,3450
3472,3444
3473,3447
3474,3451
3475,3449
3476,3452
3477,3450
3478,3450
3479,3455
3480,3450
3481,3457
3482,3453
3483,3460
3484,3461
3485,3458
3486,3459
3487,3461
3488,3459
3489,3467
3490,3460
3491,3466
3492,3468
3493,3463
3494,3469
3495,3468
3496,3471
3497,3475
3498,3470
3499,3476
3500,3471
3501,3477
3502,3478
3503,3473
3504,3482
3505,3479
3506,3479
3507,3483
3508,3479
3509,3482
3510,3484
3511,3481
3512,3485
3513,3482
3514,3486
3515,3487
3516,3486
3517,3494
3518,3489
3519,3493
3520,3493
3521,3491
3522,3500
3523,3499
3524,3496
3525,3500
3526,3498
3527,3505
3528,3499
3529,3501
3530,3504
3531,3501
3532,3506
3533,3505
3534,3506
3535,3507
3536,3506
3537,3514
3538,3509
3539,3510
3540,3513
3541,3512
3542,3515
3543,3514
3544,3515
3545,3516
3546,3519
3547,3519
3548,3522
3549,3525
3550,3524
3551,3523
3552,3528
3553,3522
3554,3527
3555,3531
3556,3532
3557,3532
3558,3531
3559,3529
3560,3536
3561,3534
3562,3536
3563,3539
3564,3536
3565,3542
3566,3538
3567,3540
3568,3546
3569,3538
3570,3544
3571,3543
3572,3543
3573,3550
3574,3547
3575,3550
3576,3550
3577,3550
3578,3551
3579,3548
3580,3553
3581,3551
3582,3554
3583,3560
3584,3554
3585,3557
3586,3559
3587,3560
3588,3565
3589,3562
3590,3566
3591,3566
3592,3564
3593,3566
3594,3564
3595,3570
3596,3571
3597,3572
3598,3574
3599,3572
3600,3574
3601,3573
3602,3571
3603,3579
3604,3578
3605,3573
3606,3581
3607,3576
3608,3584
3609,3582
3610,3585
3611,3588
3612,3584
3613,3584
3614,3589
3615,3588
3616,3592
3617,3589
3618,3591
3619,3590
3620,3593
3621,3593
3622,3596
3623,3599
3624,3599
3625,3596
3626,3600
3627,3595
3628,3602
3629,3604
3630,3600
3631,3608
3632,3602
3633,3604
3634,3603
3635,3607
3636,3611
3637,3608
3638,3612
3639,3614
3640,3610
3641,3613
3642,3611
3643,3614
3644,3616
3645,3616
3646,3621
3647,3624
3648,3618
3649,3619
3650,3620
3651,3621
3652,3626
3653,3620
3654,3629
3655,3627
3656,3628
3657,3632
3658,3629
3659,3632
3660,3629
3661,3634
3662,3636
3663,3631
3664,3637
3665,3637
3666,3640
3667,3642
3668,3639
3669,3640
3670,3641
3671,3640
3672,3645
3673,3639
3674,3648
3675,3644
3676,3650
3677,3649
3678,3651
3679,3655
3680,3649
3681,3649
3682,3656
3683,3650
3684,3658
3685,3657
3686,3659
3687,3660
3688,3660
3689,3660
3690,3662
3691,3662
3692,3668
3693,3665
3694,3665
3695,3668
3696,3664
3697,3671
3698,3671
3699,3672
3700,3672
3701,3670
3702,3677
3703,3676
3704,3672
3705,3680
3706,3678
3707,3677
3708,3681
3709,3679
3710,3685
3711,3680
3712,3686
3713,3683
3714,3684
3715,3687
3716,3686
3717,3688
3718,3688
3719,3686
3720,3691
3721,3692
3722,3695
3723,3695
3724,3694
3725,3700
3726,3698
3727,3697
3728,3699
3729,3697
3730,3706
3731,3700
3732,3702
3733,3703
3734,3706
3735,3706
3736,3707
3737,3712
3738,3710
3739,3710
3740,3714
3741,3713
3742,3713
3743,3716
3744,3716
3745,3717
3746,3717
3747,3714
3748,3718
3749,3718
3750,3719
3751,3724
3752,3719
3753,3723
3754,3727
3755,3725
3756,3729
3757,3725
3758,3733
3759,3731
3760,3731
3761,3732
3762,3732
3763,3736
3764,3736
3765,3736
3766,3737
3767,3735
3768,3743
3769,3738
3770,3742
3771,3742
3772,3742
3773,3744
3774,3743
3775,3745
3776,3749
3777,3743
3778,3749
3779,3748
3780,3754
3781,3753
3782,3750
3783,3758
3784,3754
3785,3752
3786,3757
3787,3756
3788,3757
3789,3765
3790,3757
3791,3763
3792,3760
3793,3766
3794,3764
3795,3762
3796,3767
3797,3768
3798,3766
3799,3772
3800,3772
3801,3771
3802,3770
3803,3775
3804,3776
3805,3773
3806,3779
3807,3775
3808,3777
3809,3784
3810,3776
3811,3785
3812,3785
3813,3782
3814,3787
3815,3787
3816,3785
3817,3785
3818,3789
3819,3791
3820,3792
3821,3791
3822,3791
3823,3795
3824,3795
3825,3794
3826,3797
3827,3800
3828,3798
3829,3803
3830,3798
3831,3801
3832,3806
3833,3805
3834,3805
3835,3807
3836,3808
3837,3810
3838,3806
3839,3812
3840,3813
3841,3812
3842,3818
3843,3815
3844,3815
3845,3816
3846,3816
3847,3819
3848,3820
3849,3821
3850,3820
3851,3819
3852,3826
3853,3825
3854,3825
3855,3825
3856,3827
3857,3828
3858,3826
3859,3828
3860,3834
3861,3830
3862,3832
3863,3831
3864,3833
3865,3838
3866,3837
3867,3842
3868,3840
3869,3838
3870,3846
3871,3840
3872,3843
3873,3842
3874,3843
3875,3845
3876,3843
3877,3849
3878,3849
3879,3851
3880,3854
3881,3849
3882,3853
3883,3856
3884,3856
3885,3856
3886,3853
3887,3854
3888,3862
3889,3860
3890,3862
3891,3863
3892,3861
3893,3863
3894,3865
3895,3866
3896,3864
3897,3863
3898,3869
3899,3866
3900,3870
3901,3871
3902,3868
3903,3876
3904,3873
3905,3877
3906,3874
3907,3877
3908,3884
3909,3879
3910,3884
3911,3879
3912,3881
3913,3887
3914,3885
3915,3888
3916,3884
3917,3888
3918,3890
3919,3884
3920,3894
3921,3893
3922,3889
3923,3898
3924,3891
3925,3897
3926,3896
3927,3897
3928,3901
3929,3900
3930,3896
3931,3900
3932,3900
3933,3900
3934,3906
3935,3905
3936,3910
3937,3906
3938,3910
3939,3912
3940,3910
3941,3913
3942,3911
3943,3910
3944,3919
3945,3915
3946,3920
3947,3919
3948,3921
3949,3920
3950,3918
3951,3922
3952,3920
3953,3922
3954,3928
3955,3921
3956,3930
3957,3926
3958,3926
3959,3929
3960,3927
3961,3931
3962,3929
3963,3932
3964,3934
3965,3936
3966,3935
3967,3938
3968,3941
3969,3939
3970,3935
3971,3939
3972,3942
3973,3938
3974,3945
3975,3942
3976,3946
3977,3946
3978,3946
3979,3951
3980,3949
3981,3950
3982,3956
3983,3952
3984,3957
3985,3955
3986,3954
3987,3960
3988,3954
3989,3960
3990,3957
3991,3958
3992,3965
3993,3963
3994,3968
3995,3966
3996,3962
3997,3966
3998,3967
3999,3970
4000,3967
4001,3972
4002,3972
4003,3974
4004,3974
4005,3975
4006,3972
4007,3976
4008,3978
4009,3976
4010,3981
4011,3978
4012,3982
4013,3982
4014,3986
4015,3988
4016,3987
4017,3990
4018,3984
4019,3987
4020,3988
4021,3991
4022,3994
4023,3994
4024,3991
4025,3994
4026,3993
4027,3995
4028,3995
4029,3998
4030,3999
4031,3996
4032,4002
4033,4004
4034,4003
4035,4007
4036,4003
4037,4006
4038,4010
4039,4009
4040,4014
4041,4007
4042,4011
4043,4010
4044,4009
4045,4017
4046,4011
4047,4013
4048,4021
4049,4014
4050,4019
4051,4020
4052,4022
4053,4026
4054,4023
4055,4024
4056,4024
4057,4026
4058,4025
4059,4023
4060,4032
4061,4032
4062,4028
4063,4033
4064,4034
4065,4032
4066,4034
4067,4036
4068,4040
4069,4035
4070,4040
4071,4040
4072,4039
4073,4045
4074,4043
4075,4041
4076,4048
4077,4046
4078,4049
4079,4044
4080,4051
4081,4051
4082,4050
4083,4050
4084,4052
4085,4055
4086,4053
4087,4051
4088,4061
4089,4062
4090,4061
4091,4055
4092,4059
4093,4058
4094,4054
4095,4055
