0,4
1,8
2,3
3,7
4,9
5,7
6,6
7,7
8,9
9,11
10,7
11,14
12,14
13,11
14,19
15,13
16,19
17,19
18,20
19,23
20,23
21,23
22,22
23,25
24,26
25,26
26,29
27,29
28,27
29,31
30,32
31,33
32,33
33,30
34,38
35,33
36,38
37,38
38,40
39,41
40,38
41,45
42,42
43,44
44,45
45,45
46,48
47,46
48,50
49,52
50,51
51,54
52,53
53,55
54,55
55,56
56,55
57,56
58,57
59,61
60,61
61,61
62,65
63,63
64,67
65,64
66,65
67,69
68,68
69,72
70,68
71,73
72,74
73,73
74,77
75,72
76,80
77,75
78,79
79,81
80,80
81,79
82,79
83,82
84,81
85,88
86,83
87,88
88,87
89,86
90,90
91,89
92,91
93,92
94,92
95,96
96,96
97,99
98,96
99,99
100,103
101,98
102,103
103,102
104,101
105,108
106,103
107,105
108,111
109,108
110,109
111,108
112,111
113,113
114,114
115,116
116,115
117,119
118,116
119,114
120,121
121,119
122,119
123,122
124,121
125,129
126,125
127,125
128,126
129,125
130,131
131,128
132,134
133,132
134,133
135,134
136,132
137,136
138,139
139,138
140,139
141,143
142,142
143,145
144,143
145,144
146,145
147,143
148,150
149,146
150,151
151,153
152,151
153,152
154,154
155,155
156,158
157,155
158,158
159,156
160,162
161,160
162,158
163,164
164,163
165,163
166,168
167,167
168,169
169,169
170,166
171,173
172,171
173,173
174,171
175,175
176,175
177,175
178,178
179,174
180,177
181,184
182,180
183,181
184,182
185,182
186,185
187,181
188,188
189,191
190,189
191,191
192,191
193,190
194,191
195,192
196,196
197,193
198,195
199,201
200,195
201,200
202,200
203,201
204,204
205,203
206,203
207,204
208,208
209,208
210,209
211,212
212,212
213,212
214,216
215,214
216,213
217,216
218,212
219,218
220,219
221,222
222,221
223,222
224,226
225,224
226,226
227,227
228,226
229,227
230,228
231,228
232,233
233,228
234,235
235,230
236,234
237,235
238,238
239,238
240,238
241,240
242,240
243,242
244,246
245,240
246,246
247,244
248,243
249,249
250,246
251,247
252,249
253,249
254,250
255,257
256,253
257,258
258,258
259,257
260,257
261,256
262,261
263,263
264,264
265,267
266,265
267,264
268,268
269,267
270,267
271,268
272,270
273,272
274,269
275,276
276,276
277,277
278,274
279,276
280,279
281,280
282,283
283,280
284,282
285,283
286,281
287,285
288,286
289,285
290,291
291,287
292,289
293,289
294,293
295,297
296,293
297,299
298,295
299,295
300,302
301,297
302,301
303,300
304,304
305,307
306,303
307,305
308,307
309,307
310,310
311,307
312,308
313,314
314,312
315,316
316,313
317,314
318,319
319,315
320,318
321,318
322,318
323,323
324,322
325,324
326,327
327,323
328,328
329,326
330,327
331,329
332,331
333,330
334,329
335,335
336,336
337,331
338,340
339,334
340,340
341,337
342,336
343,343
344,343
345,345
346,343
347,342
348,346
349,346
350,348
351,347
352,348
353,355
354,350
355,353
356,357
357,351
358,357
359,354
360,359
361,359
362,357
363,362
364,360
365,365
366,367
367,363
368,364
369,363
370,366
371,370
372,369
373,369
374,370
375,371
376,375
377,374
378,375
379,380
380,378
381,379
382,377
383,378
384,382
385,378
386,384
387,384
388,383
389,390
390,386
391,390
392,389
393,389
394,395
395,391
396,396
397,392
398,393
399,396
400,393
401,398
402,401
403,398
404,403
405,399
406,404
407,402
408,404
409,407
410,403
411,409
412,406
413,409
414,411
415,409
416,417
417,415
418,415
419,418
420,417
421,417
422,416
423,417
424,422
425,421
426,425
427,426
428,423
429,431
430,427
431,429
432,431
433,427
434,432
435,432
436,432
437,437
438,433
439,435
440,435
441,439
442,442
443,437
444,438
445,443
446,440
447,447
448,442
449,443
450,444
451,444
452,449
453,447
454,450
455,455
456,449
457,455
458,452
459,455
460,455
461,455
462,460
463,455
464,461
465,463
466,459
467,464
468,465
469,468
470,465
471,468
472,470
473,470
474,469
475,471
476,470
477,473
478,474
479,473
480,479
481,478
482,478
483,478
484,476
485,482
486,481
487,485
488,487
489,485
490,490
491,484
492,491
493,493
494,488
495,493
496,492
497,494
498,495
499,492
500,501
501,497
502,497
503,503
504,496
505,505
506,503
507,506
508,508
509,502
510,510
511,505
512,510
513,511
514,510
515,511
516,510
517,513
518,517
519,512
520,518
521,515
522,519
523,519
524,516
525,523
526,523
527,525
528,529
529,525
530,528
531,528
532,530
533,530
534,531
535,532
536,530
537,530
538,538
539,532
540,534
541,541
542,536
543,539
544,543
545,538
546,547
547,543
548,547
549,544
550,543
551,549
552,543
553,553
554,551
555,552
556,557
557,548
558,555
559,554
560,555
561,559
562,556
563,559
564,560
565,563
566,565
567,563
568,561
569,567
570,563
571,567
572,565
573,571
574,571
575,570
576,573
577,571
578,578
579,576
580,575
581,580
582,575
583,579
584,579
585,577
586,586
587,584
588,585
589,584
590,584
591,588
592,585
593,589
594,589
595,591
596,592
597,591
598,595
599,596
600,595
601,599
602,601
603,599
604,600
605,600
606,603
607,603
608,601
609,606
610,606
611,607
612,608
613,604
614,609
615,609
616,611
617,615
618,614
619,615
620,615
621,619
622,619
623,617
624,620
625,619
626,621
627,622
628,619
629,628
630,622
631,626
632,630
633,624
634,630
635,633
636,634
637,636
638,633
639,633
640,633
641,636
642,638
643,636
644,642
645,642
646,641
647,643
648,644
649,645
650,648
651,643
652,646
653,646
654,647
655,650
656,648
657,655
658,651
659,653
660,659
661,654
662,660
663,656
664,657
665,662
666,660
667,665
668,664
669,665
670,669
671,666
672,668
673,666
674,669
675,674
676,668
677,671
678,674
679,673
680,679
681,673
682,678
683,678
684,680
685,680
686,680
687,681
688,681
689,681
690,685
691,686
692,686
693,687
694,690
695,692
696,691
697,694
698,692
699,694
700,699
701,693
702,697
703,697
704,696
705,704
706,701
707,704
708,705
709,704
710,706
711,704
712,703
713,711
714,708
715,708
716,710
717,708
718,717
719,710
720,713
721,715
722,715
723,718
724,715
725,722
726,721
727,722
728,723
729,724
730,727
731,730
732,723
733,730
734,728
735,733
736,734
737,730
738,735
739,731
740,734
741,740
742,733
743,742
744,737
745,743
746,741
747,738
748,745
749,745
750,746
751,746
752,747
753,751
754,746
755,748
756,753
757,751
758,753
759,754
760,757
761,760
762,757
763,759
764,759
765,755
766,760
767,758
768,764
769,767
770,764
771,768
772,763
773,765
774,770
775,768
776,770
777,772
778,771
779,776
780,775
781,777
782,774
783,775
784,782
785,776
786,780
787,780
788,784
789,788
790,783
791,786
792,784
793,786
794,793
795,787
796,794
797,794
798,793
799,797
800,794
801,798
802,794
803,796
804,798
805,797
806,799
807,800
808,799
809,807
810,804
811,809
812,808
813,807
814,810
815,806
816,813
817,813
818,809
819,815
820,810
821,817
822,816
823,817
824,817
825,820
826,821
827,823
828,822
829,827
830,826
831,822
832,825
833,826
834,831
835,832
836,829
837,832
838,832
839,834
840,837
841,836
842,838
843,836
844,836
845,842
846,838
847,844
848,840
849,842
850,848
851,844
852,848
853,848
854,849
855,853
856,848
857,852
858,850
859,854
860,854
861,851
862,856
863,858
864,860
865,863
866,854
867,860
868,859
869,865
870,867
871,862
872,866
873,869
874,870
875,872
876,870
877,874
878,877
879,874
880,877
881,872
882,878
883,877
884,874
885,881
886,880
887,879
888,882
889,880
890,885
891,886
892,888
893,888
894,886
895,889
896,892
897,892
898,891
899,890
900,897
901,894
902,893
903,901
904,897
905,898
906,901
907,898
908,905
909,899
910,904
911,907
912,905
913,910
914,907
915,907
916,909
917,908
918,911
919,913
920,916
921,914
922,918
923,919
924,919
925,921
926,921
927,922
928,924
929,919
930,924
931,926
932,926
933,927
934,926
935,929
936,932
937,927
938,933
939,931
940,931
941,939
942,935
943,936
944,940
945,936
946,942
947,937
948,945
949,943
950,945
951,947
952,945
953,944
954,947
955,949
956,951
957,951
958,950
959,956
960,950
961,954
962,954
963,955
964,958
965,954
966,960
967,958
968,960
969,961
970,960
971,965
972,965
973,964
974,969
975,966
976,973
977,972
978,974
979,976
980,973
981,976
982,975
983,979
984,981
985,979
986,980
987,981
988,980
989,982
990,980
991,985
992,988
993,987
994,991
995,988
996,988
997,994
998,988
999,992
1000,990
1001,997
1002,997
1003,997
1004,998
1005,1001
1006,1001
1007,1001
1008,1001
1009,1006
1010,1003
1011,1004
1012,1010
1013,1005
1014,1011
1015,1007
1016,1007
1017,1012
1018,1010
1019,1012
1020,1014
1021,1017
1022,1016
1023,1017
1024,1019
1025,1017
1026,1017
1027,1026
1028,1022
1029,1026
1030,1022
1031,1024
1032,1028
1033,1023
1034,1025
1035,1030
1036,1027
1037,1035
1038,1029
1039,1036
1040,1033
1041,1032
1042,1037
1043,1037
1044,1035
1045,1040
1046,1039
1047,1043
1048,1040
1049,1043
1050,1044
1051,1041
1052,1048
1053,1047
1054,1049
1055,1051
1056,1046
1057,1052
1058,1054
1059,1053
1060,1055
1061,1053
1062,1056
1063,1059
1064,1058
1065,1058
1066,1056
1067,1059
1068,1061
1069,1063
1070,1067
1071,1061
1072,1065
1073,1065
1074,1063
1075,1068
1076,1070
1077,1073
1078,1072
1079,1075
1080,1077
1081,1070
1082,1078
1083,1076
1084,1078
1085,1079
1086,1081
1087,1079
1088,1084
1089,1084
1090,1082
1091,1084
1092,1086
1093,1086
1094,1087
1095,1087
1096,1089
1097,1091
1098,1094
1099,1093
1100,1095
1101,1095
1102,1095
1103,1101
1104,1096
1105,1098
1106,1104
1107,1101
1108,1103
1109,1100
1110,1104
1111,1105
1112,1101
1113,1109
1114,1106
1115,1107
1116,1113
1117,1109
1118,1113
1119,1113
1120,1115
1121,1118
1122,1113
1123,1118
1124,1117
1125,1119
1126,1120
1127,1119
1128,1119
1129,1124
1130,1124
1131,1128
1132,1124
1133,1126
1134,1130
1135,1124
1136,1131
1137,1130
1138,1129
1139,1132
1140,1133
1141,1136
1142,1134
1143,1137
1144,1138
1145,1139
1146,1138
1147,1137
1148,1140
1149,1145
1150,1143
1151,1143
1152,1143
1153,1145
1154,1147
1155,1150
1156,1149
1157,1150
1158,1151
1159,1155
1160,1154
1161,1156
1162,1155
1163,1157
1164,1162
1165,1156
1166,1162
1167,1159
1168,1161
1169,1165
1170,1161
1171,1166
1172,1168
1173,1165
1174,1169
1175,1169
1176,1170
1177,1170
1178,1170
1179,1171
1180,1175
1181,1170
1182,1174
1183,1177
1184,1175
1185,1180
1186,1179
1187,1180
1188,1181
1189,1184
1190,1182
1191,1182
1192,1188
1193,1184
1194,1186
1195,1186
1196,1186
1197,1192
1198,1191
1199,1193
1200,1192
1201,1193
1202,1197
1203,1193
1204,1198
1205,1200
1206,1197
1207,1201
1208,1202
1209,1203
1210,1205
1211,1202
1212,1209
1213,1204
1214,1209
1215,1207
1216,1206
1217,1213
1218,1208
1219,1212
1220,1214
1221,1211
1222,1214
1223,1211
1224,1219
1225,1220
1226,1218
1227,1217
1228,1220
1229,1220
1230,1223
1231,1223
1232,1226
1233,1228
1234,1226
1235,1229
1236,1227
1237,1230
1238,1231
1239,1232
1240,1235
1241,1234
1242,1234
1243,1239
1244,1236
1245,1236
1246,1237
1247,1241
1248,1241
1249,1240
1250,1246
1251,1242
1252,1244
1253,1246
1254,1244
1255,1248
1256,1248
1257,1248
1258,1254
1259,1248
1260,1254
1261,1251
1262,1252
1263,1259
1264,1255
1265,1259
1266,1259
1267,1258
1268,1263
1269,1263
1270,1262
1271,1266
1272,1262
1273,1268
1274,1268
1275,1265
1276,1270
1277,1268
1278,1272
1279,1271
1280,1274
1281,1273
1282,1275
1283,1277
1284,1275
1285,1277
1286,1282
1287,1279
1288,1283
1289,1285
1290,1282
1291,1283
1292,1282
1293,1287
1294,1290
1295,1284
1296,1291
1297,1290
1298,1293
1299,1292
1300,1289
1301,1292
1302,1296
1303,1298
1304,1297
1305,1294
1306,1302
1307,1299
1308,1301
1309,1303
1310,1304
1311,1304
1312,1302
1313,1303
1314,1306
1315,1303
1316,1307
1317,1307
1318,1310
1319,1312
1320,1314
1321,1313
1322,1316
1323,1315
1324,1317
1325,1317
1326,1320
1327,1323
1328,1316
1329,1321
1330,1323
1331,1322
1332,1328
1333,1322
1334,1330
1335,1325
1336,1330
1337,1329
1338,1330
1339,1331
1340,1331
1341,1330
1342,1336
1343,1330
1344,1339
1345,1334
1346,1336
1347,1338
1348,1337
1349,1343
1350,1340
1351,1342
1352,1344
1353,1342
1354,1346
1355,1349
1356,1348
1357,1350
1358,1350
1359,1350
1360,1350
1361,1350
1362,1357
1363,1354
1364,1359
1365,1356
1366,1355
1367,1358
1368,1360
1369,1363
1370,1365
1371,1363
1372,1362
1373,1367
1374,1363
1375,1371
1376,1364
1377,1370
1378,1371
1379,1370
1380,1375
1381,1371
1382,1372
1383,1373
1384,1372
1385,1377
1386,1375
1387,1380
1388,1382
1389,1381
1390,1380
1391,1381
1392,1383
1393,1386
1394,1384
1395,1386
1396,1388
1397,1388
1398,1391
1399,1387
1400,1394
1401,1392
1402,1395
1403,1396
1404,1391
1405,1400
1406,1398
1407,1396
1408,1400
1409,1399
1410,1405
1411,1400
1412,1404
1413,1404
1414,1403
1415,1408
1416,1411
1417,1408
1418,1410
1419,1408
1420,1411
1421,1414
1422,1414
1423,1415
1424,1415
1425,1418
1426,1421
1427,1418
1428,1423
1429,1420
1430,1422
1431,1426
1432,1420
1433,1427
1434,1425
1435,1424
1436,1426
1437,1427
1438,1431
1439,1428
1440,1428
1441,1435
1442,1427
1443,1433
1444,1437
1445,1434
1446,1436
1447,1434
1448,1441
1449,1438
1450,1439
1451,1442
1452,1440
1453,1444
1454,1447
1455,1446
1456,1450
1457,1445
1458,1451
1459,1447
1460,1450
1461,1450
1462,1451
1463,1454
1464,1459
1465,1456
1466,1455
1467,1460
1468,1456
1469,1465
1470,1458
1471,1465
1472,1460
1473,1465
1474,1468
1475,1463
1476,1465
1477,1467
1478,1467
1479,1472
1480,1467
1481,1469
1482,1470
1483,1472
1484,1474
1485,1475
1486,1475
1487,1476
1488,1480
1489,1479
1490,1478
1491,1481
1492,1485
1493,1481
1494,1484
1495,1486
1496,1490
1497,1485
1498,1489
1499,1492
1500,1488
1501,1494
1502,1490
1503,1493
1504,1494
1505,1495
1506,1496
1507,1501
1508,1500
1509,1500
1510,1504
1511,1500
1512,1503
1513,1503
1514,1503
1515,1505
1516,1504
1517,1508
1518,1506
1519,1512
1520,1512
1521,1508
1522,1516
1523,1511
1524,1515
1525,1518
1526,1512
1527,1516
1528,1519
1529,1519
1530,1522
1531,1523
1532,1525
1533,1523
1534,1524
1535,1528
1536,1524
1537,1527
1538,1529
1539,1530
1540,1532
1541,1531
1542,1532
1543,1529
1544,1537
1545,1537
1546,1533
1547,1538
1548,1537
1549,1542
1550,1542
1551,1542
1552,1544
1553,1546
1554,1544
1555,1545
1556,1547
1557,1547
1558,1550
1559,1547
1560,1549
1561,1548
1562,1550
1563,1554
1564,1554
1565,1557
1566,1559
1567,1557
1568,1560
1569,1558
1570,1559
1571,1562
1572,1563
1573,1564
1574,1562
1575,1566
1576,1563
1577,1568
1578,1568
1579,1570
1580,1573
1581,1570
1582,1569
1583,1577
1584,1570
1585,1576
1586,1576
1587,1577
1588,1579
1589,1578
1590,1579
1591,1579
1592,1579
1593,1585
1594,1584
1595,1586
1596,1589
1597,1585
1598,1592
1599,1592
1600,1591
1601,1593
1602,1589
1603,1595
1604,1594
1605,1591
1606,1598
1607,1593
1608,1601
1609,1602
1610,1597
1611,1604
1612,1602
1613,1605
1614,1603
1615,1606
1616,1609
1617,1607
1618,1606
1619,1607
1620,1606
1621,1610
1622,1612
1623,1614
1624,1617
1625,1611
1626,1615
1627,1614
1628,1617
1629,1620
1630,1617
1631,1621
1632,1620
1633,1622
1634,1624
1635,1623
1636,1628
1637,1626
1638,1629
1639,1627
1640,1627
1641,1629
1642,1633
1643,1632
1644,1635
1645,1634
1646,1633
1647,1638
1648,1638
1649,1637
1650,1642
1651,1643
1652,1645
1653,1640
1654,1644
1655,1642
1656,1647
1657,1648
1658,1648
1659,1653
1660,1649
1661,1651
1662,1653
1663,1652
1664,1657
1665,1653
1666,1657
1667,1655
1668,1656
1669,1659
1670,1661
1671,1659
1672,1660
1673,1660
1674,1666
1675,1662
1676,1665
1677,1668
1678,1666
1679,1671
1680,1671
1681,1670
1682,1673
1683,1671
1684,1676
1685,1672
1686,1672
1687,1676
1688,1675
1689,1678
1690,1678
1691,1679
1692,1681
1693,1683
1694,1682
1695,1687
1696,1681
1697,1689
1698,1687
1699,1687
1700,1689
1701,1690
1702,1694
1703,1691
1704,1689
1705,1694
1706,1694
1707,1696
1708,1697
1709,1696
1710,1703
1711,1696
1712,1701
1713,1701
1714,1703
1715,1706
1716,1703
1717,1709
1718,1707
1719,1706
1720,1709
1721,1710
1722,1709
1723,1712
1724,1711
1725,1715
1726,1712
1727,1715
1728,1718
1729,1715
1730,1719
1731,1718
1732,1719
1733,1720
1734,1721
1735,1726
1736,1724
1737,1725
1738,1728
1739,1725
1740,1731
1741,1732
1742,1727
1743,1734
1744,1730
1745,1737
1746,1733
1747,1735
1748,1739
1749,1735
1750,1737
1751,1739
1752,1737
1753,1743
1754,1743
1755,1746
1756,1747
1757,1743
1758,1748
1759,1748
1760,1746
1761,1748
1762,1749
1763,1755
1764,1751
1765,1751
1766,1754
1767,1757
1768,1757
1769,1754
1770,1757
1771,1759
1772,1761
1773,1762
1774,1761
1775,1766
1776,1764
1777,1764
1778,1766
1779,1765
1780,1771
1781,1773
1782,1768
1783,1772
1784,1775
1785,1770
1786,1776
1787,1775
1788,1775
1789,1781
1790,1779
1791,1779
1792,1782
1793,1783
1794,1781
1795,1780
1796,1787
1797,1789
1798,1788
1799,1791
1800,1787
1801,1791
1802,1790
1803,1792
1804,1794
1805,1790
1806,1798
1807,1796
1808,1797
1809,1799
1810,1797
1811,1799
1812,1802
1813,1800
1814,1803
1815,1803
1816,1806
1817,1806
1818,1804
1819,1811
1820,1806
1821,1813
1822,1809
1823,1809
1824,1815
1825,1814
1826,1816
1827,1818
1828,1816
1829,1817
1830,1816
1831,1820
1832,1819
1833,1819
1834,1824
1835,1824
1836,1820
1837,1825
1838,1824
1839,1827
1840,1831
1841,1830
1842,1830
1843,1832
1844,1833
1845,1831
1846,1832
1847,1838
1848,1832
1849,1837
1850,1843
1851,1839
1852,1840
1853,1837
1854,1841
1855,1844
1856,1843
1857,1845
1858,1845
1859,1844
1860,1851
1861,1847
1862,1850
1863,1848
1864,1851
1865,1852
1866,1855
1867,1854
1868,1854
1869,1859
1870,1859
1871,1855
1872,1861
1873,1863
1874,1860
1875,1863
1876,1861
1877,1865
1878,1866
1879,1865
1880,1870
1881,1868
1882,1868
1883,1874
1884,1872
1885,1873
1886,1873
1887,1873
1888,1877
1889,1873
1890,1878
1891,1877
1892,1880
1893,1881
1894,1879
1895,1882
1896,1883
1897,1884
1898,1889
1899,1887
1900,1889
1901,1889
1902,1893
1903,1891
1904,1888
1905,1892
1906,1893
1907,1895
1908,1899
1909,1893
1910,1896
1911,1898
1912,1902
1913,1901
1914,1902
1915,1903
1916,1902
1917,1901
1918,1905
1919,1905
1920,1911
1921,1908
1922,1908
1923,1915
1924,1910
1925,1912
1926,1916
1927,1914
1928,1915
1929,1919
1930,1918
1931,1920
1932,1915
1933,1922
1934,1919
1935,1921
1936,1926
1937,1925
1938,1927
1939,1928
1940,1923
1941,1929
1942,1926
1943,1932
1944,1931
1945,1933
1946,1935
1947,1931
1948,1937
1949,1938
1950,1934
1951,1940
1952,1938
1953,1939
1954,1943
1955,1941
1956,1944
1957,1942
1958,1946
1959,1950
1960,1945
1961,1951
1962,1947
1963,1949
1964,1954
1965,1950
1966,1955
1967,1951
1968,1956
1969,1956
1970,1957
1971,1958
1972,1960
1973,1960
1974,1962
1975,1961
1976,1964
1977,1965
1978,1966
1979,1969
1980,1965
1981,1967
1982,1971
1983,1967
1984,1971
1985,1972
1986,1972
1987,1973
1988,1973
1989,1978
1990,1974
1991,1975
1992,1979
1993,1976
1994,1982
1995,1983
1996,1982
1997,1985
1998,1982
1999,1989
2000,1987
2001,1989
2002,1992
2003,1988
2004,1994
2005,1991
2006,1991
2007,1995
2008,1994
2009,1999
2010,1995
2011,1998
2012,2003
2013,2000
2014,2000
2015,2003
2016,2000
2017,2007
2018,2005
2019,2006
2020,2009
2021,2005
2022,2012
2023,2009
2024,2011
2025,2015
2026,2009
2027,2015
2028,2013
2029,2015
2030,2020
2031,2014
2032,2018
2033,2019
2034,2021
2035,2028
2036,2019
2037,2022
2038,2027
2039,2023
2040,2027
2041,2024
2042,2030
2043,2028
2044,2031
2045,2035
2046,2031
2047,2032
2048,2034
2049,2036
2050,2037
2051,2038
2052,2040
2053,2040
2054,2042
2055,2046
2056,2043
2057,2047
2058,2043
2059,2048
2060,2050
2061,2048
2062,2049
2063,2049
2064,2045
2065,2054
2066,2052
2067,2051
2068,2052
2069,2056
2070,2055
2071,2058
2072,2058
2073,2063
2074,2059
2075,2060
2076,2063
2077,2062
2078,2065
2079,2065
2080,2064
2081,2067
2082,2068
2083,2068
2084,2070
2085,2074
2086,2075
2087,2070
2088,2078
2089,2074
2090,2074
2091,2081
2092,2078
2093,2081
2094,2077
2095,2078
2096,2086
2097,2082
2098,2086
2099,2087
2100,2085
2101,2088
2102,2084
2103,2089
2104,2089
2105,2093
2106,2092
2107,2090
2108,2096
2109,2096
2110,2095
2111,2099
2112,2098
2113,2100
2114,2103
2115,2097
2116,2106
2117,2103
2118,2105
2119,2108
2120,2101
2121,2110
2122,2107
2123,2108
2124,2111
2125,2109
2126,2113
2127,2113
2128,2114
2129,2117
2130,2114
2131,2117
2132,2115
2133,2120
2134,2123
2135,2120
2136,2122
2137,2121
2138,2120
2139,2127
2140,2126
2141,2128
2142,2127
2143,2125
2144,2130
2145,2131
2146,2132
2147,2131
2148,2133
2149,2135
2150,2133
2151,2135
2152,2137
2153,2138
2154,2143
2155,2139
2156,2141
2157,2140
2158,2145
2159,2143
2160,2146
2161,2143
2162,2146
2163,2147
2164,2150
2165,2150
2166,2148
2167,2155
2168,2152
2169,2153
2170,2157
2171,2157
2172,2160
2173,2160
2174,2158
2175,2162
2176,2157
2177,2162
2178,2159
2179,2162
2180,2165
2181,2164
2182,2167
2183,2169
2184,2169
2185,2170
2186,2174
2187,2172
2188,2173
2189,2172
2190,2174
2191,2175
2192,2180
2193,2176
2194,2180
2195,2183
2196,2178
2197,2181
2198,2184
2199,2184
2200,2183
2201,2182
2202,2190
2203,2185
2204,2185
2205,2188
2206,2192
2207,2190
2208,2201
2209,2193
2210,2198
2211,2194
2212,2195
2213,2200
2214,2198
2215,2200
2216,2198
2217,2204
2218,2205
2219,2203
2220,2205
2221,2203
2222,2204
2223,2207
2224,2206
2225,2210
2226,2209
2227,2211
2228,2219
2229,2210
2230,2218
2231,2214
2232,2218
2233,2221
2234,2218
2235,2222
2236,2218
2237,2219
2238,2227
2239,2224
2240,2225
2241,2224
2242,2228
2243,2232
2244,2225
2245,2232
2246,2228
2247,2228
2248,2232
2249,2233
2250,2232
2251,2239
2252,2234
2253,2238
2254,2241
2255,2236
2256,2243
2257,2238
2258,2241
2259,2246
2260,2245
2261,2246
2262,2243
2263,2249
2264,2250
2265,2246
2266,2248
2267,2250
2268,2255
2269,2255
2270,2254
2271,2260
2272,2256
2273,2256
2274,2258
2275,2257
2276,2259
2277,2260
2278,2260
2279,2265
2280,2265
2281,2269
2282,2264
2283,2269
2284,2268
2285,2266
2286,2271
2287,2271
2288,2270
2289,2278
2290,2271
2291,2274
2292,2277
2293,2279
2294,2277
2295,2281
2296,2283
2297,2286
2298,2280
2299,2284
2300,2287
2301,2283
2302,2286
2303,2283
2304,2289
2305,2289
2306,2293
2307,2295
2308,2292
2309,2295
2310,2292
2311,2291
2312,2300
2313,2294
2314,2298
2315,2302
2316,2298
2317,2304
2318,2302
2319,2304
2320,2304
2321,2302
2322,2308
2323,2307
2324,2309
2325,2307
2326,2309
2327,2317
2328,2311
2329,2317
2330,2314
2331,2316
2332,2317
2333,2315
2334,2322
2335,2319
2336,2322
2337,2325
2338,2319
2339,2326
2340,2323
2341,2328
2342,2330
2343,2323
2344,2327
2345,2331
2346,2329
2347,2330
2348,2330
2349,2330
2350,2334
2351,2333
2352,2335
2353,2338
2354,2339
2355,2339
2356,2339
2357,2340
2358,2344
2359,2344
2360,2346
2361,2344
2362,2347
2363,2345
2364,2348
2365,2351
2366,2349
2367,2349
2368,2354
2369,2354
2370,2358
2371,2351
2372,2358
2373,2356
2374,2356
2375,2363
2376,2357
2377,2360
2378,2365
2379,2364
2380,2366
2381,2364
2382,2366
2383,2364
2384,2368
2385,2372
2386,2371
2387,2371
2388,2376
2389,2370
2390,2373
2391,2375
2392,2373
2393,2379
2394,2379
2395,2381
2396,2382
2397,2380
2398,2381
2399,2380
2400,2382
2401,2385
2402,2386
2403,2386
2404,2385
2405,2389
2406,2389
2407,2390
2408,2391
2409,2392
2410,2389
2411,2397
2412,2396
2413,2397
2414,2398
2415,2399
2416,2400
2417,2395
2418,2402
2419,2403
2420,2407
2421,2405
2422,2404
2423,2403
2424,2407
2425,2407
2426,2411
2427,2409
2428,2409
2429,2411
2430,2414
2431,2412
2432,2412
2433,2417
2434,2415
2435,2416
2436,2418
2437,2416
2438,2417
2439,2425
2440,2419
2441,2424
2442,2424
2443,2424
2444,2427
2445,2428
2446,2431
2447,2427
2448,2431
2449,2436
2450,2435
2451,2435
2452,2436
2453,2433
2454,2442
2455,2436
2456,2442
2457,2439
2458,2441
2459,2445
2460,2441
2461,2447
2462,2446
2463,2444
2464,2450
2465,2445
2466,2453
2467,2452
2468,2451
2469,2452
2470,2454
2471,2455
2472,2459
2473,2457
2474,2461
2475,2453
2476,2460
2477,2460
2478,2459
2479,2461
2480,2463
2481,2463
2482,2465
2483,2467
2484,2465
2485,2468
2486,2466
2487,2473
2488,2471
2489,2475
2490,2476
2491,2471
2492,2475
2493,2475
2494,2473
2495,2477
2496,2477
2497,2481
2498,2477
2499,2479
2500,2481
2501,2480
2502,2482
2503,2487
2504,2486
2505,2491
2506,2486
2507,2492
2508,2489
2509,2489
2510,2495
2511,2494
2512,2495
2513,2493
2514,2494
2515,2498
2516,2494
2517,2499
2518,2502
2519,2501
2520,2506
2521,2504
2522,2508
2523,2507
2524,2508
2525,2507
2526,2509
2527,2511
2528,2511
2529,2510
2530,2514
2531,2511
2532,2510
2533,2519
2534,2515
2535,2519
2536,2520
2537,2519
2538,2520
2539,2518
2540,2523
2541,2521
2542,2523
2543,2526
2544,2525
2545,2530
2546,2529
2547,2530
2548,2531
2549,2531
2550,2531
2551,2531
2552,2536
2553,2537
2554,2533
2555,2538
2556,2543
2557,2538
2558,2542
2559,2537
2560,2541
2561,2545
2562,2542
2563,2545
2564,2542
2565,2549
2566,2544
2567,2543
2568,2547
2569,2547
2570,2552
2571,2553
2572,2552
2573,2554
2574,2556
2575,2557
2576,2560
2577,2558
2578,2555
2579,2561
2580,2562
2581,2566
2582,2566
2583,2566
2584,2568
2585,2564
2586,2568
2587,2569
2588,2568
2589,2571
2590,2573
2591,2577
2592,2575
2593,2576
2594,2578
2595,2578
2596,2583
2597,2580
2598,2578
2599,2586
2600,2581
2601,2582
2602,2582
2603,2587
2604,2591
2605,2584
2606,2589
2607,2590
2608,2587
2609,2592
2610,2588
2611,2594
2612,2595
2613,2597
2614,2601
2615,2597
2616,2599
2617,2597
2618,2600
2619,2605
2620,2603
2621,2606
2622,2602
2623,2603
2624,2605
2625,2607
2626,2606
2627,2611
2628,2609
2629,2613
2630,2615
2631,2611
2632,2618
2633,2615
2634,2618
2635,2614
2636,2616
2637,2618
2638,2618
2639,2624
2640,2619
2641,2621
2642,2626
2643,2620
2644,2626
2645,2626
2646,2630
2647,2633
2648,2627
2649,2631
2650,2633
2651,2633
2652,2632
2653,2631
2654,2635
2655,2635
2656,2639
2657,2638
2658,2639
2659,2640
2660,2639
2661,2639
2662,2646
2663,2641
2664,2648
2665,2642
2666,2646
2667,2649
2668,2646
2669,2649
2670,2653
2671,2651
2672,2655
2673,2657
2674,2656
2675,2658
2676,2656
2677,2660
2678,2659
2679,2657
2680,2661
2681,2659
2682,2665
2683,2670
2684,2663
2685,2666
2686,2668
2687,2669
2688,2669
2689,2668
2690,2670
2691,2670
2692,2675
2693,2673
2694,2671
2695,2678
2696,2676
2697,2679
2698,2679
2699,2679
2700,2681
2701,2679
2702,2684
2703,2688
2704,2685
2705,2690
2706,2689
2707,2686
2708,2693
2709,2691
2710,2693
2711,2688
2712,2695
2713,2693
2714,2695
2715,2697
2716,2696
2717,2699
2718,2702
2719,2697
2720,2700
2721,2704
2722,2702
2723,2707
2724,2702
2725,2703
2726,2707
2727,2704
2728,2710
2729,2710
2730,2708
2731,2714
2732,2711
2733,2713
2734,2716
2735,2712
2736,2716
2737,2719
2738,2717
2739,2719
2740,2718
2741,2722
2742,2723
2743,2722
2744,2722
2745,2726
2746,2731
2747,2724
2748,2727
2749,2732
2750,2727
2751,2736
2752,2732
2753,2733
2754,2735
2755,2735
2756,2741
2757,2733
2758,2741
2759,2737
2760,2740
2761,2742
2762,2743
2763,2739
2764,2745
2765,2745
2766,2749
2767,2747
2768,2749
2769,2752
2770,2750
2771,2752
2772,2752
2773,2748
2774,2757
2775,2755
2776,2758
2777,2754
2778,2759
2779,2760
2780,2758
2781,2763
2782,2763
2783,2759
2784,2764
2785,2764
2786,2768
2787,2769
2788,2768
2789,2772
2790,2770
2791,2768
2792,2770
2793,2769
2794,2772
2795,2775
2796,2774
2797,2776
2798,2777
2799,2783
2800,2780
2801,2783
2802,2785
2803,2778
2804,2782
2805,2783
2806,2784
2807,2790
2808,2789
2809,2789
2810,2794
2811,2791
2812,2791
2813,2790
2814,2794
2815,2800
2816,2795
2817,2797
2818,2798
2819,2796
2820,2802
2821,2797
2822,2803
2823,2803
2824,2805
2825,2807
2826,2806
2827,2809
2828,2806
2829,2807
2830,2809
2831,2806
2832,2813
2833,2812
2834,2815
2835,2814
2836,2814
2837,2816
2838,2814
2839,2819
2840,2821
2841,2821
2842,2820
2843,2822
2844,2820
2845,2824
2846,2822
2847,2829
2848,2826
2849,2828
2850,2831
2851,2829
2852,2830
2853,2835
2854,2829
2855,2835
2856,2835
2857,2837
2858,2837
2859,2837
2860,2838
2861,2838
2862,2837
2863,2841
2864,2840
2865,2846
2866,2842
2867,2845
2868,2847
2869,2844
2870,2849
2871,2851
2872,2846
2873,2853
2874,2853
2875,2852
2876,2857
2877,2856
2878,2859
2879,2855
2880,2860
2881,2859
2882,2858
2883,2862
2884,2864
2885,2863
2886,2866
2887,2861
2888,2871
2889,2868
2890,2869
2891,2871
2892,2868
2893,2874
2894,2870
2895,2872
2896,2875
2897,2871
2898,2881
2899,2880
2900,2878
2901,2883
2902,2876
2903,2880
2904,2884
2905,2881
2906,2886
2907,2888
2908,2886
2909,2891
2910,2883
2911,2889
2912,2887
2913,2893
2914,2891
2915,2892
2916,2897
2917,2897
2918,2896
2919,2899
2920,2895
2921,2899
2922,2900
2923,2900
2924,2903
2925,2899
2926,2903
2927,2904
2928,2906
2929,2912
2930,2908
2931,2912
2932,2907
2933,2908
2934,2916
2935,2912
2936,2913
2937,2912
2938,2914
2939,2917
2940,2919
2941,2920
2942,2918
2943,2921
2944,2927
2945,2923
2946,2924
2947,2925
2948,2928
2949,2927
2950,2925
2951,2925
2952,2933
2953,2927
2954,2935
2955,2934
2956,2937
2957,2938
2958,2936
2959,2939
2960,2937
2961,2937
2962,2940
2963,2939
2964,2940
2965,2942
2966,2941
2967,2950
2968,2945
2969,2948
2970,2950
2971,2945
2972,2952
2973,2952
2974,2954
2975,2955
2976,2954
2977,2954
2978,2952
2979,2960
2980,2959
2981,2960
2982,2960
2983,2962
2984,2962
2985,2960
2986,2960
2987,2964
2988,2965
2989,2964
2990,2970
2991,2970
2992,2968
2993,2972
2994,2974
2995,2975
2996,2974
2997,2976
2998,2979
2999,2980
3000,2982
3001,2977
3002,2978
3003,2984
3004,2982
3005,2984
3006,2983
3007,2987
3008,2990
3009,2986
3010,2990
3011,2985
3012,2990
3013,2992
3014,2987
3015,2994
3016,2991
3017,2995
3018,3000
3019,2994
3020,2996
3021,2994
3022,3002
3023,3006
3024,2999
3025,3005
3026,3007
3027,3003
3028,3005
3029,3002
3030,3012
3031,3012
3032,3011
3033,3010
3034,3011
3035,3013
3036,3013
3037,3017
3038,3016
3039,3011
3040,3022
3041,3017
3042,3021
3043,3022
3044,3023
3045,3024
3046,3026
3047,3020
3048,3023
3049,3026
3050,3029
3051,3033
3052,3031
3053,3032
3054,3032
3055,3028
3056,3034
3057,3031
3058,3039
3059,3039
3060,3034
3061,3037
3062,3036
3063,3039
3064,3039
3065,3042
3066,3042
3067,3040
3068,3048
3069,3043
3070,3047
3071,3050
3072,3047
3073,3047
3074,3051
3075,3049
3076,3052
3077,3051
3078,3053
3079,3059
3080,3054
3081,3064
3082,3056
3083,3058
3084,3060
3085,3058
3086,3062
3087,3061
3088,3069
3089,3068
3090,3064
3091,3066
3092,3067
3093,3065
3094,3072
3095,3069
3096,3075
3097,3070
3098,3070
3099,3078
3100,3073
3101,3076
3102,3075
3103,3080
3104,3079
3105,3081
3106,3080
3107,3083
3108,3080
3109,3084
3110,3087
3111,3092
3112,3088
3113,3086
3114,3092
3115,3089
3116,3091
3117,3099
3118,3091
3119,3096
3120,3097
3121,3101
3122,3103
3123,3096
3124,3104
3125,3102
3126,3104
3127,3104
3128,3103
3129,3110
3130,3105
3131,3107
3132,3114
3133,3111
3134,3113
3135,3114
3136,3108
3137,3113
3138,3113
3139,3114
3140,3122
3141,3115
3142,3121
3143,3117
3144,3118
3145,3123
3146,3123
3147,3124
3148,3122
3149,3126
3150,3132
3151,3124
3152,3129
3153,3132
3154,3128
3155,3135
3156,3130
3157,3136
3158,3132
3159,3133
3160,3141
3161,3136
3162,3139
3163,3139
3164,3143
3165,3144
3166,3140
3167,3143
3168,3143
3169,3142
3170,3145
3171,3146
3172,3150
3173,3151
3174,3146
3175,3150
3176,3149
3177,3152
3178,3155
3179,3156
3180,3161
3181,3158
3182,3160
3183,3160
3184,3164
3185,3163
3186,3162
3187,3162
3188,3162
3189,3165
3190,3166
3191,3166
3192,3164
3193,3168
3194,3171
3195,3168
3196,3170
3197,3170
3198,3168
3199,3174
3200,3173
3201,3176
3202,3176
3203,3179
3204,3181
3205,3178
3206,3184
3207,3181
3208,3185
3209,3185
3210,3183
3211,3190
3212,3192
3213,3190
3214,3191
3215,3191
3216,3192
3217,3193
3218,3190
3219,3192
3220,3192
3221,3194
3222,3200
3223,3194
3224,3199
3225,3197
3226,3201
3227,3204
3228,3202
3229,3204
3230,3205
3231,3202
3232,3207
3233,3206
3234,3211
3235,3215
3236,3208
3237,3213
3238,3209
3239,3212
3240,3217
3241,3214
3242,3222
3243,3215
3244,3222
3245,3221
3246,3217
3247,3225
3248,3226
3249,3228
3250,3225
3251,3221
3252,3230
3253,3229
3254,3231
3255,3233
3256,3227
3257,3235
3258,3233
3259,3235
3260,3234
3261,3232
3262,3240
3263,3240
3264,3237
3265,3244
3266,3242
3267,3248
3268,3244
3269,3242
3270,3248
3271,3246
3272,3252
3273,3250
3274,3247
3275,3252
3276,3251
3277,3249
3278,3254
3279,3255
3280,3253
3281,3259
3282,3262
3283,3263
3284,3255
3285,3261
3286,3262
3287,3258
3288,3263
3289,3260
3290,3269
3291,3269
3292,3264
3293,3272
3294,3267
3295,3274
3296,3275
3297,3269
3298,3272
3299,3270
3300,3277
3301,3278
3302,3273
3303,3282
3304,3280
3305,3278
3306,3283
3307,3284
3308,3285
3309,3281
3310,3287
3311,3290
3312,3285
3313,3293
3314,3290
3315,3294
3316,3295
3317,3288
3318,3294
3319,3298
3320,3295
3321,3295
3322,3293
3323,3296
3324,3300
3325,3297
3326,3302
3327,3303
3328,3306
3329,3306
3330,3302
3331,3307
3332,3305
3333,3307
3334,3312
3335,3311
3336,3312
3337,3312
3338,3317
3339,3318
3340,3314
3341,3316
3342,3319
3343,3320
3344,3319
3345,3321
3346,3320
3347,3321
3348,3325
3349,3325
3350,3326
3351,3330
3352,3330
3353,3327
3354,3327
3355,3327
3356,3334
3357,3331
3358,3330
3359,3335
3360,3336
3361,3335
3362,3337
3363,3339
3364,3342
3365,3335
3366,3343
3367,3343
3368,3342
3369,3344
3370,3344
3371,3343
3372,3347
3373,3345
3374,3349
3375,3347
3376,3352
3377,3352
3378,3348
3379,3357
3380,3354
3381,3355
3382,3360
3383,3355
3384,3363
3385,3363
3386,3358
3387,3364
3388,3359
3389,3366
3390,3363
3391,3363
3392,3366
3393,3368
3394,3369
3395,3367
3396,3367
3397,3374
3398,3371
3399,3371
3400,3371
3401,3373
3402,3380
3403,3372
3404,3378
3405,3378
3406,3380
3407,3380
3408,3383
3409,3382
3410,3384
3411,3383
3412,3387
3413,3386
3414,3390
3415,3393
3416,3388
3417,3396
3418,3396
3419,3391
3420,3398
3421,3392
3422,3394
3423,3399
3424,3396
3425,3401
3426,3401
3427,3404
3428,3403
3429,3398
3430,3407
3431,3403
3432,3408
3433,3407
3434,3403
3435,3414
3436,3406
3437,3412
3438,3414
3439,3412
3440,3419
3441,3412
3442,3413
3443,3419
3444,3413
3445,3424
3446,3419
3447,3419
3448,3420
3449,3423
3450,3425
3451,3425
3452,3423
3453,3425
3454,3424
3455,3431
3456,3430
3457,3433
3458,3434
3459,3434
3460,3435
3461,3434
3462,3437
3463,3438
3464,3436
3465,3438
3466,3440
3467,3436
3468,3441
3469,3444
3470,3445
3471,3446
3472,3444
3473,3448
3474,3446
3475,3447
3476,3449
3477,3444
3478,3455
3479,3451
3480,3454
3481,3455
3482,3456
3483,3455
3484,3458
3485,3459
3486,3459
3487,3460
3488,3466
3489,3463
3490,3464
3491,3469
3492,3463
3493,3470
3494,3467
3495,3468
3496,3468
3497,3467
3498,3475
3499,3470
3500,3476
3501,3477
3502,3477
3503,3477
3504,3477
3505,3476
3506,3482
3507,3481
3508,3481
3509,3486
3510,3485
3511,3483
3512,3488
3513,3482
3514,3491
3515,3489
3516,3490
3517,3489
3518,3488
3519,3491
3520,3495
3521,3496
3522,3498
3523,3497
3524,3496
3525,3500
3526,3501
3527,3502
3528,3498
3529,3505
3530,3506
3531,3504
3532,3509
3533,3503
3534,3509
3535,3507
3536,3512
3537,3509
3538,3512
3539,3512
3540,3510
3541,3515
3542,3517
3543,3517
3544,3521
3545,3521
3546,3518
3547,3519
3548,3519
3549,3524
3550,3519
3551,3525
3552,3525
3553,3527
3554,3525
3555,3534
3556,3530
3557,3533
3558,3533
3559,3531
3560,3534
3561,3529
3562,3534
3563,3535
3564,3538
3565,3540
3566,3539
3567,3540
3568,3541
3569,3544
3570,3543
3571,3543
3572,3546
3573,3547
3574,3545
3575,3549
3576,3547
3577,3550
3578,3550
3579,3553
3580,3556
3581,3555
3582,3555
3583,3558
3584,3553
3585,3557
3586,3555
3587,3558
3588,3558
3589,3564
3590,3567
3591,3565
3592,3566
3593,3568
3594,3566
3595,3572
3596,3567
3597,3569
3598,3574
3599,3571
3600,3577
3601,3577
3602,3572
3603,3580
3604,3579
3605,3577
3606,3580
3607,3576
3608,3579
3609,3580
3610,3578
3611,3586
3612,3582
3613,3590
3614,3584
3615,3585
3616,3586
3617,3587
3618,3594
3619,3595
3620,3591
3621,3596
3622,3590
3623,3599
3624,3598
3625,3601
3626,3596
3627,3600
3628,3600
3629,3598
3630,3602
3631,3606
3632,3604
3633,3607
3634,3605
3635,3607
3636,3609
3637,3607
3638,3609
3639,3610
3640,3614
3641,3612
3642,3609
3643,3615
3644,3616
3645,3620
3646,3619
3647,3619
3648,3623
3649,3623
3650,3618
3651,3626
3652,3626
3653,3626
3654,3628
3655,3623
3656,3632
3657,3628
3658,3630
3659,3629
3660,3628
3661,3637
3662,3634
3663,3633
3664,3636
3665,3635
3666,3643
3667,3641
3668,3637
3669,3646
3670,3642
3671,3646
3672,3641
3673,3648
3674,3649
3675,3647
3676,3647
3677,3652
3678,3652
3679,3653
3680,3648
3681,3658
3682,3654
3683,3658
3684,3661
3685,3659
3686,3661
3687,3660
3688,3658
3689,3661
3690,3657
3691,3666
3692,3665
3693,3664
3694,3669
3695,3667
3696,3670
3697,3667
3698,3670
3699,3668
3700,3673
3701,3671
3702,3674
3703,3674
3704,3678
3705,3677
3706,3680
3707,3682
3708,3681
3709,3682
3710,3678
3711,3679
3712,3682
3713,3681
3714,3686
3715,3689
3716,3688
3717,3691
3718,3685
3719,3692
3720,3688
3721,3694
3722,3694
3723,3697
3724,3696
3725,3694
3726,3694
3727,3702
3728,3697
3729,3700
3730,3700
3731,3702
3732,3706
3733,3704
3734,3706
3735,3706
3736,3705
3737,3712
3738,3706
3739,3710
3740,3711
3741,3711
3742,3711
3743,3719
3744,3712
3745,3718
3746,3713
3747,3717
3748,3717
3749,3720
3750,3719
3751,3719
3752,3722
3753,3726
3754,3722
3755,3729
3756,3729
3757,3728
3758,3731
3759,3729
3760,3730
3761,3735
3762,3733
3763,3738
3764,3736
3765,3738
3766,3738
3767,3740
3768,3742
3769,3736
3770,3741
3771,3742
3772,3743
3773,3746
3774,3746
3775,3750
3776,3744
3777,3748
3778,3754
3779,3746
3780,3756
3781,3756
3782,3753
3783,3756
3784,3756
3785,3759
3786,3754
3787,3762
3788,3760
3789,3762
3790,3763
3791,3767
3792,3759
3793,3764
3794,3765
3795,3763
3796,3766
3797,3764
3798,3767
3799,3773
3800,3771
3801,3774
3802,3770
3803,3779
3804,3779
3805,3772
3806,3782
3807,3780
3808,3782
3809,3780
3810,3783
3811,3782
3812,3779
3813,3785
3814,3787
3815,3786
3816,3790
3817,3787
3818,3790
3819,3793
3820,3792
3821,3795
3822,3794
3823,3795
3824,3799
3825,3795
3826,3799
3827,3798
3828,3796
3829,3802
3830,3797
3831,3804
3832,3800
3833,3800
3834,3805
3835,3807
3836,3808
3837,3806
3838,3809
3839,3810
3840,3812
3841,3814
3842,3816
3843,3810
3844,3818
3845,3814
3846,3820
3847,3819
3848,3819
3849,3824
3850,3824
3851,3825
3852,3821
3853,3826
3854,3824
3855,3823
3856,3825
3857,3828
3858,3830
3859,3831
3860,3832
3861,3832
3862,3836
3863,3832
3864,3839
3865,3837
3866,3840
3867,3843
3868,3837
3869,3840
3870,3843
3871,3838
3872,3845
3873,3840
3874,3848
3875,3850
3876,3845
3877,3850
3878,3846
3879,3848
3880,3855
3881,3852
3882,3852
3883,3855
3884,3854
3885,3859
3886,3856
3887,3861
3888,3862
3889,3861
3890,3865
3891,3862
3892,3864
3893,3860
3894,3865
3895,3864
3896,3866
3897,3866
3898,3867
3899,3871
3900,3875
3901,3868
3902,3870
3903,3870
3904,3876
3905,3876
3906,3875
3907,3878
3908,3879
3909,3878
3910,3885
3911,3882
3912,3881
3913,3880
3914,3882
3915,3884
3916,3888
3917,3887
3918,3886
3919,3885
3920,3895
3921,3893
3922,3891
3923,3896
3924,3890
3925,3895
3926,3893
3927,3895
3928,3903
3929,3901
3930,3900
3931,3903
3932,3897
3933,3907
3934,3901
3935,3908
3936,3910
3937,3908
3938,3912
3939,3908
3940,3912
3941,3910
3942,3913
3943,3915
3944,3912
3945,3912
3946,3920
3947,3919
3948,3917
3949,3918
3950,3921
3951,3926
3952,3922
3953,3922
3954,3922
3955,3927
3956,3928
3957,3929
3958,3932
3959,3926
3960,3933
3961,3936
3962,3932
3963,3938
3964,3937
3965,3931
3966,3937
3967,3934
3968,3937
3969,3937
3970,3938
3971,3941
3972,3939
3973,3938
3974,3943
3975,3942
3976,3944
3977,3949
3978,3948
3979,3952
3980,3951
3981,3952
3982,3953
3983,3952
3984,3956
3985,3952
3986,3959
3987,3955
3988,3954
3989,3959
3990,3955
3991,3960
3992,3961
3993,3961
3994,3965
3995,3962
3996,3965
3997,3967
3998,3968
3999,3974
4000,3969
4001,3972
4002,3970
4003,3970
4004,3974
4005,3972
4006,3978
4007,3976
4008,3975
4009,3979
4010,3982
4011,3982
4012,3984
4013,3979
4014,3985
4015,3980
4016,3988
4017,3985
4018,3985
4019,3988
4020,3993
4021,3992
4022,3992
4023,3994
4024,3991
4025,3997
4026,3994
4027,3995
4028,3995
4029,4002
4030,4003
4031,4002
4032,4004
4033,3999
4034,4002
4035,4008
4036,4002
4037,4007
4038,4006
4039,4004
4040,4013
4041,4012
4042,4012
4043,4012
4044,4012
4045,4013
4046,4011
4047,4017
4048,4017
4049,4019
4050,4024
4051,4015
4052,4024
4053,4020
4054,4023
4055,4028
4056,4025
4057,4024
4058,4025
4059,4030
4060,4032
4061,4025
4062,4031
4063,4032
4064,4030
4065,4039
4066,4032
4067,4036
4068,4039
4069,4033
4070,4043
4071,4043
4072,4043
4073,4046
4074,4045
4075,4046
4076,4047
4077,4046
4078,4047
4079,4047
4080,4047
4081,4053
4082,4052
4083,4055
4084,4047
4085,4055
4086,4051
4087,4050
4088,4054
4089,4055
4090,4062
4091,4061
4092,4055
4093,4058
4094,4059
4095,4055
