0,4
1,4
2,6
3,5
4,6
5,5
6,10
7,5
8,13
9,8
10,8
11,16
12,10
13,15
14,16
15,17
16,18
17,18
18,18
19,19
20,21
21,26
22,23
23,25
24,25
25,24
26,28
27,28
28,31
29,30
30,27
31,36
32,34
33,34
34,38
35,33
36,42
37,34
38,40
39,41
40,38
41,41
42,41
43,44
44,49
45,47
46,47
47,46
48,49
49,53
50,48
51,55
52,51
53,52
54,58
55,54
56,59
57,57
58,61
59,64
60,61
61,63
62,61
63,62
64,66
65,62
66,66
67,64
68,68
69,73
70,69
71,73
72,73
73,75
74,77
75,75
76,71
77,81
78,75
79,78
80,83
81,80
82,84
83,78
84,85
85,87
86,83
87,91
88,87
89,91
90,91
91,89
92,96
93,91
94,95
95,97
96,94
97,97
98,95
99,100
100,101
101,98
102,105
103,100
104,103
105,107
106,102
107,106
108,108
109,108
110,110
111,107
112,115
113,111
114,115
115,114
116,116
117,116
118,116
119,122
120,124
121,121
122,124
123,120
124,122
125,125
126,122
127,126
128,126
129,131
130,133
131,130
132,131
133,131
134,136
135,134
136,135
137,140
138,135
139,137
140,141
141,138
142,141
143,148
144,138
145,143
146,147
147,146
148,152
149,143
150,149
151,148
152,151
153,157
154,152
155,157
156,157
157,154
158,160
159,155
160,161
161,158
162,161
163,166
164,162
165,166
166,165
167,163
168,171
169,166
170,172
171,169
172,168
173,176
174,173
175,174
176,176
177,173
178,179
179,174
180,178
181,179
182,178
183,183
184,178
185,186
186,182
187,182
188,190
189,186
190,192
191,192
192,191
193,197
194,193
195,195
196,194
197,192
198,197
199,198
200,199
201,198
202,198
203,203
204,205
205,196
206,207
207,203
208,209
209,210
210,205
211,212
212,208
213,209
214,212
215,210
216,218
217,212
218,217
219,221
220,216
221,221
222,220
223,221
224,223
225,220
226,229
227,224
228,226
229,229
230,224
231,229
232,230
233,230
234,233
235,233
236,234
237,236
238,239
239,238
240,234
241,239
242,238
243,242
244,247
245,243
246,245
247,245
248,248
249,251
250,244
251,249
252,256
253,249
254,252
255,253
256,254
257,256
258,253
259,260
260,261
261,259
262,264
263,260
264,266
265,264
266,265
267,270
268,264
269,270
270,268
271,267
272,272
273,271
274,273
275,274
276,274
277,278
278,276
279,278
280,276
281,280
282,284
283,281
284,284
285,281
286,282
287,286
288,283
289,288
290,288
291,290
292,291
293,291
294,291
295,296
296,291
297,295
298,294
299,300
300,300
301,301
302,301
303,297
304,303
305,301
306,301
307,308
308,307
309,306
310,307
311,311
312,309
313,315
314,312
315,315
316,315
317,315
318,317
319,315
320,320
321,320
322,318
323,325
324,319
325,326
326,325
327,325
328,328
329,323
330,328
331,328
332,328
333,332
334,326
335,334
336,331
337,336
338,337
339,336
340,340
341,336
342,341
343,344
344,337
345,345
346,343
347,347
348,347
349,345
350,347
351,348
352,348
353,353
354,352
355,357
356,353
357,355
358,358
359,356
360,359
361,360
362,359
363,362
364,362
365,366
366,368
367,365
368,365
369,366
370,364
371,371
372,368
373,373
374,373
375,372
376,376
377,370
378,374
379,378
380,376
381,380
382,376
383,383
384,380
385,383
386,385
387,384
388,388
389,389
390,385
391,391
392,384
393,391
394,391
395,391
396,394
397,394
398,394
399,395
400,395
401,399
402,396
403,402
404,404
405,401
406,405
407,400
408,405
409,408
410,404
411,411
412,409
413,413
414,414
415,409
416,415
417,413
418,418
419,416
420,413
421,421
422,419
423,417
424,425
425,423
426,421
427,426
428,421
429,428
430,425
431,425
432,431
433,428
434,431
435,432
436,433
437,433
438,435
439,435
440,434
441,441
442,439
443,435
444,442
445,442
446,442
447,445
448,444
449,448
450,448
451,445
452,450
453,448
454,453
455,453
456,451
457,455
458,450
459,457
460,455
461,458
462,458
463,454
464,463
465,460
466,461
467,467
468,463
469,466
470,468
471,468
472,471
473,465
474,472
475,471
476,470
477,474
478,471
479,475
480,473
481,478
482,477
483,479
484,484
485,481
486,484
487,484
488,484
489,489
490,483
491,491
492,486
493,487
494,492
495,488
496,495
497,495
498,495
499,495
500,496
501,497
502,496
503,497
504,500
505,501
506,501
507,502
508,500
509,509
510,506
511,506
512,508
513,506
514,515
515,508
516,511
517,511
518,510
519,515
520,515
521,515
522,520
523,520
524,524
525,516
526,524
527,525
528,521
529,529
530,522
531,525
532,529
533,528
534,530
535,530
536,532
537,535
538,532
539,533
540,539
541,534
542,537
543,535
544,542
545,547
546,538
547,545
548,542
549,543
550,549
551,542
552,550
553,545
554,549
555,551
556,550
557,552
558,552
559,552
560,555
561,555
562,559
563,559
564,561
565,564
566,562
567,562
568,560
569,567
570,567
571,563
572,568
573,566
574,567
575,574
576,570
577,574
578,570
579,576
580,576
581,572
582,580
583,575
584,580
585,583
586,577
587,584
588,581
589,585
590,585
591,583
592,587
593,587
594,587
595,589
596,589
597,592
598,597
599,594
600,596
601,593
602,594
603,602
604,596
605,600
606,598
607,598
608,607
609,602
610,606
611,607
612,606
613,613
614,606
615,608
616,609
617,611
618,617
619,610
620,614
621,617
622,617
623,617
624,618
625,622
626,623
627,618
628,623
629,624
630,627
631,625
632,623
633,631
634,629
635,633
636,630
637,628
638,633
639,633
640,634
641,634
642,631
643,641
644,638
645,637
646,643
647,641
648,645
649,643
650,648
651,646
652,647
653,646
654,649
655,647
656,654
657,650
658,653
659,655
660,650
661,658
662,656
663,656
664,659
665,656
666,659
667,660
668,660
669,666
670,665
671,666
672,664
673,665
674,672
675,667
676,673
677,672
678,673
679,678
680,674
681,679
682,678
683,681
684,681
685,676
686,685
687,680
688,685
689,683
690,680
691,688
692,683
693,688
694,692
695,688
696,690
697,690
698,693
699,696
700,690
701,695
702,696
703,698
704,698
705,695
706,702
707,702
708,702
709,703
710,703
711,703
712,706
713,708
714,710
715,707
716,707
717,713
718,712
719,716
720,715
721,714
722,722
723,713
724,718
725,717
726,720
727,726
728,720
729,723
730,723
731,724
732,730
733,723
734,731
735,730
736,731
737,731
738,731
739,735
740,734
741,731
742,740
743,739
744,739
745,739
746,740
747,742
748,743
749,742
750,743
751,742
752,751
753,747
754,747
755,751
756,746
757,752
758,748
759,757
760,755
761,752
762,759
763,759
764,758
765,758
766,759
767,761
768,762
769,761
770,763
771,762
772,764
773,773
774,768
775,773
776,772
777,774
778,773
779,771
780,779
781,771
782,776
783,778
784,775
785,782
786,779
787,780
788,787
789,783
790,784
791,785
792,789
793,792
794,789
795,790
796,789
797,794
798,796
799,790
800,797
801,797
802,798
803,802
804,799
805,801
806,802
807,800
808,806
809,803
810,806
811,805
812,807
813,808
814,805
815,811
816,809
817,808
818,817
819,809
820,812
821,820
822,816
823,818
824,816
825,819
826,823
827,818
828,828
829,821
830,820
831,828
832,825
833,828
834,825
835,827
836,834
837,828
838,834
839,831
840,834
841,839
842,833
843,837
844,837
845,838
846,845
847,841
848,845
849,843
850,841
851,847
852,845
853,849
854,847
855,845
856,855
857,850
858,855
859,857
860,850
861,857
862,855
863,859
864,858
865,856
866,864
867,861
868,863
869,863
870,865
871,866
872,864
873,870
874,869
875,867
876,874
877,872
878,869
879,876
880,874
881,875
882,880
883,877
884,881
885,877
886,884
887,884
888,879
889,886
890,883
891,886
892,890
893,887
894,892
895,886
896,893
897,891
898,890
899,895
900,893
901,895
902,899
903,896
904,903
905,899
906,903
907,905
908,901
909,904
910,902
911,904
912,911
913,904
914,907
915,907
916,907
917,916
918,912
919,916
920,913
921,916
922,918
923,916
924,918
925,920
926,919
927,922
928,920
929,924
930,923
931,923
932,926
933,927
934,927
935,931
936,926
937,935
938,931
939,932
940,935
941,935
942,941
943,939
944,939
945,941
946,937
947,939
948,943
949,943
950,947
951,941
952,947
953,947
954,947
955,952
956,950
957,950
958,955
959,951
960,956
961,951
962,959
963,956
964,958
965,962
966,959
967,962
968,961
969,959
970,967
971,965
972,967
973,967
974,966
975,968
976,966
977,974
978,973
979,973
980,977
981,974
982,979
983,980
984,974
985,981
986,980
987,982
988,983
989,982
990,984
991,984
992,986
993,988
994,986
995,986
996,990
997,987
998,995
999,995
1000,994
1001,993
1002,995
1003,1001
1004,997
1005,999
1006,1003
1007,1000
1008,1006
1009,1001
1010,1003
1011,1006
1012,1007
1013,1007
1014,1010
1015,1008
1016,1011
1017,1008
1018,1015
1019,1011
1020,1015
1021,1017
1022,1010
1023,1017
1024,1019
1025,1020
1026,1024
1027,1018
1028,1024
1029,1025
1030,1022
1031,1023
1032,1026
1033,1029
1034,1030
1035,1029
1036,1034
1037,1030
1038,1034
1039,1036
1040,1032
1041,1036
1042,1036
1043,1038
1044,1042
1045,1039
1046,1039
1047,1043
1048,1040
1049,1046
1050,1043
1051,1047
1052,1048
1053,1047
1054,1049
1055,1045
1056,1053
1057,1052
1058,1051
1059,1056
1060,1052
1061,1055
1062,1056
1063,1054
1064,1060
1065,1056
1066,1062
1067,1064
1068,1062
1069,1067
1070,1061
1071,1067
1072,1065
1073,1066
1074,1069
1075,1067
1076,1071
1077,1070
1078,1068
1079,1072
1080,1070
1081,1073
1082,1075
1083,1074
1084,1079
1085,1075
1086,1082
1087,1080
1088,1083
1089,1082
1090,1085
1091,1082
1092,1090
1093,1084
1094,1091
1095,1088
1096,1086
1097,1093
1098,1093
1099,1097
1100,1095
1101,1095
1102,1100
1103,1096
1104,1094
1105,1103
1106,1099
1107,1105
1108,1100
1109,1101
1110,1106
1111,1101
1112,1108
1113,1108
1114,1110
1115,1110
1116,1109
1117,1110
1118,1112
1119,1113
1120,1117
1121,1112
1122,1116
1123,1114
1124,1118
1125,1120
1126,1118
1127,1121
1128,1119
1129,1123
1130,1126
1131,1122
1132,1125
1133,1124
1134,1126
1135,1131
1136,1126
1137,1127
1138,1134
1139,1129
1140,1134
1141,1135
1142,1133
1143,1137
1144,1136
1145,1141
1146,1138
1147,1138
1148,1142
1149,1143
1150,1146
1151,1146
1152,1146
1153,1152
1154,1144
1155,1150
1156,1150
1157,1146
1158,1154
1159,1148
1160,1154
1161,1156
1162,1153
1163,1158
1164,1156
1165,1157
1166,1159
1167,1160
1168,1163
1169,1162
1170,1164
1171,1166
1172,1165
1173,1168
1174,1163
1175,1171
1176,1167
1177,1169
1178,1174
1179,1174
1180,1170
1181,1174
1182,1172
1183,1176
1184,1176
1185,1175
1186,1181
1187,1180
1188,1183
1189,1185
1190,1183
1191,1187
1192,1185
1193,1187
1194,1189
1195,1189
1196,1192
1197,1192
1198,1189
1199,1197
1200,1193
1201,1195
1202,1192
1203,1199
1204,1198
1205,1195
1206,1198
1207,1197
1208,1198
1209,1205
1210,1198
1211,1203
1212,1205
1213,1205
1214,1211
1215,1205
1216,1212
1217,1211
1218,1212
1219,1214
1220,1212
1221,1215
1222,1211
1223,1217
1224,1222
1225,1218
1226,1220
1227,1222
1228,1220
1229,1222
1230,1220
1231,1221
1232,1226
1233,1222
1234,1226
1235,1228
1236,1230
1237,1230
1238,1227
1239,1231
1240,1231
1241,1233
1242,1236
1243,1233
1244,1239
1245,1237
1246,1236
1247,1242
1248,1237
1249,1246
1250,1241
1251,1241
1252,1245
1253,1244
1254,1248
1255,1249
1256,1250
1257,1251
1258,1252
1259,1252
1260,1255
1261,1253
1262,1256
1263,1257
1264,1261
1265,1256
1266,1260
1267,1261
1268,1260
1269,1262
1270,1262
1271,1261
1272,1265
1273,1267
1274,1263
1275,1268
1276,1268
1277,1270
1278,1271
1279,1270
1280,1274
1281,1274
1282,1275
1283,1276
1284,1275
1285,1279
1286,1280
1287,1283
1288,1283
1289,1279
1290,1284
1291,1280
1292,1286
1293,1289
1294,1287
1295,1290
1296,1289
1297,1289
1298,1295
1299,1291
1300,1297
1301,1292
1302,1294
1303,1300
1304,1295
1305,1301
1306,1295
1307,1303
1308,1305
1309,1302
1310,1307
1311,1303
1312,1306
1313,1305
1314,1307
1315,1311
1316,1307
1317,1312
1318,1315
1319,1312
1320,1312
1321,1314
1322,1310
1323,1320
1324,1317
1325,1319
1326,1319
1327,1319
1328,1321
1329,1319
1330,1323
1331,1323
1332,1324
1333,1330
1334,1325
1335,1327
1336,1330
1337,1326
1338,1335
1339,1332
1340,1330
1341,1336
1342,1329
1343,1339
1344,1338
1345,1339
1346,1339
1347,1335
1348,1341
1349,1344
1350,1340
1351,1345
1352,1341
1353,1348
1354,1348
1355,1349
1356,1352
1357,1348
1358,1350
1359,1350
1360,1348
1361,1355
1362,1350
1363,1355
1364,1355
1365,1356
1366,1360
1367,1357
1368,1359
1369,1363
1370,1359
1371,1364
1372,1362
1373,1363
1374,1370
1375,1367
1376,1371
1377,1367
1378,1367
1379,1371
1380,1370
1381,1374
1382,1372
1383,1376
1384,1378
1385,1377
1386,1380
1387,1381
1388,1381
1389,1384
1390,1378
1391,1382
1392,1382
1393,1385
1394,1390
1395,1383
1396,1386
1397,1387
1398,1386
1399,1392
1400,1389
1401,1395
1402,1394
1403,1393
1404,1398
1405,1397
1406,1398
1407,1402
1408,1400
1409,1404
1410,1401
1411,1405
1412,1407
1413,1406
1414,1408
1415,1411
1416,1408
1417,1410
1418,1410
1419,1413
1420,1415
1421,1413
1422,1415
1423,1414
1424,1418
1425,1419
1426,1415
1427,1419
1428,1419
1429,1418
1430,1423
1431,1422
1432,1425
1433,1421
1434,1423
1435,1428
1436,1427
1437,1430
1438,1429
1439,1431
1440,1432
1441,1428
1442,1434
1443,1433
1444,1434
1445,1439
1446,1434
1447,1438
1448,1437
1449,1440
1450,1443
1451,1441
1452,1446
1453,1443
1454,1443
1455,1450
1456,1444
1457,1449
1458,1452
1459,1451
1460,1452
1461,1450
1462,1452
1463,1456
1464,1451
1465,1456
1466,1456
1467,1455
1468,1459
1469,1460
1470,1463
1471,1463
1472,1460
1473,1467
1474,1466
1475,1468
1476,1468
1477,1465
1478,1473
1479,1466
1480,1472
1481,1472
1482,1470
1483,1478
1484,1476
1485,1475
1486,1475
1487,1475
1488,1482
1489,1480
1490,1483
1491,1480
1492,1479
1493,1485
1494,1485
1495,1486
1496,1488
1497,1487
1498,1493
1499,1487
1500,1491
1501,1494
1502,1494
1503,1493
1504,1494
1505,1497
1506,1500
1507,1495
1508,1498
1509,1502
1510,1497
1511,1504
1512,1501
1513,1506
1514,1504
1515,1505
1516,1507
1517,1504
1518,1509
1519,1511
1520,1509
1521,1513
1522,1508
1523,1515
1524,1518
1525,1514
1526,1518
1527,1516
1528,1520
1529,1523
1530,1516
1531,1521
1532,1525
1533,1521
1534,1527
1535,1524
1536,1528
1537,1528
1538,1527
1539,1530
1540,1530
1541,1536
1542,1529
1543,1534
1544,1538
1545,1532
1546,1538
1547,1535
1548,1535
1549,1543
1550,1539
1551,1544
1552,1540
1553,1539
1554,1547
1555,1543
1556,1547
1557,1547
1558,1548
1559,1553
1560,1553
1561,1548
1562,1552
1563,1551
1564,1554
1565,1554
1566,1557
1567,1559
1568,1555
1569,1559
1570,1560
1571,1558
1572,1565
1573,1558
1574,1563
1575,1562
1576,1563
1577,1567
1578,1567
1579,1570
1580,1570
1581,1568
1582,1576
1583,1570
1584,1575
1585,1572
1586,1575
1587,1582
1588,1574
1589,1580
1590,1577
1591,1578
1592,1581
1593,1578
1594,1586
1595,1585
1596,1584
1597,1589
1598,1584
1599,1586
1600,1589
1601,1590
1602,1592
1603,1593
1604,1592
1605,1596
1606,1596
1607,1599
1608,1596
1609,1599
1610,1599
1611,1597
1612,1601
1613,1601
1614,1600
1615,1605
1616,1603
1617,1605
1618,1607
1619,1609
1620,1612
1621,1611
1622,1611
1623,1613
1624,1610
1625,1618
1626,1614
1627,1616
1628,1619
1629,1617
1630,1621
1631,1621
1632,1620
1633,1622
1634,1620
1635,1626
1636,1622
1637,1628
1638,1628
1639,1626
1640,1633
1641,1627
1642,1630
1643,1634
1644,1630
1645,1636
1646,1637
1647,1638
1648,1636
1649,1635
1650,1637
1651,1640
1652,1637
1653,1646
1654,1644
1655,1642
1656,1647
1657,1644
1658,1647
1659,1645
1660,1652
1661,1656
1662,1647
1663,1654
1664,1654
1665,1654
1666,1659
1667,1652
1668,1657
1669,1661
1670,1656
1671,1661
1672,1661
1673,1661
1674,1663
1675,1662
1676,1667
1677,1665
1678,1669
1679,1666
1680,1670
1681,1674
1682,1670
1683,1674
1684,1671
1685,1671
1686,1678
1687,1674
1688,1682
1689,1677
1690,1681
1691,1682
1692,1679
1693,1681
1694,1686
1695,1683
1696,1684
1697,1684
1698,1687
1699,1690
1700,1685
1701,1689
1702,1691
1703,1692
1704,1694
1705,1692
1706,1694
1707,1696
1708,1696
1709,1702
1710,1697
1711,1697
1712,1702
1713,1702
1714,1704
1715,1700
1716,1706
1717,1705
1718,1705
1719,1711
1720,1703
1721,1707
1722,1708
1723,1711
1724,1716
1725,1711
1726,1714
1727,1713
1728,1713
1729,1717
1730,1718
1731,1722
1732,1723
1733,1719
1734,1725
1735,1721
1736,1723
1737,1727
1738,1726
1739,1725
1740,1727
1741,1727
1742,1731
1743,1731
1744,1734
1745,1731
1746,1732
1747,1738
1748,1734
1749,1739
1750,1738
1751,1735
1752,1741
1753,1738
1754,1741
1755,1746
1756,1745
1757,1744
1758,1744
1759,1749
1760,1753
1761,1749
1762,1754
1763,1751
1764,1749
1765,1756
1766,1750
1767,1756
1768,1756
1769,1756
1770,1761
1771,1754
1772,1761
1773,1760
1774,1761
1775,1764
1776,1761
1777,1767
1778,1764
1779,1768
1780,1768
1781,1767
1782,1771
1783,1769
1784,1770
1785,1774
1786,1777
1787,1777
1788,1780
1789,1777
1790,1780
1791,1778
1792,1777
1793,1782
1794,1779
1795,1787
1796,1785
1797,1789
1798,1785
1799,1787
1800,1792
1801,1791
1802,1786
1803,1795
1804,1790
1805,1792
1806,1794
1807,1793
1808,1800
1809,1795
1810,1801
1811,1801
1812,1799
1813,1803
1814,1803
1815,1806
1816,1802
1817,1803
1818,1809
1819,1808
1820,1811
1821,1811
1822,1810
1823,1812
1824,1811
1825,1816
1826,1812
1827,1815
1828,1816
1829,1816
1830,1819
1831,1817
1832,1819
1833,1819
1834,1823
1835,1818
1836,1823
1837,1823
1838,1823
1839,1829
1840,1827
1841,1832
1842,1825
1843,1830
1844,1835
1845,1831
1846,1838
1847,1835
1848,1834
1849,1840
1850,1832
1851,1840
1852,1839
1853,1840
1854,1844
1855,1842
1856,1846
1857,1841
1858,1848
1859,1849
1860,1846
1861,1849
1862,1846
1863,1851
1864,1851
1865,1851
1866,1855
1867,1854
1868,1855
1869,1859
1870,1854
1871,1858
1872,1858
1873,1860
1874,1863
1875,1862
1876,1868
1877,1861
1878,1862
1879,1867
1880,1868
1881,1867
1882,1873
1883,1868
1884,1871
1885,1869
1886,1873
1887,1876
1888,1870
1889,1878
1890,1875
1891,1880
1892,1882
1893,1875
1894,1881
1895,1880
1896,1885
1897,1888
1898,1886
1899,1890
1900,1885
1901,1886
1902,1893
1903,1886
1904,1891
1905,1890
1906,1892
1907,1901
1908,1894
1909,1900
1910,1894
1911,1899
1912,1903
1913,1900
1914,1903
1915,1900
1916,1904
1917,1908
1918,1905
1919,1909
1920,1905
1921,1907
1922,1912
1923,1909
1924,1914
1925,1915
1926,1910
1927,1913
1928,1915
1929,1915
1930,1919
1931,1917
1932,1921
1933,1921
1934,1920
1935,1924
1936,1920
1937,1924
1938,1923
1939,1923
1940,1931
1941,1927
1942,1930
1943,1929
1944,1930
1945,1936
1946,1934
1947,1934
1948,1933
1949,1932
1950,1938
1951,1938
1952,1940
1953,1942
1954,1938
1955,1945
1956,1939
1957,1946
1958,1944
1959,1943
1960,1946
1961,1948
1962,1950
1963,1953
1964,1947
1965,1952
1966,1948
1967,1954
1968,1955
1969,1956
1970,1956
1971,1958
1972,1957
1973,1961
1974,1960
1975,1963
1976,1964
1977,1962
1978,1968
1979,1962
1980,1968
1981,1967
1982,1967
1983,1972
1984,1968
1985,1972
1986,1973
1987,1972
1988,1976
1989,1972
1990,1974
1991,1981
1992,1975
1993,1981
1994,1977
1995,1981
1996,1982
1997,1982
1998,1986
1999,1984
2000,1987
2001,1989
2002,1984
2003,1996
2004,1987
2005,1992
2006,1996
2007,1991
2008,1996
2009,1993
2010,1995
2011,2000
2012,1996
2013,1998
2014,1997
2015,2002
2016,2003
2017,2002
2018,2003
2019,2005
2020,2002
2021,2010
2022,2007
2023,2006
2024,2014
2025,2012
2026,2012
2027,2013
2028,2012
2029,2015
2030,2011
2031,2020
2032,2017
2033,2016
2034,2021
2035,2022
2036,2025
2037,2026
2038,2022
2039,2030
2040,2020
2041,2026
2042,2028
2043,2028
2044,2033
2045,2031
2046,2035
2047,2038
2048,2031
2049,2036
2050,2034
2051,2036
2052,2036
2053,2036
2054,2044
2055,2037
2056,2045
2057,2042
2058,2045
2059,2050
2060,2047
2061,2046
2062,2051
2063,2049
2064,2054
2065,2051
2066,2048
2067,2056
2068,2053
2069,2056
2070,2058
2071,2055
2072,2058
2073,2061
2074,2058
2075,2061
2076,2062
2077,2067
2078,2062
2079,2063
2080,2069
2081,2064
2082,2072
2083,2070
2084,2073
2085,2075
2086,2067
2087,2077
2088,2069
2089,2073
2090,2079
2091,2075
2092,2081
2093,2081
2094,2082
2095,2083
2096,2079
2097,2086
2098,2085
2099,2086
2100,2086
2101,2082
2102,2089
2103,2088
2104,2092
2105,2091
2106,2088
2107,2094
2108,2092
2109,2097
2110,2094
2111,2098
2112,2099
2113,2099
2114,2098
2115,2102
2116,2103
2117,2103
2118,2103
2119,2101
2120,2105
2121,2106
2122,2104
2123,2113
2124,2109
2125,2111
2126,2113
2127,2110
2128,2117
2129,2110
2130,2118
2131,2115
2132,2115
2133,2120
2134,2120
2135,2121
2136,2119
2137,2119
2138,2122
2139,2120
2140,2127
2141,2125
2142,2128
2143,2130
2144,2128
2145,2134
2146,2131
2147,2131
2148,2136
2149,2129
2150,2135
2151,2138
2152,2133
2153,2141
2154,2135
2155,2138
2156,2140
2157,2141
2158,2144
2159,2145
2160,2142
2161,2149
2162,2145
2163,2147
2164,2151
2165,2150
2166,2151
2167,2151
2168,2154
2169,2153
2170,2153
2171,2157
2172,2156
2173,2158
2174,2158
2175,2160
2176,2161
2177,2162
2178,2165
2179,2160
2180,2165
2181,2169
2182,2167
2183,2171
2184,2172
2185,2165
2186,2171
2187,2170
2188,2172
2189,2174
2190,2171
2191,2179
2192,2174
2193,2179
2194,2180
2195,2178
2196,2184
2197,2179
2198,2186
2199,2185
2200,2183
2201,2188
2202,2183
2203,2187
2204,2188
2205,2191
2206,2188
2207,2194
2208,2187
2209,2197
2210,2194
2211,2198
2212,2200
2213,2195
2214,2202
2215,2201
2216,2198
2217,2205
2218,2202
2219,2202
2220,2206
2221,2208
2222,2211
2223,2207
2224,2209
2225,2207
2226,2208
2227,2215
2228,2209
2229,2213
2230,2213
2231,2213
2232,2218
2233,2215
2234,2221
2235,2218
2236,2220
2237,2221
2238,2222
2239,2226
2240,2227
2241,2226
2242,2230
2243,2224
2244,2228
2245,2230
2246,2229
2247,2232
2248,2228
2249,2233
2250,2235
2251,2232
2252,2235
2253,2239
2254,2239
2255,2242
2256,2239
2257,2243
2258,2241
2259,2240
2260,2244
2261,2244
2262,2246
2263,2245
2264,2245
2265,2250
2266,2246
2267,2252
2268,2253
2269,2253
2270,2255
2271,2254
2272,2254
2273,2259
2274,2256
2275,2259
2276,2258
2277,2260
2278,2263
2279,2259
2280,2265
2281,2265
2282,2266
2283,2270
2284,2268
2285,2270
2286,2268
2287,2271
2288,2277
2289,2272
2290,2277
2291,2276
2292,2274
2293,2276
2294,2273
2295,2280
2296,2281
2297,2280
2298,2287
2299,2285
2300,2283
2301,2290
2302,2283
2303,2289
2304,2287
2305,2289
2306,2294
2307,2292
2308,2296
2309,2295
2310,2292
2311,2299
2312,2296
2313,2300
2314,2296
2315,2297
2316,2304
2317,2300
2318,2304
2319,2304
2320,2302
2321,2307
2322,2302
2323,2307
2324,2305
2325,2310
2326,2310
2327,2307
2328,2313
2329,2315
2330,2313
2331,2315
2332,2315
2333,2319
2334,2319
2335,2319
2336,2323
2337,2319
2338,2322
2339,2323
2340,2323
2341,2329
2342,2325
2343,2326
2344,2333
2345,2329
2346,2330
2347,2334
2348,2330
2349,2336
2350,2335
2351,2337
2352,2335
2353,2337
2354,2339
2355,2336
2356,2342
2357,2340
2358,2338
2359,2343
2360,2344
2361,2344
2362,2342
2363,2343
2364,2352
2365,2348
2366,2353
2367,2350
2368,2348
2369,2353
2370,2352
2371,2354
2372,2357
2373,2352
2374,2357
2375,2356
2376,2362
2377,2359
2378,2360
2379,2366
2380,2363
2381,2366
2382,2364
2383,2366
2384,2372
2385,2365
2386,2368
2387,2370
2388,2369
2389,2373
2390,2372
2391,2372
2392,2379
2393,2374
2394,2377
2395,2382
2396,2375
2397,2380
2398,2380
2399,2385
2400,2383
2401,2384
2402,2388
2403,2388
2404,2386
2405,2391
2406,2386
2407,2394
2408,2389
2409,2395
2410,2397
2411,2395
2412,2399
2413,2396
2414,2396
2415,2402
2416,2396
2417,2400
2418,2400
2419,2400
2420,2406
2421,2401
2422,2404
2423,2402
2424,2408
2425,2411
2426,2406
2427,2412
2428,2410
2429,2413
2430,2414
2431,2414
2432,2415
2433,2418
2434,2419
2435,2422
2436,2415
2437,2417
2438,2425
2439,2416
2440,2424
2441,2424
2442,2426
2443,2426
2444,2424
2445,2430
2446,2432
2447,2429
2448,2434
2449,2433
2450,2433
2451,2430
2452,2438
2453,2437
2454,2431
2455,2438
2456,2437
2457,2440
2458,2443
2459,2437
2460,2446
2461,2445
2462,2443
2463,2447
2464,2444
2465,2450
2466,2447
2467,2448
2468,2450
2469,2451
2470,2451
2471,2456
2472,2451
2473,2454
2474,2454
2475,2456
2476,2457
2477,2459
2478,2464
2479,2458
2480,2466
2481,2464
2482,2461
2483,2468
2484,2472
2485,2467
2486,2469
2487,2467
2488,2473
2489,2475
2490,2468
2491,2475
2492,2471
2493,2479
2494,2478
2495,2476
2496,2483
2497,2479
2498,2482
2499,2480
2500,2481
2501,2483
2502,2481
2503,2485
2504,2484
2505,2487
2506,2491
2507,2484
2508,2489
2509,2494
2510,2492
2511,2492
2512,2491
2513,2494
2514,2495
2515,2493
2516,2504
2517,2500
2518,2500
2519,2505
2520,2504
2521,2504
2522,2504
2523,2505
2524,2508
2525,2502
2526,2509
2527,2511
2528,2511
2529,2515
2530,2512
2531,2515
2532,2519
2533,2511
2534,2515
2535,2516
2536,2517
2537,2519
2538,2518
2539,2523
2540,2523
2541,2525
2542,2528
2543,2525
2544,2530
2545,2526
2546,2526
2547,2532
2548,2523
2549,2529
2550,2530
2551,2534
2552,2535
2553,2531
2554,2540
2555,2538
2556,2539
2557,2544
2558,2542
2559,2539
2560,2543
2561,2545
2562,2550
2563,2540
2564,2552
2565,2546
2566,2545
2567,2552
2568,2551
2569,2549
2570,2554
2571,2552
2572,2559
2573,2557
2574,2556
2575,2557
2576,2554
2577,2559
2578,2563
2579,2563
2580,2563
2581,2563
2582,2566
2583,2563
2584,2562
2585,2571
2586,2568
2587,2568
2588,2573
2589,2570
2590,2575
2591,2572
2592,2572
2593,2574
2594,2575
2595,2578
2596,2575
2597,2581
2598,2579
2599,2582
2600,2586
2601,2581
2602,2585
2603,2584
2604,2586
2605,2589
2606,2584
2607,2591
2608,2593
2609,2588
2610,2595
2611,2588
2612,2592
2613,2593
2614,2592
2615,2601
2616,2599
2617,2600
2618,2598
2619,2597
2620,2601
2621,2600
2622,2602
2623,2604
2624,2605
2625,2605
2626,2607
2627,2604
2628,2612
2629,2613
2630,2610
2631,2612
2632,2610
2633,2613
2634,2615
2635,2619
2636,2620
2637,2619
2638,2618
2639,2616
2640,2620
2641,2625
2642,2618
2643,2628
2644,2623
2645,2625
2646,2630
2647,2624
2648,2634
2649,2627
2650,2629
2651,2635
2652,2632
2653,2637
2654,2636
2655,2635
2656,2640
2657,2637
2658,2639
2659,2638
2660,2643
2661,2646
2662,2641
2663,2647
2664,2644
2665,2648
2666,2648
2667,2644
2668,2649
2669,2652
2670,2651
2671,2655
2672,2652
2673,2649
2674,2655
2675,2651
2676,2655
2677,2659
2678,2658
2679,2661
2680,2660
2681,2666
2682,2663
2683,2664
2684,2666
2685,2667
2686,2669
2687,2665
2688,2669
2689,2670
2690,2671
2691,2669
2692,2674
2693,2670
2694,2679
2695,2672
2696,2677
2697,2679
2698,2678
2699,2685
2700,2681
2701,2687
2702,2679
2703,2682
2704,2689
2705,2683
2706,2686
2707,2685
2708,2684
2709,2692
2710,2691
2711,2694
2712,2692
2713,2692
2714,2695
2715,2696
2716,2698
2717,2701
2718,2694
2719,2697
2720,2705
2721,2699
2722,2707
2723,2703
2724,2704
2725,2708
2726,2701
2727,2711
2728,2709
2729,2712
2730,2713
2731,2712
2732,2711
2733,2708
2734,2715
2735,2715
2736,2717
2737,2717
2738,2720
2739,2717
2740,2719
2741,2721
2742,2725
2743,2720
2744,2724
2745,2728
2746,2723
2747,2730
2748,2724
2749,2728
2750,2731
2751,2731
2752,2734
2753,2730
2754,2732
2755,2735
2756,2731
2757,2735
2758,2738
2759,2740
2760,2742
2761,2738
2762,2744
2763,2739
2764,2744
2765,2741
2766,2747
2767,2748
2768,2747
2769,2755
2770,2752
2771,2749
2772,2756
2773,2754
2774,2756
2775,2757
2776,2756
2777,2756
2778,2754
2779,2759
2780,2758
2781,2763
2782,2765
2783,2758
2784,2763
2785,2762
2786,2765
2787,2772
2788,2769
2789,2768
2790,2766
2791,2768
2792,2773
2793,2773
2794,2778
2795,2773
2796,2772
2797,2777
2798,2776
2799,2780
2800,2780
2801,2783
2802,2787
2803,2783
2804,2786
2805,2782
2806,2786
2807,2789
2808,2784
2809,2787
2810,2790
2811,2786
2812,2794
2813,2790
2814,2795
2815,2794
2816,2798
2817,2795
2818,2798
2819,2796
2820,2803
2821,2800
2822,2803
2823,2804
2824,2802
2825,2808
2826,2803
2827,2808
2828,2806
2829,2808
2830,2809
2831,2808
2832,2813
2833,2813
2834,2811
2835,2813
2836,2813
2837,2816
2838,2820
2839,2818
2840,2818
2841,2816
2842,2821
2843,2824
2844,2823
2845,2825
2846,2819
2847,2827
2848,2827
2849,2827
2850,2832
2851,2828
2852,2828
2853,2832
2854,2834
2855,2833
2856,2834
2857,2834
2858,2837
2859,2838
2860,2841
2861,2844
2862,2840
2863,2845
2864,2837
2865,2841
2866,2845
2867,2841
2868,2848
2869,2846
2870,2847
2871,2852
2872,2850
2873,2849
2874,2854
2875,2852
2876,2858
2877,2854
2878,2856
2879,2859
2880,2858
2881,2860
2882,2857
2883,2865
2884,2864
2885,2865
2886,2864
2887,2860
2888,2871
2889,2864
2890,2870
2891,2874
2892,2869
2893,2874
2894,2870
2895,2874
2896,2877
2897,2876
2898,2878
2899,2877
2900,2881
2901,2881
2902,2877
2903,2879
2904,2881
2905,2884
2906,2887
2907,2888
2908,2884
2909,2889
2910,2889
2911,2892
2912,2893
2913,2891
2914,2895
2915,2894
2916,2898
2917,2896
2918,2897
2919,2901
2920,2898
2921,2897
2922,2898
2923,2897
2924,2908
2925,2903
2926,2902
2927,2903
2928,2904
2929,2909
2930,2907
2931,2907
2932,2911
2933,2911
2934,2913
2935,2909
2936,2913
2937,2916
2938,2916
2939,2920
2940,2915
2941,2920
2942,2921
2943,2920
2944,2923
2945,2919
2946,2923
2947,2927
2948,2923
2949,2927
2950,2927
2951,2929
2952,2935
2953,2928
2954,2929
2955,2936
2956,2938
2957,2937
2958,2933
2959,2934
2960,2936
2961,2936
2962,2941
2963,2938
2964,2940
2965,2942
2966,2941
2967,2947
2968,2941
2969,2949
2970,2947
2971,2944
2972,2951
2973,2945
2974,2954
2975,2957
2976,2948
2977,2953
2978,2956
2979,2959
2980,2959
2981,2955
2982,2960
2983,2957
2984,2958
2985,2962
2986,2961
2987,2964
2988,2963
2989,2964
2990,2968
2991,2968
2992,2972
2993,2971
2994,2974
2995,2975
2996,2975
2997,2976
2998,2977
2999,2975
3000,2979
3001,2975
3002,2979
3003,2979
3004,2982
3005,2981
3006,2983
3007,2980
3008,2991
3009,2987
3010,2990
3011,2985
3012,2989
3013,2989
3014,2987
3015,2994
3016,2995
3017,2992
3018,2996
3019,2996
3020,3000
3021,2999
3022,2999
3023,3001
3024,3001
3025,3007
3026,3002
3027,3006
3028,3009
3029,3008
3030,3012
3031,3005
3032,3012
3033,3013
3034,3010
3035,3015
3036,3014
3037,3015
3038,3019
3039,3011
3040,3015
3041,3018
3042,3018
3043,3025
3044,3019
3045,3023
3046,3024
3047,3021
3048,3028
3049,3028
3050,3023
3051,3033
3052,3028
3053,3032
3054,3029
3055,3032
3056,3037
3057,3033
3058,3036
3059,3039
3060,3034
3061,3039
3062,3038
3063,3040
3064,3044
3065,3039
3066,3047
3067,3046
3068,3047
3069,3044
3070,3048
3071,3047
3072,3048
3073,3052
3074,3050
3075,3050
3076,3058
3077,3052
3078,3053
3079,3059
3080,3054
3081,3058
3082,3056
3083,3058
3084,3066
3085,3060
3086,3068
3087,3066
3088,3063
3089,3068
3090,3064
3091,3070
3092,3069
3093,3069
3094,3071
3095,3074
3096,3080
3097,3077
3098,3074
3099,3081
3100,3077
3101,3079
3102,3078
3103,3079
3104,3083
3105,3078
3106,3086
3107,3080
3108,3086
3109,3090
3110,3087
3111,3091
3112,3092
3113,3091
3114,3095
3115,3093
3116,3091
3117,3095
3118,3091
3119,3101
3120,3098
3121,3099
3122,3098
3123,3101
3124,3100
3125,3104
3126,3099
3127,3105
3128,3104
3129,3107
3130,3107
3131,3105
3132,3108
3133,3106
3134,3115
3135,3112
3136,3111
3137,3114
3138,3117
3139,3113
3140,3119
3141,3117
3142,3117
3143,3121
3144,3119
3145,3121
3146,3123
3147,3122
3148,3123
3149,3124
3150,3126
3151,3128
3152,3129
3153,3128
3154,3130
3155,3133
3156,3133
3157,3132
3158,3136
3159,3133
3160,3141
3161,3138
3162,3137
3163,3138
3164,3136
3165,3142
3166,3139
3167,3144
3168,3141
3169,3142
3170,3147
3171,3143
3172,3149
3173,3147
3174,3146
3175,3155
3176,3151
3177,3156
3178,3157
3179,3156
3180,3160
3181,3158
3182,3161
3183,3161
3184,3166
3185,3155
3186,3162
3187,3161
3188,3163
3189,3164
3190,3162
3191,3170
3192,3166
3193,3165
3194,3174
3195,3171
3196,3171
3197,3170
3198,3174
3199,3180
3200,3173
3201,3179
3202,3177
3203,3175
3204,3183
3205,3178
3206,3181
3207,3185
3208,3184
3209,3185
3210,3180
3211,3189
3212,3190
3213,3190
3214,3191
3215,3187
3216,3192
3217,3189
3218,3195
3219,3197
3220,3190
3221,3201
3222,3197
3223,3198
3224,3200
3225,3197
3226,3205
3227,3206
3228,3201
3229,3209
3230,3208
3231,3206
3232,3209
3233,3207
3234,3211
3235,3213
3236,3207
3237,3217
3238,3209
3239,3218
3240,3214
3241,3213
3242,3219
3243,3219
3244,3221
3245,3218
3246,3223
3247,3227
3248,3224
3249,3226
3250,3225
3251,3227
3252,3227
3253,3229
3254,3230
3255,3233
3256,3231
3257,3231
3258,3236
3259,3235
3260,3238
3261,3231
3262,3241
3263,3236
3264,3241
3265,3239
3266,3239
3267,3245
3268,3242
3269,3246
3270,3245
3271,3243
3272,3252
3273,3244
3274,3251
3275,3253
3276,3250
3277,3255
3278,3259
3279,3253
3280,3257
3281,3255
3282,3257
3283,3262
3284,3257
3285,3264
3286,3260
3287,3260
3288,3264
3289,3265
3290,3266
3291,3268
3292,3269
3293,3272
3294,3271
3295,3269
3296,3268
3297,3272
3298,3275
3299,3274
3300,3274
3301,3277
3302,3277
3303,3282
3304,3277
3305,3283
3306,3283
3307,3280
3308,3287
3309,3285
3310,3285
3311,3287
3312,3283
3313,3289
3314,3290
3315,3294
3316,3293
3317,3293
3318,3299
3319,3290
3320,3295
3321,3298
3322,3297
3323,3296
3324,3302
3325,3297
3326,3305
3327,3300
3328,3305
3329,3307
3330,3303
3331,3310
3332,3308
3333,3309
3334,3310
3335,3308
3336,3317
3337,3313
3338,3313
3339,3312
3340,3311
3341,3320
3342,3317
3343,3319
3344,3320
3345,3316
3346,3321
3347,3323
3348,3324
3349,3322
3350,3324
3351,3325
3352,3323
3353,3330
3354,3328
3355,3327
3356,3334
3357,3329
3358,3337
3359,3338
3360,3334
3361,3336
3362,3337
3363,3340
3364,3341
3365,3342
3366,3342
3367,3341
3368,3344
3369,3345
3370,3343
3371,3341
3372,3350
3373,3345
3374,3348
3375,3351
3376,3348
3377,3352
3378,3351
3379,3352
3380,3356
3381,3357
3382,3356
3383,3358
3384,3357
3385,3358
3386,3363
3387,3361
3388,3362
3389,3365
3390,3367
3391,3364
3392,3366
3393,3363
3394,3372
3395,3366
3396,3373
3397,3373
3398,3370
3399,3377
3400,3373
3401,3373
3402,3381
3403,3372
3404,3380
3405,3378
3406,3381
3407,3380
3408,3377
3409,3382
3410,3385
3411,3387
3412,3391
3413,3388
3414,3389
3415,3393
3416,3395
3417,3397
3418,3394
3419,3395
3420,3395
3421,3392
3422,3399
3423,3399
3424,3399
3425,3402
3426,3397
3427,3403
3428,3400
3429,3402
3430,3403
3431,3406
3432,3404
3433,3405
3434,3408
3435,3412
3436,3410
3437,3409
3438,3411
3439,3413
3440,3412
3441,3413
3442,3413
3443,3416
3444,3415
3445,3421
3446,3420
3447,3420
3448,3420
3449,3420
3450,3426
3451,3421
3452,3428
3453,3426
3454,3426
3455,3430
3456,3429
3457,3434
3458,3434
3459,3429
3460,3436
3461,3438
3462,3435
3463,3441
3464,3439
3465,3441
3466,3443
3467,3438
3468,3443
3469,3440
3470,3446
3471,3447
3472,3445
3473,3446
3474,3446
3475,3449
3476,3454
3477,3446
3478,3453
3479,3452
3480,3455
3481,3458
3482,3451
3483,3455
3484,3459
3485,3455
3486,3464
3487,3458
3488,3463
3489,3461
3490,3460
3491,3467
3492,3461
3493,3467
3494,3464
3495,3468
3496,3468
3497,3469
3498,3476
3499,3474
3500,3471
3501,3478
3502,3476
3503,3478
3504,3475
3505,3480
3506,3477
3507,3479
3508,3477
3509,3482
3510,3480
3511,3483
3512,3485
3513,3491
3514,3492
3515,3485
3516,3488
3517,3492
3518,3494
3519,3496
3520,3489
3521,3494
3522,3493
3523,3492
3524,3500
3525,3496
3526,3501
3527,3497
3528,3503
3529,3503
3530,3500
3531,3504
3532,3505
3533,3507
3534,3509
3535,3506
3536,3509
3537,3507
3538,3513
3539,3513
3540,3514
3541,3517
3542,3513
3543,3515
3544,3517
3545,3515
3546,3517
3547,3522
3548,3519
3549,3520
3550,3523
3551,3522
3552,3527
3553,3526
3554,3525
3555,3528
3556,3527
3557,3534
3558,3530
3559,3528
3560,3536
3561,3536
3562,3535
3563,3534
3564,3534
3565,3540
3566,3536
3567,3537
3568,3539
3569,3541
3570,3542
3571,3542
3572,3549
3573,3546
3574,3549
3575,3546
3576,3548
3577,3549
3578,3548
3579,3551
3580,3556
3581,3552
3582,3552
3583,3553
3584,3559
3585,3560
3586,3559
3587,3563
3588,3562
3589,3563
3590,3566
3591,3560
3592,3566
3593,3564
3594,3567
3595,3570
3596,3565
3597,3566
3598,3568
3599,3570
3600,3572
3601,3574
3602,3573
3603,3576
3604,3572
3605,3578
3606,3578
3607,3582
3608,3580
3609,3578
3610,3582
3611,3584
3612,3583
3613,3589
3614,3582
3615,3586
3616,3588
3617,3589
3618,3590
3619,3587
3620,3590
3621,3596
3622,3591
3623,3595
3624,3593
3625,3598
3626,3597
3627,3597
3628,3599
3629,3598
3630,3600
3631,3600
3632,3601
3633,3610
3634,3604
3635,3605
3636,3609
3637,3605
3638,3614
3639,3607
3640,3611
3641,3614
3642,3615
3643,3617
3644,3617
3645,3615
3646,3615
3647,3616
3648,3622
3649,3618
3650,3621
3651,3626
3652,3626
3653,3626
3654,3624
3655,3626
3656,3626
3657,3628
3658,3631
3659,3630
3660,3627
3661,3635
3662,3629
3663,3634
3664,3635
3665,3637
3666,3639
3667,3638
3668,3642
3669,3638
3670,3638
3671,3641
3672,3639
3673,3641
3674,3650
3675,3648
3676,3651
3677,3649
3678,3651
3679,3652
3680,3651
3681,3652
3682,3651
3683,3653
3684,3654
3685,3652
3686,3658
3687,3656
3688,3657
3689,3659
3690,3660
3691,3664
3692,3664
3693,3665
3694,3668
3695,3668
3696,3669
3697,3670
3698,3665
3699,3673
3700,3672
3701,3674
3702,3674
3703,3671
3704,3680
3705,3677
3706,3677
3707,3682
3708,3675
3709,3683
3710,3683
3711,3684
3712,3682
3713,3679
3714,3687
3715,3688
3716,3685
3717,3687
3718,3688
3719,3689
3720,3694
3721,3693
3722,3691
3723,3688
3724,3698
3725,3696
3726,3697
3727,3699
3728,3695
3729,3699
3730,3699
3731,3702
3732,3704
3733,3703
3734,3706
3735,3704
3736,3708
3737,3712
3738,3707
3739,3708
3740,3712
3741,3712
3742,3712
3743,3714
3744,3715
3745,3719
3746,3716
3747,3720
3748,3721
3749,3720
3750,3721
3751,3721
3752,3720
3753,3721
3754,3723
3755,3729
3756,3726
3757,3726
3758,3728
3759,3725
3760,3729
3761,3730
3762,3734
3763,3736
3764,3734
3765,3736
3766,3732
3767,3740
3768,3738
3769,3736
3770,3745
3771,3742
3772,3742
3773,3742
3774,3742
3775,3749
3776,3745
3777,3750
3778,3751
3779,3749
3780,3756
3781,3754
3782,3751
3783,3757
3784,3752
3785,3760
3786,3756
3787,3757
3788,3763
3789,3759
3790,3758
3791,3766
3792,3763
3793,3766
3794,3763
3795,3764
3796,3770
3797,3768
3798,3768
3799,3771
3800,3773
3801,3773
3802,3770
3803,3773
3804,3775
3805,3775
3806,3778
3807,3778
3808,3777
3809,3780
3810,3777
3811,3780
3812,3782
3813,3787
3814,3787
3815,3789
3816,3790
3817,3788
3818,3792
3819,3792
3820,3792
3821,3795
3822,3789
3823,3793
3824,3796
3825,3798
3826,3797
3827,3793
3828,3802
3829,3801
3830,3801
3831,3802
3832,3806
3833,3802
3834,3807
3835,3807
3836,3810
3837,3807
3838,3809
3839,3810
3840,3810
3841,3811
3842,3814
3843,3815
3844,3814
3845,3817
3846,3815
3847,3818
3848,3819
3849,3824
3850,3815
3851,3819
3852,3821
3853,3819
3854,3829
3855,3825
3856,3826
3857,3826
3858,3826
3859,3829
3860,3827
3861,3830
3862,3833
3863,3830
3864,3833
3865,3835
3866,3835
3867,3835
3868,3838
3869,3839
3870,3835
3871,3841
3872,3839
3873,3843
3874,3845
3875,3845
3876,3848
3877,3848
3878,3846
3879,3849
3880,3849
3881,3847
3882,3854
3883,3850
3884,3856
3885,3858
3886,3851
3887,3859
3888,3858
3889,3856
3890,3863
3891,3859
3892,3862
3893,3865
3894,3864
3895,3864
3896,3867
3897,3867
3898,3866
3899,3872
3900,3873
3901,3871
3902,3873
3903,3870
3904,3871
3905,3878
3906,3876
3907,3880
3908,3877
3909,3876
3910,3880
3911,3876
3912,3885
3913,3882
3914,3881
3915,3888
3916,3885
3917,3888
3918,3885
3919,3886
3920,3891
3921,3887
3922,3894
3923,3889
3924,3894
3925,3895
3926,3897
3927,3894
3928,3900
3929,3897
3930,3898
3931,3901
3932,3899
3933,3906
3934,3900
3935,3906
3936,3903
3937,3907
3938,3911
3939,3906
3940,3912
3941,3908
3942,3911
3943,3916
3944,3913
3945,3913
3946,3918
3947,3914
3948,3917
3949,3915
3950,3920
3951,3921
3952,3923
3953,3923
3954,3920
3955,3923
3956,3927
3957,3924
3958,3929
3959,3926
3960,3932
3961,3928
3962,3930
3963,3935
3964,3934
3965,3933
3966,3936
3967,3935
3968,3939
3969,3938
3970,3941
3971,3941
3972,3936
3973,3943
3974,3944
3975,3939
3976,3945
3977,3943
3978,3951
3979,3947
3980,3948
3981,3954
3982,3951
3983,3950
3984,3951
3985,3955
3986,3957
3987,3954
3988,3956
3989,3961
3990,3960
3991,3965
3992,3960
3993,3965
3994,3966
3995,3965
3996,3964
3997,3967
3998,3970
3999,3967
4000,3965
4001,3972
4002,3970
4003,3970
4004,3977
4005,3972
4006,3974
4007,3973
4008,3977
4009,3982
4010,3976
4011,3979
4012,3979
4013,3982
4014,3985
4015,3985
4016,3988
4017,3988
4018,3985
4019,3989
4020,3987
4021,3989
4022,3991
4023,3993
4024,3994
4025,3994
4026,3994
4027,3997
4028,3996
4029,4001
4030,4001
4031,4002
4032,4001
4033,4002
4034,4004
4035,4005
4036,4008
4037,4010
4038,4007
4039,4007
4040,4010
4041,4013
4042,4016
4043,4009
4044,4014
4045,4011
4046,4014
4047,4015
4048,4015
4049,4017
4050,4019
4051,4022
4052,4026
4053,4018
4054,4026
4055,4023
4056,4023
4057,4031
4058,4028
4059,4030
4060,4031
4061,4028
4062,4034
4063,4028
4064,4032
4065,4037
4066,4036
4067,4036
4068,4035
4069,4035
4070,4041
4071,4038
4072,4039
4073,4041
4074,4040
4075,4044
4076,4040
4077,4043
4078,4049
4079,4043
4080,4051
4081,4050
4082,4054
4083,4051
4084,4052
4085,4053
4086,4050
4087,4059
4088,4055
4089,4052
4090,4056
4091,4057
4092,4061
4093,4061
4094,4052
4095,4062
